0.4709558481 	2.795999975e-08 	-3.716693008e-11 	2.345839981e-16 	2.790680134e-08 	-9.027458457e-14 	5.319811965e-11
0.4709558481 	2.795999975e-08 	-3.716693008e-11 	2.345839981e-16 	2.790680134e-08 	-9.027458457e-14 	5.319811965e-11
0.4711314108 	3.138727665e-07 	-1.630409834e-09 	1.029297129e-14 	3.132755404e-07 	-1.015271372e-12 	5.971902505e-10
0.4713069734 	1.749447779e-06 	-2.127719836e-08 	1.343568541e-13 	1.746118423e-06 	-5.668673508e-12 	3.328587023e-09
0.471482536 	5.825555765e-06 	-1.32861875e-07 	8.38962519e-13 	5.814465098e-06 	-1.890926888e-11 	1.108398652e-08
0.4716580986 	1.440117905e-05 	-5.406619099e-07 	3.411698251e-12 	1.437374375e-05 	-4.682094506e-11 	2.740035056e-08
0.4718336613 	2.951986749e-05 	-1.666685538e-06 	1.049609654e-11 	2.946356946e-05 	-9.608931842e-11 	5.616575237e-08
0.4720092239 	5.33248903e-05 	-4.235875524e-06 	2.656534294e-11 	5.322303271e-05 	-1.736289365e-10 	1.014578929e-07
0.4721847865 	8.798370548e-05 	-9.341936139e-06 	5.816500449e-11 	8.78152828e-05 	-2.861387154e-10 	1.67400336e-07
0.4723603491 	0.0001355961036 	-1.847166898e-05 	1.13709143e-10 	0.000135335819 	-4.39481661e-10 	2.579876856e-07
0.4725359118 	0.0001980758722 	-3.346269532e-05 	2.026223282e-10 	0.0001976943631 	-6.37867983e-10 	3.768604023e-07
0.4727114744 	0.0002770054996 	-5.637397669e-05 	3.337460861e-10 	0.0002764698345 	-8.829088859e-10 	5.270283455e-07
0.472887037 	0.0003734743597 	-8.926477058e-05 	5.131952534e-10 	0.0003727488396 	-1.172713968e-09 	7.105628885e-07
0.4730625996 	0.0004879228341 	-0.000133905299 	7.421887626e-10 	0.0004869700789 	-1.501295431e-09 	9.283003167e-07
0.4732381623 	0.0006200241579 	-0.0001914736037 	1.015612548e-09 	0.0006188064025 	-1.858557268e-09 	1.179616992e-06
0.4734137249 	0.0007686370163 	-0.0002623130613 	1.321992089e-09 	0.0007671174838 	-2.231042712e-09 	1.462339133e-06
0.4735892875 	0.0009318512262 	-0.0003458193672 	1.645089349e-09 	0.0009299957035 	-2.60341234e-09 	1.77283029e-06
0.4737648501 	0.001107127433 	-0.0004404911255 	1.966689872e-09 	0.001104907666 	-2.960350197e-09 	2.106261105e-06
0.4739404128 	0.001291509248 	-0.0005441282264 	2.26973623e-09 	0.001288906924 	-3.287458976e-09 	2.457014831e-06
0.4741159754 	0.001481877112 	-0.0006541936639 	2.563779194e-09 	0.001478860758 	-3.573887627e-09 	2.819119632e-06
0.474291538 	0.001675203051 	-0.0007668721375 	2.276668907e-09 	0.001671735385 	-3.824234311e-09 	3.186792278e-06
0.4744671006 	0.001868997863 	-0.0008681809094 	1.899307241e-09 	0.001865108538 	-4.067592992e-09 	3.555415253e-06
0.4746426632 	0.002061871567 	-0.0009577738856 	2.015255981e-09 	0.002057593459 	-4.313098083e-09 	3.922345012e-06
0.4748182259 	0.002252907212 	-0.001046506288 	2.127405245e-09 	0.002248203703 	-4.550562348e-09 	4.285701113e-06
0.4749937885 	0.002441046284 	-0.001133888907 	2.235715667e-09 	0.002435899287 	-4.780397072e-09 	4.643501064e-06
0.4751693511 	0.002625379968 	-0.001219504208 	2.340632116e-09 	0.002619803265 	-5.002332297e-09 	4.99407316e-06
0.4753449137 	0.00280517659 	-0.001303010688 	2.442744286e-09 	0.002799175186 	-5.217791281e-09 	5.336005896e-06
0.4755204764 	0.002979858051 	-0.001384139126 	2.542713878e-09 	0.002973433905 	-5.428300855e-09 	5.668191446e-06
0.475696039 	0.003148988528 	-0.001462687099 	2.64122614e-09 	0.003142144821 	-5.635325553e-09 	5.989801343e-06
0.4758716016 	0.003312262819 	-0.00153851306 	2.738944535e-09 	0.003305004893 	-5.840263312e-09 	6.300257904e-06
0.4760471642 	0.003469499275 	-0.001611532427 	2.836415242e-09 	0.003461831371 	-6.044229519e-09 	6.59921276e-06
0.4762227269 	0.003641173891 	-0.001691252945 	2.946000807e-09 	0.00363303956 	-6.272903256e-09 	6.925583152e-06
0.4764955107 	0.00384484489 	-0.001785827684 	3.068702181e-09 	0.003836135925 	-6.52725306e-09 	7.312741273e-06
0.4767734216 	0.004057781926 	-0.001884702916 	3.180357899e-09 	0.00404845032 	-6.755261132e-09 	7.717471519e-06
0.4770565557 	0.004260015505 	-0.001978610813 	3.269231879e-09 	0.00425006228 	-6.930831825e-09 	8.10179995e-06
0.4773450114 	0.004451148929 	-0.002067380979 	3.338322813e-09 	0.004440570606 	-7.056939684e-09 	8.464961768e-06
0.4776388886 	0.004630967147 	-0.002150943353 	3.391762981e-09 	0.004619760298 	-7.135774844e-09 	8.806547123e-06
0.4779382892 	0.004799412756 	-0.002229325047 	3.435391156e-09 	0.004787573431 	-7.16838401e-09 	9.126445597e-06
0.4782433171 	0.004956554247 	-0.002302645196 	3.477445989e-09 	0.004944076868 	-7.154575716e-09 	9.424784645e-06
0.4785540779 	0.005102557819 	-0.002371110945 	3.529185223e-09 	0.005089434833 	-7.092992977e-09 	9.701877326e-06
0.4788706795 	0.00523766619 	-0.002435014406 	3.605391594e-09 	0.005223888203 	-6.98146551e-09 	9.95818282e-06
0.4791932316 	0.005362187452 	-0.002494262267 	3.663934348e-09 	0.005347744367 	-6.817913344e-09 	1.019428709e-05
0.4795218461 	0.005476500731 	-0.0025475976 	3.606168e-09 	0.005461383793 	-6.60242326e-09 	1.041091542e-05
0.4798566368 	0.005581061074 	-0.002595336821 	3.457300286e-09 	0.005565258937 	-6.337446503e-09 	1.060893032e-05
0.48019772 	0.005676323744 	-0.002638876249 	3.289899803e-09 	0.005659819486 	-6.023173529e-09 	1.078918901e-05
0.4805452138 	0.005762701715 	-0.002678382557 	3.101916443e-09 	0.005745475243 	-5.656044071e-09 	1.095247269e-05
0.4808992388 	0.005840599381 	-0.002714023778 	2.890659453e-09 	0.005822627925 	-5.231011848e-09 	1.109954714e-05
0.4812599177 	0.005910415229 	-0.002745969195 	2.652964938e-09 	0.005891673513 	-4.741932407e-09 	1.123116722e-05
0.4816273755 	0.005972538675 	-0.002774386959 	2.385173159e-09 	0.005952998993 	-4.181521891e-09 	1.134807063e-05
0.4820017397 	0.00602734622 	-0.002799441642 	2.083060814e-09 	0.006006978504 	-3.541219396e-09 	1.145097058e-05
0.48238314 	0.00607519797 	-0.002821292132 	1.741769577e-09 	0.006053969875 	-2.81103654e-09 	1.15405492e-05
0.4827717088 	0.006116434757 	-0.002840089931 	1.355757031e-09 	0.006094311777 	-1.979451153e-09 	1.161745207e-05
0.4831675807 	0.006151375999 	-0.002855977887 	9.187945085e-10 	0.006128321627 	-1.033401838e-09 	1.16822843e-05
0.4835708931 	0.006180318489 	-0.00286908941 	4.24030515e-10 	0.006156294414 	4.157274465e-11 	1.173560821e-05
0.4839817856 	0.006203536258 	-0.002879548241 	-1.358737045e-10 	0.006178502603 	1.261034244e-09 	1.177794319e-05
0.4844004009 	0.006221281641 	-0.002887468799 	-7.68544243e-10 	0.006195197239 	2.641202925e-09 	1.18097678e-05
0.4848268841 	0.006233787566 	-0.00289295713 	-1.48164941e-09 	0.006206610271 	4.198418757e-09 	1.183152421e-05
0.485261383 	0.006241271001 	-0.00289611242 	-2.282633792e-09 	0.00621295804 	5.948562561e-09 	1.184362483e-05
0.4857040484 	0.006243937472 	-0.002897029031 	-3.178455449e-09 	0.006214445808 	7.906501676e-09 	1.184646093e-05
0.4861550336 	0.006241986482 	-0.002895798983 	-4.17534805e-09 	0.006211273139 	1.008561044e-08 	1.184041294e-05
0.4866144951 	0.006235607368 	-0.002892509048 	-5.280360035e-09 	0.006203629842 	1.250052118e-08 	1.182584269e-05
0.4870825921 	0.006224961396 	-0.002887232026 	-6.502770091e-09 	0.006191678313 	1.516975383e-08 	1.180305975e-05
0.487559487 	0.006210181936 	-0.002880028643 	-7.85176798e-09 	0.006175553732 	1.811176297e-08 	1.177232182e-05
0.4880453452 	0.006191382729 	-0.002870951823 	-9.335065402e-09 	0.00615537224 	2.134247569e-08 	1.173385029e-05
0.4885403351 	0.006168654078 	-0.00286004402 	-1.095992179e-08 	0.006131227268 	2.48770117e-08 	1.168782326e-05
0.4890446283 	0.006142062005 	-0.002847336726 	-1.273341296e-08 	0.006103188784 	2.873012754e-08 	1.163437412e-05
0.4895583997 	0.006111648749 	-0.0028328507 	-1.46622957e-08 	0.006071303811 	3.291593842e-08 	1.157359249e-05
0.4900818274 	0.006077433474 	-0.002816596293 	-1.675284665e-08 	0.006035597153 	3.744758384e-08 	1.150552568e-05
0.4906150929 	0.006039413194 	-0.002798573885 	-1.90106792e-08 	0.005996072327 	4.233684686e-08 	1.143018038e-05
0.4911583811 	0.005997563936 	-0.002778774417 	-2.144054141e-08 	0.005952712705 	4.759373371e-08 	1.134752489e-05
0.4917118805 	0.005951842137 	-0.002757180046 	-2.404609802e-08 	0.005905482888 	5.322601813e-08 	1.125749173e-05
0.4922757829 	0.005902186306 	-0.002733764907 	-2.682969998e-08 	0.005854330308 	5.923875542e-08 	1.115998069e-05
0.4928502838 	0.005848518928 	-0.002708495993 	-2.979214506e-08 	0.005799187083 	6.563377118e-08 	1.105486238e-05
0.4934355824 	0.005790748623 	-0.002681334156 	-3.293243336e-08 	0.005739972113 	7.240912979e-08 	1.094198219e-05
0.4940318817 	0.005728772548 	-0.002652235207 	-3.624752154e-08 	0.005676593398 	7.955858725e-08 	1.082116474e-05
0.4946393885 	0.005662478993 	-0.00262115111 	-3.973208009e-08 	0.005608950583 	8.707103342e-08 	1.069221874e-05
0.4952583133 	0.005591750144 	-0.00258803125 	-4.337825828e-08 	0.005536937652 	9.49299299e-08 	1.055494208e-05
0.4958888709 	0.00551646493 	-0.002552823732 	-4.717546267e-08 	0.005460445732 	1.031127536e-07 	1.040912722e-05
0.4965312797 	0.005436501834 	-0.002515476651 	-5.111015679e-08 	0.005379365882 	1.115904635e-07 	1.025456649e-05
0.4971857627 	0.005351741522 	-0.002475939271 	-5.516569215e-08 	0.005293591735 	1.203270195e-07 	1.009105713e-05
0.4978525466 	0.005262069044 	-0.00243416298 	-5.93221824e-08 	0.005203021745 	1.292789944e-07 	9.918405551e-06
0.4985318627 	0.005167375292 	-0.002390101874 	-6.355643126e-08 	0.00510756075 	1.38395327e-07 	9.736430362e-06
0.4992239466 	0.005067557244 	-0.00234371274 	-6.784191538e-08 	0.005007120404 	1.476172461e-07 	9.544963147e-06
0.4999290382 	0.004962516429 	-0.002294954145 	-7.214879892e-08 	0.004901617902 	1.568783207e-07 	9.343846055e-06
0.5006473819 	0.004852154896 	-0.002243784286 	-7.644390916e-08 	0.004790972303 	1.661044378e-07 	9.132924792e-06
0.501379227 	0.004736368128 	-0.002190157249 	-8.069052098e-08 	0.004675097758 	1.75213295e-07 	8.912035703e-06
0.502124827 	0.004615035134 	-0.00213401765 	-8.48476666e-08 	0.00455389339 	1.841127048e-07 	8.68098649e-06
0.5028844406 	0.004488008559 	-0.002075294653 	-8.886846103e-08 	0.004427231497 	1.926958469e-07 	8.439533718e-06
0.5036583311 	0.004355114491 	-0.002013899506 	-9.269650545e-08 	0.004294952423 	2.008278744e-07 	8.187373039e-06
0.5044467669 	0.004216192711 	-0.001949738809 	-9.625859117e-08 	0.004156885135 	2.083302206e-07 	7.924178414e-06
0.5052500214 	0.00407192054 	-0.001883109872 	-9.904232228e-08 	0.004013625708 	2.141610887e-07 	7.651086129e-06
0.506068373 	0.003905129357 	-0.001806068387 	-1.007319471e-07 	0.003847986458 	2.176981644e-07 	7.335331682e-06
0.507324668 	0.003699758292 	-0.001711188026 	-1.016571356e-07 	0.003644019148 	2.195158281e-07 	6.946513299e-06
0.5085949819 	0.003478797439 	-0.001609065587 	-1.016551255e-07 	0.003424691735 	2.191465315e-07 	6.528414291e-06
0.5098794711 	0.003264305792 	-0.001509836574 	-1.002894664e-07 	0.003211972756 	2.15661285e-07 	6.122912794e-06
0.5111782938 	0.003059395525 	-0.001414896144 	-9.738617674e-08 	0.003008938836 	2.08746524e-07 	5.735873712e-06
0.5124916099 	0.002867203235 	-0.00132568843 	-9.290670183e-08 	0.002818687133 	1.984652045e-07 	5.37320109e-06
0.5138195812 	0.002690467857 	-0.001243506353 	-8.705786096e-08 	0.002643848887 	1.855543348e-07 	5.039910799e-06
0.5151623712 	0.002530684203 	-0.001169102683 	-8.038814093e-08 	0.00248584181 	1.71143593e-07 	4.738705394e-06
0.5165201452 	0.002386535891 	-0.001090113421 	-8.96578384e-08 	0.002343911372 	1.570545716e-07 	4.468146532e-06
0.5178930705 	0.002255465276 	-0.001005435106 	-9.517572841e-08 	0.002215451601 	1.449775887e-07 	4.223266504e-06
0.5192813161 	0.00213638723 	-0.0009270128903 	-8.635302199e-08 	0.002098756083 	1.335930624e-07 	4.000812413e-06
0.520685053 	0.002029185353 	-0.0008539034724 	-8.307135163e-08 	0.001993891944 	1.212281753e-07 	3.800912218e-06
0.522104454 	0.001933876499 	-0.0007846969775 	-7.959942356e-08 	0.001901044681 	1.082777212e-07 	3.62391953e-06
0.523539694 	0.001850331774 	-0.0007194452983 	-7.585532779e-08 	0.001820001231 	9.517803588e-08 	3.469428189e-06
0.5249909497 	0.001778165579 	-0.0006581259095 	-7.193972349e-08 	0.001750338124 	8.222246081e-08 	3.336630946e-06
0.5264583998 	0.001716751434 	-0.0006006225793 	-6.797553057e-08 	0.001691427 	6.975810576e-08 	3.224329969e-06
0.527942225 	0.001665268909 	-0.0005467586305 	-6.405914198e-08 	0.001642444358 	5.808225077e-08 	3.13095544e-06
0.5294426081 	0.001622754041 	-0.0004963426486 	-6.021991706e-08 	0.001602428555 	4.740249841e-08 	3.054674198e-06
0.5309597337 	0.001588171254 	-0.0004492134068 	-5.64523015e-08 	0.001570361674 	3.779652931e-08 	2.99354581e-06
0.5324937889 	0.001560509743 	-0.0004053714206 	-5.224654374e-08 	0.001545255211 	2.924730012e-08 	2.945685914e-06
0.5340449624 	0.001538925782 	-0.000365055075 	-4.78679668e-08 	0.001526264274 	2.145943258e-08 	2.909483909e-06
0.5356134452 	0.001522817326 	-0.0003277170006 	-4.492789757e-08 	0.00151278301 	1.42520033e-08 	2.883784873e-06
0.5371994306 	0.001511544851 	-0.0002921660727 	-4.31098524e-08 	0.001504163501 	8.014824354e-09 	2.867353694e-06
0.5388031139 	0.001504258323 	-0.0002580809446 	-4.120913665e-08 	0.001499517153 	2.967318695e-09 	2.858496462e-06
0.5404246925 	0.001500136291 	-0.0002255389017 	-3.935731267e-08 	0.001497999798 	-1.100689469e-09 	2.855603962e-06
0.5420643661 	0.00149852601 	-0.000194370782 	-3.772931467e-08 	0.001498965738 	-4.41071858e-09 	2.857445312e-06
0.5437223366 	0.00149891936 	-0.0001644030032 	-3.629709264e-08 	0.001501912254 	-7.114060985e-09 	2.863062192e-06
0.5453988083 	0.00150091942 	-0.0001354884579 	-3.502975221e-08 	0.001506442254 	-9.331561496e-09 	2.87169763e-06
0.5470939875 	0.001504212701 	-0.0001075034973 	-3.390184966e-08 	0.00151224217 	-1.115916325e-08 	2.882753881e-06
0.5488080831 	0.001508549791 	-8.034402543e-05 	-3.289212248e-08 	0.001519062704 	-1.267116151e-08 	2.895755716e-06
0.5505413061 	0.001513731004 	-5.392233053e-05 	-3.198254958e-08 	0.00152670401 	-1.392554385e-08 	2.910322168e-06
0.5522938699 	0.001519595397 	-2.816450028e-05 	-3.115782519e-08 	0.001535004731 	-1.496803393e-08 	2.92614565e-06
0.5540659904 	0.001526012392 	-3.008288619e-06 	-3.040497271e-08 	0.001543833721 	-1.583491982e-08 	2.942976158e-06
0.5558578859 	0.00153287536 	2.159865296e-05 	-2.971300826e-08 	0.001553083673 	-1.655518582e-08 	2.960609138e-06
0.5576697768 	0.00154009668 	4.57002493e-05 	-2.907263598e-08 	0.001562666215 	-1.715214583e-08 	2.978876127e-06
0.5595018865 	0.001547603901 	6.933323624e-05 	-2.847597599e-08 	0.001572508097 	-1.764468277e-08 	2.997637489e-06
0.5613544406 	0.001555336741 	9.252820022e-05 	-2.791632857e-08 	0.001582548212 	-1.80481897e-08 	3.01677674e-06
0.563227667 	0.001563244736 	0.0001153104578 	-2.738797494e-08 	0.001592735264 	-1.837529006e-08 	3.036196091e-06
0.5651217966 	0.001571285372 	0.0001377008031 	-2.688601219e-08 	0.001603025909 	-1.863639366e-08 	3.055812921e-06
0.5670370626 	0.001579422608 	0.0001597161456 	-2.640621769e-08 	0.00161338329 	-1.884012948e-08 	3.075556967e-06
0.5689737009 	0.00158762569 	0.0001813700559 	-2.594493805e-08 	0.001623775852 	-1.899368507e-08 	3.09536808e-06
0.5709319499 	0.001595868204 	0.0002026732346 	-2.549899807e-08 	0.001634176403 	-1.910307487e-08 	3.115194421e-06
0.5729120508 	0.001604127305 	0.000223633916 	-2.50656257e-08 	0.001644561341 	-1.917335355e-08 	3.134990999e-06
0.5749142474 	0.001612383097 	0.0002442582166 	-2.464238992e-08 	0.001654910037 	-1.92087867e-08 	3.154718488e-06
0.5769387863 	0.001620618128 	0.0002645504365 	-2.422714915e-08 	0.001665204324 	-1.921298811e-08 	3.174342262e-06
0.5789859169 	0.001628816974 	0.0002845133212 	-2.381800825e-08 	0.001675428089 	-1.91890307e-08 	3.193831599e-06
0.5810558911 	0.001636965904 	0.0003041482887 	-2.341328266e-08 	0.001685566924 	-1.91395366e-08 	3.213159035e-06
0.583148964 	0.001645052597 	0.0003234556279 	-2.301146851e-08 	0.00169560785 	-1.906675069e-08 	3.232299831e-06
0.5852653933 	0.001653065919 	0.0003424346716 	-2.261121783e-08 	0.001705539084 	-1.897260089e-08 	3.251231525e-06
0.5874054395 	0.001660995732 	0.0003610839489 	-2.221131792e-08 	0.00171534985 	-1.885874784e-08 	3.269933571e-06
0.5895693664 	0.00166883274 	0.0003794013185 	-2.181067439e-08 	0.001725030214 	-1.872662608e-08 	3.288387035e-06
0.5917574402 	0.001676568361 	0.0003973840873 	-2.140829734e-08 	0.00173457096 	-1.857747843e-08 	3.306574348e-06
0.5939699306 	0.001684194624 	0.0004150291151 	-2.100329008e-08 	0.001743963476 	-1.841238469e-08 	3.324479095e-06
0.5962071099 	0.00169170408 	0.0004323329085 	-2.059484012e-08 	0.00175319967 	-1.823228598e-08 	3.342085849e-06
0.5984692536 	0.00169908974 	0.0004492917052 	-2.018221209e-08 	0.001762271896 	-1.80380053e-08 	3.359380032e-06
0.6007566404 	0.001706345012 	0.0004659015504 	-1.976474228e-08 	0.001771172892 	-1.783026517e-08 	3.376347804e-06
0.6030695519 	0.001713463662 	0.000482158366 	-1.934183458e-08 	0.001779895738 	-1.76097028e-08 	3.392975974e-06
0.6054082729 	0.001720439779 	0.0004980580144 	-1.891295749e-08 	0.001788433819 	-1.737688315e-08 	3.409251928e-06
0.6077730914 	0.001727267747 	0.000513596358 	-1.847764224e-08 	0.001796780793 	-1.713231044e-08 	3.425163581e-06
0.6101642987 	0.001733942232 	0.000528769314 	-1.803548162e-08 	0.00180493058 	-1.687643814e-08 	3.44069934e-06
0.6125821893 	0.001740458165 	0.0005435729065 	-1.758612946e-08 	0.00181287734 	-1.660967783e-08 	3.455848074e-06
0.6150270608 	0.001746810739 	0.0005580033157 	-1.712930069e-08 	0.001820615475 	-1.633240699e-08 	3.47059911e-06
0.6174992144 	0.00175299541 	0.000572056925 	-1.666477171e-08 	0.001828139624 	-1.604497597e-08 	3.484942229e-06
0.6199989545 	0.001759007893 	0.0005857303664 	-1.619238103e-08 	0.001835444668 	-1.574771411e-08 	3.498867673e-06
0.622526589 	0.001764844177 	0.0005990205635 	-1.571203014e-08 	0.001842525739 	-1.544093519e-08 	3.512366162e-06
0.625082429 	0.001770500532 	0.0006119247749 	-1.522368434e-08 	0.001849378234 	-1.512494221e-08 	3.525428922e-06
0.6276667894 	0.001775973524 	0.0006244406344 	-1.472737357e-08 	0.001855997832 	-1.480003151e-08 	3.538047715e-06
0.6302799884 	0.001781260029 	0.0006365661917 	-1.422319316e-08 	0.001862380511 	-1.446649637e-08 	3.550214876e-06
0.6329223478 	0.001786357254 	0.0006482999517 	-1.371130432e-08 	0.001868522578 	-1.412462996e-08 	3.561923363e-06
0.6355941931 	0.001791262762 	0.000659640912 	-1.319193441e-08 	0.001874420689 	-1.377472772e-08 	3.573166801e-06
0.6382958531 	0.001795974487 	0.0006705886007 	-1.266537686e-08 	0.00188007188 	-1.341708911e-08 	3.583939542e-06
0.6410276607 	0.001800490769 	0.0006811431119 	-1.21319908e-08 	0.001885473601 	-1.305201889e-08 	3.594236724e-06
0.6437899523 	0.001804810376 	0.0006913051406 	-1.159220017e-08 	0.001890623748 	-1.26798276e-08 	3.604054336e-06
0.646583068 	0.001808932534 	0.000701076016 	-1.104649255e-08 	0.001895520699 	-1.230083162e-08 	3.613389286e-06
0.6494073518 	0.00181285696 	0.0007104577333 	-1.049541746e-08 	0.001900163352 	-1.191535243e-08 	3.622239472e-06
0.6522631514 	0.001816583893 	0.0007194529838 	-9.939584305e-09 	0.001904551164 	-1.152371539e-08 	3.630603862e-06
0.6551508186 	0.001820114128 	0.0007280651827 	-9.379659881e-09 	0.001908684196 	-1.112624784e-08 	3.638482569e-06
0.658070709 	0.001823449053 	0.0007362984949 	-8.816365519e-09 	0.001912563151 	-1.07232765e-08 	3.645876936e-06
0.6610231822 	0.001826590685 	0.000744157859 	-8.250473899e-09 	0.001916189424 	-1.031512441e-08 	3.65278962e-06
0.6640086017 	0.001829541712 	0.0007516490073 	-7.682805573e-09 	0.001919565144 	-9.902107194e-09 	3.659224681e-06
0.6670273351 	0.001832305531 	0.0007587784841 	-7.114225276e-09 	0.001922693226 	-9.484528772e-09 	3.665187674e-06
0.6700797543 	0.00183488629 	0.00076555366 	-6.545638073e-09 	0.001925577417 	-9.062676584e-09 	3.670685744e-06
0.6731662352 	0.001837288939 	0.0007719827433 	-5.977985424e-09 	0.001928222352 	-8.63681632e-09 	3.675727724e-06
0.6762871577 	0.00183951927 	0.0007780747873 	-5.412241212e-09 	0.001930633602 	-8.207186243e-09 	3.680324237e-06
0.6794429063 	0.001841583971 	0.0007838396936 	-4.849407826e-09 	0.001932817736 	-7.773991154e-09 	3.684487803e-06
0.6826338695 	0.001843490681 	0.0007892882115 	-4.290512341e-09 	0.001934782375 	-7.337396063e-09 	3.688232952e-06
0.6858604404 	0.00184524804 	0.0007944319323 	-3.736602821e-09 	0.001936536257 	-6.897519663e-09 	3.691576339e-06
0.6891230163 	0.001846865756 	0.0007992832791 	-3.188744813e-09 	0.001938089301 	-6.454427672e-09 	3.694536871e-06
0.6924219988 	0.001848354667 	0.0008038554916 	-2.648017989e-09 	0.001939452673 	-6.008126136e-09 	3.697135837e-06
0.6957577944 	0.00184972681 	0.0008081626049 	-2.115512984e-09 	0.001940638867 	-5.558554784e-09 	3.699397053e-06
0.6991308138 	0.001850995502 	0.000812219423 	-1.592328333e-09 	0.00194166178 	-5.105580538e-09 	3.70134701e-06
0.7025414724 	0.00185217542 	0.0008160414865 	-1.079567471e-09 	0.001942536801 	-4.648991267e-09 	3.703015042e-06
0.7059901901 	0.001853282696 	0.0008196450331 	-5.783357448e-10 	0.001943280903 	-4.188489894e-09 	3.704433508e-06
0.7094773917 	0.001854335017 	0.0008230469525 	-8.973726321e-11 	0.001943912751 	-3.723688943e-09 	3.705637986e-06
0.7130035066 	0.001855351741 	0.0008262647333 	3.851285009e-10 	0.001944452814 	-3.254105551e-09 	3.706667496e-06
0.7165689691 	0.001856354023 	0.0008293164048 	8.451705511e-10 	0.001944923495 	-2.779156979e-09 	3.707564745e-06
0.7201742182 	0.001857364962 	0.0008322204715 	1.289310995e-09 	0.001945349255 	-2.298157959e-09 	3.708376362e-06
0.7238196978 	0.001858409772 	0.0008349958388 	1.716490408e-09 	0.001945756765 	-1.810321366e-09 	3.70915319e-06
0.727505857 	0.001859515912 	0.000837661788 	2.125676288e-09 	0.001946175176 	-1.314751357e-09 	3.709950798e-06
0.7312331497 	0.001860713309 	0.0008402405643 	2.516035661e-09 	0.001946636289 	-8.104246349e-10 	3.710829806e-06
0.7350020349 	0.001862030778 	0.000842765881 	2.887044056e-09 	0.001947172834 	-2.975931168e-10 	3.71185261e-06
0.7387709215 	0.001863487639 	0.0008452850187 	3.238297736e-09 	0.001947813061 	2.203405182e-10 	3.71307306e-06
0.7424982157 	0.001865096373 	0.0008478432413 	3.569963344e-09 	0.001948579 	7.39650158e-10 	3.714533153e-06
0.7461843763 	0.001866872556 	0.0008504674759 	3.882724556e-09 	0.001949491254 	1.259432623e-09 	3.716272163e-06
0.7498298574 	0.001868833778 	0.0008531696599 	4.1770854e-09 	0.001950570244 	1.780070433e-09 	3.718329018e-06
0.7534351078 	0.001870996362 	0.0008559572633 	4.453423814e-09 	0.001951834796 	2.301861091e-09 	3.720739606e-06
0.7570005716 	0.001873375439 	0.0008588360281 	4.712153666e-09 	0.001953302224 	2.82503763e-09 	3.723536931e-06
0.7605266877 	0.001875984969 	0.0008618101477 	4.953723516e-09 	0.001954988515 	3.349778104e-09 	3.72675147e-06
0.7640138905 	0.001878837829 	0.0008648823885 	5.178611964e-09 	0.001956908394 	3.876208301e-09 	3.730411294e-06
0.7674626093 	0.001881945879 	0.0008680542114 	5.387322332e-09 	0.001959075387 	4.404406856e-09 	3.734542185e-06
0.770873269 	0.001885320035 	0.0008713258885 	5.58037733e-09 	0.001961501894 	4.934410994e-09 	3.739167781e-06
0.7742462894 	0.001888970328 	0.0008746966133 	5.758315518e-09 	0.001964199263 	5.466221059e-09 	3.744309717e-06
0.777582086 	0.001892905972 	0.0008781646069 	5.921692192e-09 	0.001967177868 	5.999803092e-09 	3.749987766e-06
0.7808810695 	0.001897135421 	0.000881727219 	6.071088148e-09 	0.001970447177 	6.535089065e-09 	3.756219976e-06
0.7841436462 	0.001901666435 	0.0008853810238 	6.207130186e-09 	0.001974015821 	7.071975163e-09 	3.763022805e-06
0.787370218 	0.001906506144 	0.0008891219114 	6.330526407e-09 	0.001977891675 	7.610319977e-09 	3.770411258e-06
0.7905611821 	0.001911661113 	0.0008929451764 	6.442116471e-09 	0.001982081915 	8.149946423e-09 	3.778399022e-06
0.7937169314 	0.001917137412 	0.0008968456055 	6.542930242e-09 	0.001986593101 	8.690654071e-09 	3.786998596e-06
0.7968378547 	0.001922940691 	0.0009008175654 	6.634236433e-09 	0.001991431235 	9.232259848e-09 	3.796221423e-06
0.7999243362 	0.001929076254 	0.0009048550926 	6.717550706e-09 	0.001996601841 	9.774702458e-09 	3.806078036e-06
0.8029767561 	0.001935549119 	0.0009089519916 	6.79456792e-09 	0.002002110075 	1.031817336e-08 	3.816578261e-06
0.8059954902 	0.001942364133 	0.0009131019599 	6.866927819e-09 	0.002007960736 	1.086299568e-08 	3.827731246e-06
0.8089809102 	0.001949526282 	0.0009172986952 	6.93548302e-09 	0.002014157883 	1.14096617e-08 	3.839544731e-06
0.8119333839 	0.001957040582 	0.0009215356617 	6.999001261e-09 	0.002020705279 	1.196306617e-08 	3.852025887e-06
0.8148532749 	0.001964908745 	0.0009258064369 	7.057181467e-09 	0.002027613206 	1.253928383e-08 	3.865194316e-06
0.8177409426 	0.001973135525 	0.0009301149094 	7.164683111e-09 	0.002034886137 	1.310204849e-08 	3.879058544e-06
0.8205967427 	0.001981740696 	0.0009348225709 	7.660135072e-09 	0.002042503244 	1.359650515e-08 	3.893578867e-06
0.8234210268 	0.001990819143 	0.0009395120165 	7.443199205e-09 	0.002050400129 	1.40268484e-08 	3.908632525e-06
0.8262141429 	0.002000472824 	0.0009437964759 	6.955896192e-09 	0.002058538095 	1.448823025e-08 	3.924145751e-06
0.8289764348 	0.002010707574 	0.0009481740826 	7.250171432e-09 	0.00206695623 	1.504473777e-08 	3.940193055e-06
0.8317082427 	0.002021487547 	0.0009527618489 	7.550645712e-09 	0.002075730176 	1.566238109e-08 	3.956918634e-06
0.8344099031 	0.002032781384 	0.0009575663978 	7.855451637e-09 	0.002084932099 	1.631001368e-08 	3.974460057e-06
0.8370817486 	0.002044570711 	0.0009625926807 	8.163466791e-09 	0.002094605086 	1.697318093e-08 	3.992899458e-06
0.8397241082 	0.002056841078 	0.0009678434596 	8.473965084e-09 	0.002104775927 	1.765362141e-08 	4.012287909e-06
0.8423373074 	0.002069578005 	0.0009733191246 	8.786726368e-09 	0.002115460778 	1.834682057e-08 	4.032656205e-06
0.844921668 	0.002082766958 	0.0009790178369 	9.101753347e-09 	0.002126665709 	1.904574196e-08 	4.054015917e-06
0.8474775082 	0.002096394031 	0.0009849358709 	9.419148425e-09 	0.002138387593 	1.974582113e-08 	4.076361087e-06
0.8500051427 	0.002110446602 	0.0009910681067 	9.739125077e-09 	0.002150615808 	2.044606099e-08 	4.099671462e-06
0.8525048829 	0.002124913746 	0.0009974086131 	1.006202391e-08 	0.002163334523 	2.114793157e-08 	4.123916869e-06
0.8549770366 	0.002139786375 	0.001003951245 	1.038828367e-08 	0.002176525275 	2.185385994e-08 	4.149062107e-06
0.8574219081 	0.002155057209 	0.001010690181 	1.071838375e-08 	0.002190169389 	2.256619921e-08 	4.175071581e-06
0.8598397987 	0.002170720669 	0.001017620337 	1.105279315e-08 	0.002204249906 	2.328683108e-08 	4.201912961e-06
0.862231006 	0.002186772745 	0.001024737632 	1.139194823e-08 	0.002218752829 	2.401718056e-08 	4.229559563e-06
0.8645958245 	0.002203210847 	0.001032039098 	1.173626174e-08 	0.002233667687 	2.475838058e-08 	4.257991428e-06
0.8669345455 	0.002220033638 	0.00103952285 	1.208615301e-08 	0.002248987539 	2.551143746e-08 	4.287195323e-06
0.8692474569 	0.002237240854 	0.001047187975 	1.244208602e-08 	0.002264708589 	2.62773585e-08 	4.317164013e-06
0.8715348435 	0.002254833143 	0.00105503436 	1.280460524e-08 	0.002280829593 	2.705725168e-08 	4.347895129e-06
0.8737969871 	0.002272811927 	0.001063062523 	1.317436317e-08 	0.00229735122 	2.785240946e-08 	4.379389941e-06
0.8760341663 	0.002291179312 	0.001071273456 	1.355213754e-08 	0.002314275474 	2.866437518e-08 	4.411652273e-06
0.8782466565 	0.002309938058 	0.001079668525 	1.393883837e-08 	0.002331605271 	2.949498396e-08 	4.444687683e-06
0.8804347301 	0.002329091597 	0.001088249407 	1.433550642e-08 	0.002349344186 	3.034637335e-08 	4.478502986e-06
0.8825986568 	0.002348644105 	0.001097018091 	1.474330571e-08 	0.002367496374 	3.122096731e-08 	4.5131061e-06
0.8847387028 	0.00236860062 	0.001105976918 	1.516351291e-08 	0.002386066629 	3.2121444e-08 	4.548506168e-06
0.8868551318 	0.002388967192 	0.001115128646 	1.559750617e-08 	0.002405060553 	3.305069937e-08 	4.584713865e-06
0.8889482045 	0.002409751066 	0.00112447655 	1.604675562e-08 	0.002424484773 	3.401181617e-08 	4.621741829e-06
0.8910181784 	0.002430960875 	0.00113402452 	1.651281662e-08 	0.002444347195 	3.500804347e-08 	4.659605125e-06
0.8930653087 	0.002452606854 	0.001143777169 	1.699732621e-08 	0.002464657244 	3.604278719e-08 	4.698321723e-06
0.8950898473 	0.00247470105 	0.001153739936 	1.750200236e-08 	0.002485426099 	3.711960961e-08 	4.737912934e-06
0.8970920436 	0.002497257552 	0.001163919189 	1.802864531e-08 	0.002506666909 	3.824223447e-08 	4.778403821e-06
0.8990721441 	0.002520292718 	0.001174322326 	1.857914015e-08 	0.002528394994 	3.941455464e-08 	4.819823589e-06
0.9010303927 	0.002543825413 	0.00118495788 	1.915545991e-08 	0.002550628042 	4.064064035e-08 	4.862205959e-06
0.9029670306 	0.002567877269 	0.001195835617 	1.975966847e-08 	0.002573386316 	4.192474671e-08 	4.905589553e-06
0.9048822962 	0.00259247296 	0.001206966662 	2.039392293e-08 	0.002596692864 	4.327132054e-08 	4.950018312e-06
0.9067764254 	0.002617640497 	0.001218363613 	2.106047515e-08 	0.002620573771 	4.468500667e-08 	4.995541958e-06
0.9086496514 	0.002643411557 	0.001230040689 	2.176167181e-08 	0.002645058424 	4.61706541e-08 	5.042216512e-06
0.910502205 	0.002669821832 	0.001242013875 	2.249995262e-08 	0.002670179828 	4.773332169e-08 	5.090104891e-06
0.9123343142 	0.002696911402 	0.001254301098 	2.32778455e-08 	0.002695974952 	4.937828225e-08 	5.139277567e-06
0.9141462048 	0.00272472513 	0.001266922399 	2.409795757e-08 	0.002722485123 	5.111102247e-08 	5.189813319e-06
0.9159380997 	0.002753313064 	0.001279900135 	2.496295969e-08 	0.002749756452 	5.293723451e-08 	5.241800053e-06
0.9177102197 	0.002782730834 	0.001293259176 	2.587556242e-08 	0.002777840309 	5.486279301e-08 	5.295335689e-06
0.9194627831 	0.002813040033 	0.001307027105 	2.683848014e-08 	0.002806793804 	5.689370944e-08 	5.350529099e-06
0.9211960055 	0.002844308557 	0.001321234422 	2.785437985e-08 	0.002836680301 	5.903605346e-08 	5.407501068e-06
0.9229101006 	0.002876610882 	0.001335914716 	2.892581064e-08 	0.002867569901 	6.129582949e-08 	5.466385231e-06
0.9246052793 	0.002910028247 	0.001351104821 	3.005510948e-08 	0.002899539896 	6.36787951e-08 	5.527328926e-06
0.9262817504 	0.002944648712 	0.001366844909 	3.124427906e-08 	0.002932675131 	6.619020774e-08 	5.590493894e-06
0.9279397204 	0.002980567053 	0.001383178528 	3.249483351e-08 	0.00296706823 	6.883448717e-08 	5.656056701e-06
0.9295793934 	0.003017884443 	0.001400152535 	3.380760888e-08 	0.00300281962 	7.161478383e-08 	5.724208787e-06
0.9312009714 	0.003056707882 	0.001417816903 	3.518253674e-08 	0.003040037273 	7.453244842e-08 	5.795155976e-06
0.9328046541 	0.003097149302 	0.001436224383 	3.661838164e-08 	0.003078836084 	7.758640547e-08 	5.869117294e-06
0.9343906389 	0.003139324313 	0.001455429955 	3.811244684e-08 	0.003119336803 	8.077244393e-08 	5.946322921e-06
0.9359591211 	0.003183350496 	0.001475490072 	3.96602572e-08 	0.003161664422 	8.408245012e-08 	6.027011127e-06
0.937510294 	0.00322934522 	0.001496461628 	4.125523383e-08 	0.003205945947 	8.750362246e-08 	6.111424021e-06
0.9390443485 	0.003277422895 	0.001518400652 	4.288838089e-08 	0.0032523075 	9.101772092e-08 	6.199802027e-06
0.9405614735 	0.00332769166 	0.001541360694 	4.454801139e-08 	0.003300870721 	9.460041693e-08 	6.292377024e-06
0.942061856 	0.003380249475 	0.001565390925 	4.621954305e-08 	0.003351748483 	9.822081731e-08 	6.389364179e-06
0.9435456805 	0.003435179658 	0.001590533948 	4.788539814e-08 	0.003405039978 	1.018412381e-07 	6.490952581e-06
0.9450131299 	0.003492545943 	0.001616823381 	4.952503988e-08 	0.003460825299 	1.05417298e-07 	6.597294907e-06
0.946464385 	0.003552387177 	0.00164428128 	5.111517243e-08 	0.003519159658 	1.088983851e-07 	6.708496409e-06
0.9478996243 	0.003614711814 	0.001672915466 	5.263012129e-08 	0.003580067465 	1.122285268e-07 	6.824603617e-06
0.9493190246 	0.00367949242 	0.001702716886 	5.404239627e-08 	0.003643536467 	1.153476591e-07 	6.945593174e-06
0.9507227608 	0.003746660378 	0.001733657078 	5.53234225e-08 	0.003709512182 	1.181932547e-07 	7.071361224e-06
0.9521110058 	0.003816100978 	0.001765685842 	5.644440698e-08 	0.003777892798 	1.207022362e-07 	7.201713683e-06
0.9534839303 	0.003887649021 	0.001798729156 	5.73772937e-08 	0.003848524638 	1.228130657e-07 	7.336357602e-06
0.9548417036 	0.003961084954 	0.001832687352 	5.809575026e-08 	0.00392119818 	1.244678887e-07 	7.474893573e-06
0.9561844929 	0.004036131434 	0.001867433478 	5.857612798e-08 	0.003995644442 	1.256146091e-07 	7.616808838e-06
0.9575124634 	0.004112450099 	0.001902811703 	5.879834841e-08 	0.004071531377 	1.262087966e-07 	7.761470427e-06
0.9588257788 	0.00418963817 	0.001938635558 	5.874669767e-08 	0.004148459772 	1.262153871e-07 	7.90811733e-06
0.9601246008 	0.004267224783 	0.001974685822 	5.841056626e-08 	0.004225957854 	1.256102534e-07 	8.055850214e-06
0.9614090893 	0.004344668087 	0.00201070806 	5.778527395e-08 	0.004303473246 	1.243820842e-07 	8.203616096e-06
0.9626794024 	0.004421355751 	0.002046410728 	5.687329245e-08 	0.004380363942 	1.225354153e-07 	8.350191132e-06
0.9639356968 	0.00449027277 	0.002078513583 	5.579792456e-08 	0.004449535723 	1.20326178e-07 	8.482051773e-06
0.9647540487 	0.004544527191 	0.002103790309 	5.476690441e-08 	0.004504008788 	1.181911022e-07 	8.585892575e-06
0.9655573034 	0.004590257481 	0.00212509982 	5.376003034e-08 	0.004549942474 	1.160945476e-07 	8.673454947e-06
0.9663457395 	0.004633638515 	0.002145331538 	5.267876767e-08 	0.004593586267 	1.138327968e-07 	8.756652146e-06
0.9671196303 	0.004674760425 	0.002164535146 	5.153427878e-08 	0.004635065041 	1.114292629e-07 	8.835722217e-06
0.9678792442 	0.004713747169 	0.002182770342 	5.033688284e-08 	0.004674512401 	1.089057615e-07 	8.910919851e-06
0.9686248445 	0.004750720452 	0.002200092765 	4.909638107e-08 	0.004712045924 	1.062833518e-07 	8.982469176e-06
0.9693566897 	0.004785785578 	0.002216549292 	4.782215786e-08 	0.004747761943 	1.03582386e-07 	9.050553836e-06
0.9700750337 	0.004819028385 	0.002232177366 	4.652318007e-08 	0.004781735785 	1.008223616e-07 	9.115317422e-06
0.9707801255 	0.004850516406 	0.002247005841 	4.520795646e-08 	0.004814024159 	9.802179524e-08 	9.176868036e-06
0.9714722095 	0.004880301227 	0.002261056229 	4.388448698e-08 	0.004844668118 	9.519810729e-08 	9.235283939e-06
0.9721515258 	0.004908420886 	0.002274343872 	4.256021615e-08 	0.004873695724 	9.236752269e-08 	9.290618624e-06
0.9728183099 	0.004934901875 	0.002286878897 	4.12419965e-08 	0.004901124125 	8.954499542e-08 	9.342904779e-06
0.9734727929 	0.004959760628 	0.002298666908 	3.993606393e-08 	0.004926961046 	8.674416011e-08 	9.392157131e-06
0.9741152019 	0.004983004528 	0.002309709445 	3.864802506e-08 	0.004951205763 	8.397730904e-08 	9.4383743e-06
0.9747457596 	0.005004632486 	0.002320004252 	3.738285559e-08 	0.004973849665 	8.125539191e-08 	9.481539872e-06
0.9753646845 	0.005024635208 	0.002329545396 	3.614490844e-08 	0.004994876495 	7.858803563e-08 	9.521622854e-06
0.9759721914 	0.005042995203 	0.002338323268 	3.493793046e-08 	0.005014262349 	7.59835812e-08 	9.558577679e-06
0.9765684907 	0.005059686614 	0.002346324506 	3.376508627e-08 	0.005031975504 	7.344913508e-08 	9.592343875e-06
0.9771537895 	0.005074674931 	0.002353531864 	3.262898819e-08 	0.005047976132 	7.099063257e-08 	9.62284552e-06
0.9777282904 	0.005087916623 	0.002359924038 	3.153173098e-08 	0.005062215931 	6.861291085e-08 	9.649990535e-06
0.9782921928 	0.005099358719 	0.00236547548 	3.047493049e-08 	0.005074637716 	6.631978976e-08 	9.67366991e-06
0.9788456922 	0.005108938383 	0.002370156198 	2.945976509e-08 	0.005085174984 	6.411415811e-08 	9.69375687e-06
0.9793889805 	0.005116582476 	0.002373931556 	2.848701899e-08 	0.005093751477 	6.199806392e-08 	9.71010605e-06
0.979922246 	0.005122207146 	0.002376762086 	2.755712647e-08 	0.005100280759 	5.997280657e-08 	9.722552676e-06
0.9804456737 	0.005125717425 	0.002378603299 	2.667021603e-08 	0.005104665804 	5.803902903e-08 	9.73091179e-06
0.9809594451 	0.005127006874 	0.002379405523 	2.582615335e-08 	0.00510679861 	5.6196809e-08 	9.734977512e-06
0.9814637383 	0.005125957244 	0.002379113747 	2.502458189e-08 	0.005106559833 	5.444574507e-08 	9.734522338e-06
0.9819587281 	0.00512243713 	0.002377667042 	2.426497919e-08 	0.005103817408 	5.278515367e-08 	9.729294512e-06
0.9824445862 	0.005116299292 	0.002374997395 	2.354648836e-08 	0.005098423866 	5.121372402e-08 	9.719012922e-06
0.9829214811 	0.005107383809 	0.00237103109 	2.286751412e-08 	0.005090219421 	4.972850214e-08 	9.70337297e-06
0.9833895781 	0.005095525856 	0.002365692203 	2.222612894e-08 	0.005079039624 	4.832573566e-08 	9.682061169e-06
0.9838490396 	0.005080556045 	0.002358902822 	2.162033196e-08 	0.005064715682 	4.700150393e-08 	9.654755754e-06
0.9843000247 	0.005062296722 	0.002350581412 	2.104776348e-08 	0.005047070775 	4.575112033e-08 	9.621119658e-06
0.98474269 	0.005040560434 	0.002340642139 	2.050581893e-08 	0.005025918495 	4.456937992e-08 	9.580797533e-06
0.9851771888 	0.005015148909 	0.002328994441 	1.999174756e-08 	0.005001061794 	4.345077452e-08 	9.533413753e-06
0.9856036719 	0.004985852528 	0.002315542831 	1.950273112e-08 	0.004972292433 	4.238966806e-08 	9.478571355e-06
0.9860222871 	0.004952450233 	0.002300186936 	1.903593954e-08 	0.004939390869 	4.138042294e-08 	9.415851829e-06
0.9864331796 	0.004914709844 	0.002282821724 	1.858856316e-08 	0.004902126547 	4.041747629e-08 	9.344815675e-06
0.9868364919 	0.00487238872 	0.002263337926 	1.815782406e-08 	0.004860258539 	3.949537134e-08 	9.265003614e-06
0.9872323637 	0.004825234728 	0.002241622628 	1.774097109e-08 	0.004813536495 	3.860875433e-08 	9.175938412e-06
0.9876209323 	0.004772987515 	0.002217560037 	1.733526425e-08 	0.004761701896 	3.775234952e-08 	9.07712726e-06
0.9880023326 	0.004715380084 	0.002191032449 	1.693795411e-08 	0.004704489619 	3.692092508e-08 	8.968064759e-06
0.9883766967 	0.004652140712 	0.002161921428 	1.654626146e-08 	0.004641629839 	3.610926223e-08 	8.848236548e-06
0.9887441544 	0.004582995172 	0.00213010923 	1.615736677e-08 	0.004572850247 	3.531214961e-08 	8.717123529e-06
0.9891048331 	0.004507668881 	0.002095480305 	1.576844428e-08 	0.004497878201 	3.452447738e-08 	8.574205971e-06
0.9894588579 	0.004425886907 	0.002057922021 	1.537689822e-08 	0.004416440904 	3.37417566e-08 	8.41896385e-06
0.9898063516 	0.0043373622 	0.002016846008 	1.508429571e-08 	0.004328254002 	3.296272767e-08 	8.250855103e-06
0.9901474347 	0.004241804899 	0.001971884606 	1.483612058e-08 	0.004233030007 	3.218520413e-08 	8.069331703e-06
0.9904822253 	0.004138958187 	0.001923491801 	1.451968373e-08 	0.004130513366 	3.140293016e-08 	7.873906492e-06
0.9908108397 	0.004028609959 	0.00187186349 	1.41811398e-08 	0.004020492976 	3.060932418e-08 	7.66417705e-06
0.9911333916 	0.003910589245 	0.001816835081 	1.382296125e-08 	0.003902799137 	2.979797958e-08 	7.439819882e-06
0.9914499931 	0.00378477112 	0.00175828559 	1.344633094e-08 	0.003777308289 	2.896263619e-08 	7.200599448e-06
0.9917607538 	0.00365108764 	0.001696139868 	1.30513027e-08 	0.003643953765 	2.809723167e-08 	6.946388661e-06
0.9920657815 	0.003509542385 	0.001630371624 	1.263704248e-08 	0.003502740276 	2.719595926e-08 	6.677196503e-06
0.9923651819 	0.003360227657 	0.001561007346 	1.220211764e-08 	0.003353761092 	2.625334649e-08 	6.393200771e-06
0.992659059 	0.003203343787 	0.001488131441 	1.174479818e-08 	0.003197217238 	2.526437353e-08 	6.094784677e-06
0.9929475145 	0.003039220017 	0.001411892782 	1.126333942e-08 	0.003033437993 	2.422463902e-08 	5.782575915e-06
0.9932306485 	0.002868335239 	0.001332512223 	1.075622395e-08 	0.002862901951 	2.313057192e-08 	5.457486822e-06
0.9935085592 	0.002691330995 	0.001250287697 	1.02223146e-08 	0.002686252543 	2.197960426e-08 	5.120743953e-06
0.9937813429 	0.002524717165 	0.001172889 	9.709790191e-09 	0.002519969507 	2.087541362e-08 	4.803762269e-06
0.9939569055 	0.002386225871 	0.001108553358 	9.275457047e-09 	0.002381748606 	1.994008739e-08 	4.540274815e-06
0.9941324681 	0.002260847905 	0.001050308532 	8.875334415e-09 	0.00225661057 	1.907870855e-08 	4.301726939e-06
0.9943080307 	0.002132143823 	0.0009905181255 	8.45728382e-09 	0.002128150971 	1.817899341e-08 	4.05684724e-06
0.9944835934 	0.002000419682 	0.0009293246288 	8.021356721e-09 	0.001996677165 	1.724106661e-08 	3.806221624e-06
0.994659156 	0.001866067636 	0.0008669109052 	7.567967335e-09 	0.001862584879 	1.626585515e-08 	3.550604459e-06
0.9948347186 	0.001729570047 	0.0008035002496 	7.097914354e-09 	0.001726350363 	1.525494445e-08 	3.290903607e-06
0.9950102812 	0.001591498867 	0.0007393553435 	6.612377551e-09 	0.001588524907 	1.42106992e-08 	3.02816998e-06
0.9951858439 	0.001452421362 	0.0006713428384 	6.062711233e-09 	0.001449690079 	1.313518517e-08 	2.76351221e-06
0.9953614065 	0.001312919355 	0.0005943131174 	5.444918312e-09 	0.001310457701 	1.203039183e-08 	2.4980966e-06
0.9955369691 	0.001174003649 	0.0005129878287 	4.810462654e-09 	0.001171814595 	1.09013732e-08 	2.233804307e-06
0.9957125317 	0.001037221457 	0.0004344613999 	4.169308219e-09 	0.001035284026 	9.758366418e-09 	1.973539095e-06
0.9958880943 	0.0009043292171 	0.0003600175061 	3.533150876e-09 	0.0009026343996 	8.616076239e-09 	1.72067204e-06
0.996063657 	0.0007771202555 	0.000291167093 	2.918538837e-09 	0.0007756618357 	7.491960434e-09 	1.478627043e-06
0.9962392196 	0.0006573169274 	0.0002292242745 	2.342688989e-09 	0.0006560817352 	6.405202604e-09 	1.250674136e-06
0.9964147822 	0.0005464519847 	0.0001751690471 	1.821441912e-09 	0.0005454235375 	5.375245168e-09 	1.039728855e-06
0.9965903448 	0.0004457650335 	0.0001295419426 	1.367184105e-09 	0.000444924692 	4.42003759e-09 	8.481501234e-07
0.9967659075 	0.000356123882 	9.239429939e-05 	9.872338092e-10 	0.0003554514205 	3.554411767e-09 	6.775892001e-07
0.9969414701 	0.000277982405 	6.330666595e-05 	6.831099842e-10 	0.000277456683 	2.788868669e-09 	5.289095529e-07
0.9971170327 	0.0002113788334 	4.147086445e-05 	4.508409745e-10 	0.0002109785225 	2.128964343e-09 	4.021837024e-07
0.9972925953 	0.0001559701036 	2.58158761e-05 	2.821543757e-10 	0.0001556743826 	1.575329766e-09 	2.967586407e-07
0.997468158 	0.0001110919533 	1.514965109e-05 	1.661643547e-10 	0.0001108811223 	1.124211996e-09 	2.11370237e-07
0.9976437206 	7.583210409e-05 	8.290019906e-06 	9.111475547e-11 	7.568808158e-05 	7.683381015e-10 	1.442825199e-07
0.9978192832 	4.91049586e-05 	4.165878002e-06 	4.582953669e-11 	4.901164301e-05 	4.978927481e-10 	9.342981365e-08
0.9979948458 	2.971954107e-05 	1.880436211e-06 	2.068925216e-11 	2.966303953e-05 	3.014459801e-10 	5.654599777e-08
0.9981704085 	1.643642478e-05 	7.376472126e-07 	8.112209521e-12 	1.64051667e-05 	1.667371333e-10 	3.12728073e-08
0.9983459711 	8.013047341e-06 	2.388111188e-07 	2.624220606e-12 	7.997805201e-06 	8.128719669e-11 	1.524603959e-08
0.9985215337 	3.239807369e-06 	5.860858436e-08 	6.434054566e-13 	3.233643892e-06 	3.286348813e-11 	6.164224002e-09
0.9986970963 	9.725354365e-07 	9.377358791e-09 	1.028373248e-13 	9.706851268e-07 	9.864118747e-12 	1.85039564e-09
0.998872659 	1.744207832e-07 	7.180352141e-10 	7.865917799e-15 	1.740889253e-07 	1.768912159e-12 	3.318618772e-10
0.9990482216 	1.798956618e-08 	1.894561543e-11 	2.073156129e-16 	1.795533835e-08 	1.824230042e-13 	3.422786533e-11
0.9990482216 	1.798956618e-08 	1.894561543e-11 	2.073156129e-16 	1.795533835e-08 	1.824230042e-13 	3.422786533e-11
