0.3179529243 	2.745974639e-08 	-5.625147456e-11 	8.276452349e-16 	2.736239402e-08 	8.410608566e-13 	5.216032798e-11
0.3179529243 	2.745974639e-08 	-5.625147456e-11 	8.276452349e-16 	2.736239402e-08 	8.410608566e-13 	5.216032798e-11
0.318152706 	3.779336034e-07 	-3.166236756e-09 	2.713006222e-13 	3.746785794e-07 	-6.794862222e-12 	7.142415088e-10
0.3183524966 	2.215044927e-06 	-4.402786866e-08 	5.148256791e-12 	2.175551844e-06 	-7.845386245e-11 	4.147206478e-09
0.318552295 	7.621398397e-06 	-2.835823258e-07 	3.904677883e-11 	7.379656761e-06 	-3.467616483e-10 	1.406767686e-08
0.3187521003 	1.930980309e-05 	-1.1710817e-06 	1.792591234e-10 	1.833471794e-05 	-9.81331989e-10 	3.495106826e-08
0.3189519114 	4.040529869e-05 	-3.622440693e-06 	5.957828644e-10 	3.742615291e-05 	-2.128171477e-09 	7.134464951e-08
0.3191517275 	7.431346836e-05 	-9.148322891e-06 	1.574505842e-09 	6.68431662e-05 	-3.844038472e-09 	1.274216529e-07
0.3193515475 	0.0001245137327 	-1.98570688e-05 	3.489782388e-09 	0.0001083704055 	-6.030405123e-09 	2.065841129e-07
0.3195513705 	0.0001942163186 	-3.826321593e-05 	6.696949863e-09 	0.0001631993173 	-8.38272875e-09 	3.111032576e-07
0.3197511955 	0.0002858875195 	-6.688116558e-05 	1.134983846e-08 	0.0002317799187 	-1.037264161e-08 	4.41836945e-07
0.3199510214 	0.0004007246126 	-0.0001076761839 	1.720578834e-08 	0.0003137364547 	-1.127104666e-08 	5.980688812e-07
0.3201508474 	0.0005382268784 	-0.0001615378177 	2.352033008e-08 	0.0004078615194 	-1.020497921e-08 	7.774974152e-07
0.3203506724 	0.0006960197139 	-0.0002279658721 	2.910676912e-08 	0.0005121868907 	-6.222666852e-09 	9.763705686e-07
0.3205504955 	0.0008700577888 	-0.0003051950663 	3.278743429e-08 	0.0006240836614 	1.722679033e-09 	1.189676914e-06
0.3207503157 	0.001052201805 	-0.0003832347394 	1.73082196e-08 	0.0007434443131 	7.424039311e-09 	1.41721149e-06
0.3209501321 	0.001235588023 	-0.0004539405155 	-3.280430392e-09 	0.0008699381904 	1.496104038e-08 	1.658343978e-06
0.3211499436 	0.001419570201 	-0.0005215141863 	-1.075980508e-08 	0.0009995313471 	3.089610432e-08 	1.905384553e-06
0.3213497493 	0.001603543958 	-0.0005890788724 	-1.993924053e-08 	0.001129120986 	5.019013327e-08 	2.152418422e-06
0.3215495483 	0.001785485433 	-0.0006559058751 	-3.085623097e-08 	0.001257280541 	7.298084208e-08 	2.396726154e-06
0.3217493395 	0.001963642824 	-0.0007213880193 	-4.346523453e-08 	0.001382751887 	9.938871798e-08 	2.635909412e-06
0.3219491221 	0.002136555729 	-0.0007850685347 	-5.760353268e-08 	0.001504441529 	1.295113163e-07 	2.867883692e-06
0.322148895 	0.002303048679 	-0.0008466639911 	-7.300227529e-08 	0.001621403999 	1.634727788e-07 	3.090846668e-06
0.3223486573 	0.002462204295 	-0.0009060652138 	-8.934812321e-08 	0.001732813417 	2.014350526e-07 	3.303223983e-06
0.322548408 	0.002613314421 	-0.0009633058801 	-1.063974079e-07 	0.001837939088 	2.435779695e-07 	3.50362273e-06
0.3227481462 	0.002755816286 	-0.001018499202 	-1.241052563e-07 	0.001936132369 	2.900563129e-07 	3.690806415e-06
0.322947871 	0.00288922717 	-0.001071757344 	-1.42717176e-07 	0.002026825725 	3.409476085e-07 	3.863693158e-06
0.3231475813 	0.003013092042 	-0.001123115575 	-1.62787555e-07 	0.002109541215 	3.962048379e-07 	4.021371872e-06
0.3233472762 	0.003126953485 	-0.001172480512 	-1.851211966e-07 	0.002183905395 	4.556227128e-07 	4.163130667e-06
0.3235469548 	0.003230347626 	-0.001219611113 	-2.106606249e-07 	0.002249664066 	5.188221159e-07 	4.288484971e-06
0.3237466161 	0.003322832261 	-0.001264125494 	-2.403572285e-07 	0.00230667249 	5.852639811e-07 	4.397158872e-06
0.3239462591 	0.003414472037 	-0.001311068851 	-2.796986135e-07 	0.00236094993 	6.617980882e-07 	4.500626758e-06
0.32425642 	0.003507452244 	-0.001362677147 	-3.412427073e-07 	0.002413028474 	7.645412534e-07 	4.599902939e-06
0.3245723591 	0.003582800423 	-0.001409480229 	-4.226453519e-07 	0.002451587518 	8.774937734e-07 	4.673407193e-06
0.3248941791 	0.003629341478 	-0.001444029033 	-5.204184835e-07 	0.002471379869 	9.894838591e-07 	4.711136915e-06
0.3252219844 	0.003646675477 	-0.001464438867 	-6.333308224e-07 	0.002473485749 	1.096465266e-06 	4.715151307e-06
0.3255558808 	0.003635336771 	-0.001469415502 	-7.586892704e-07 	0.00245948088 	1.194502601e-06 	4.688454135e-06
0.3258959756 	0.003596680294 	-0.001458291988 	-8.921499311e-07 	0.002431252983 	1.280176683e-06 	4.634643917e-06
0.3262423775 	0.003532812807 	-0.001431201029 	-9.696041575e-07 	0.00239080338 	1.283214109e-06 	4.557535732e-06
0.3265951969 	0.003447625142 	-0.001390788612 	-9.993779092e-07 	0.002339935006 	1.255543224e-06 	4.460566473e-06
0.3269545455 	0.003346847416 	-0.001342281491 	-9.89759643e-07 	0.002280272368 	1.210609224e-06 	4.346832903e-06
0.3273205366 	0.003235241682 	-0.001289218974 	-9.599862642e-07 	0.002213837271 	1.146991984e-06 	4.220189142e-06
0.3276932849 	0.003116017227 	-0.00123270973 	-9.157141635e-07 	0.002143024728 	1.065917897e-06 	4.085200754e-06
0.3280729065 	0.002992437802 	-0.00117401877 	-8.524938998e-07 	0.002070166297 	9.701402639e-07 	3.946312335e-06
0.328459519 	0.002868029098 	-0.001114956896 	-7.696131835e-07 	0.00199747303 	8.625009592e-07 	3.807738763e-06
0.3288532414 	0.002746255054 	-0.001057494722 	-6.674707888e-07 	0.001927073858 	7.46467614e-07 	3.673538375e-06
0.3292541942 	0.002629867236 	-0.001002620483 	-5.361456394e-07 	0.001861291002 	6.287357216e-07 	3.54813797e-06
0.329662499 	0.002521560861 	-0.000952085144 	-4.04028481e-07 	0.001801991375 	5.034260145e-07 	3.435096398e-06
0.330078279 	0.002424231577 	-0.0009088865657 	-2.969059966e-07 	0.00175039002 	3.700017888e-07 	3.336729874e-06
0.3305016584 	0.002339538136 	-0.0008739992804 	-2.068250022e-07 	0.001707696118 	2.432424041e-07 	3.255343431e-06
0.330932763 	0.002265695045 	-0.0008421400371 	-2.347094446e-07 	0.001675633045 	1.072529916e-07 	3.194222301e-06
0.3313717196 	0.002196254439 	-0.0007993202854 	-2.998325912e-07 	0.001656617667 	-8.393732355e-09 	3.157973706e-06
0.3318186562 	0.002131071191 	-0.0007479772271 	-2.678333495e-07 	0.00164793285 	-7.585339542e-08 	3.141418031e-06
0.332273702 	0.002074173068 	-0.0007002492296 	-2.17611516e-07 	0.001645638307 	-1.286404429e-07 	3.137043995e-06
0.3327369872 	0.002024719088 	-0.0006561990997 	-1.752147874e-07 	0.001650210321 	-1.732877999e-07 	3.145759524e-06
0.333208643 	0.001981910595 	-0.0006157296015 	-1.384764201e-07 	0.001661789254 	-2.05436403e-07 	3.167832189e-06
0.333690202 	0.001944865561 	-0.0005781923243 	-1.1454319e-07 	0.001680231898 	-2.238281706e-07 	3.202988994e-06
0.3341943182 	0.001912475132 	-0.0005418991779 	-9.649152675e-08 	0.001705248586 	-2.250633263e-07 	3.250677753e-06
0.3347076387 	0.001884237901 	-0.0005064785151 	-7.829700667e-08 	0.001735613402 	-2.108583733e-07 	3.308561534e-06
0.3352303273 	0.001859779086 	-0.0004725084979 	-6.043545178e-08 	0.001769875445 	-1.846996142e-07 	3.37387451e-06
0.3357625509 	0.00183848334 	-0.0004400992293 	-4.365168466e-08 	0.001807096085 	-1.491579775e-07 	3.444827394e-06
0.3363044791 	0.001819802893 	-0.0004092463399 	-2.803148083e-08 	0.001846555459 	-1.059113031e-07 	3.520047929e-06
0.3368562843 	0.00180329059 	-0.000379913651 	-1.359551357e-08 	0.001887651979 	-5.630453894e-08 	3.598389318e-06
0.337418142 	0.001788580073 	-0.0003520430728 	-3.203144079e-10 	0.001929884886 	-1.443815589e-09 	3.678896976e-06
0.3374324648 	0.001788249701 	-0.0003513806689 	2.989396063e-08 	0.001930960934 	4.484843132e-08 	3.680948223e-06
0.337988836 	0.001775378104 	-0.0003255700169 	-1.226817978e-08 	0.001972888612 	-5.542140074e-08 	3.76087403e-06
0.3385698873 	0.001763414052 	-0.0003004026485 	-2.377226993e-08 	0.002016275411 	-1.161155816e-07 	3.843581328e-06
0.3391615162 	0.001752475175 	-0.0002764530373 	-3.42710595e-08 	0.002059770041 	-1.800409272e-07 	3.926494181e-06
0.3397639102 	0.001742381654 	-0.0002536318888 	-4.385836719e-08 	0.002103148818 	-2.466506771e-07 	4.009186188e-06
0.3403772602 	0.001732980302 	-0.0002318511743 	-5.262445647e-08 	0.002146229672 	-3.154882141e-07 	4.091310269e-06
0.3410017602 	0.001724139881 	-0.0002110262217 	-6.065139408e-08 	0.002188864982 	-3.861675327e-07 	4.17258502e-06
0.3416376076 	0.001715747379 	-0.0001910771516 	-6.800997546e-08 	0.00223093568 	-4.583585163e-07 	4.252783462e-06
0.342285003 	0.001707705028 	-0.00017192978 	-7.47578636e-08 	0.002272346394 	-5.317758895e-07 	4.331723793e-06
0.3429441507 	0.001699927897 	-0.0001535161126 	-8.093852756e-08 	0.002313021484 	-6.061712247e-07 	4.40926182e-06
0.3436152583 	0.001692341908 	-0.0001357745471 	-8.658052217e-08 	0.002352901846 	-6.813279124e-07 	4.485284874e-06
0.3442985368 	0.001684882269 	-0.0001186497872 	-9.169828853e-08 	0.002391942141 	-7.570549373e-07 	4.559706527e-06
0.3449942011 	0.001677492731 	-0.0001020921782 	-9.630049303e-08 	0.002430107341 	-8.331622003e-07 	4.632460005e-06
0.3457024694 	0.001670125499 	-8.605664768e-05 	-1.004002076e-07 	0.002467368746 	-9.094293845e-07 	4.7034906e-06
0.3464235639 	0.001662736836 	-7.050531751e-05 	-1.039313697e-07 	0.002503710211 	-9.858182326e-07 	4.772767532e-06
0.3471577105 	0.001655266213 	-5.542230516e-05 	-1.064297544e-07 	0.002539170417 	-1.063347679e-06 	4.840364541e-06
0.3479051389 	0.001647651983 	-4.079265944e-05 	-1.075497979e-07 	0.002573802906 	-1.142964466e-06 	4.906383689e-06
0.3486660827 	0.001639888098 	-2.647124859e-05 	-1.121473286e-07 	0.002607595352 	-1.216635721e-06 	4.970801484e-06
0.34945109 	0.001631987826 	-1.187874621e-05 	-1.349592152e-07 	0.002639972987 	-1.25534708e-06 	5.032522255e-06
0.3502630611 	0.001624115223 	3.913159757e-06 	-1.632179749e-07 	0.002667543569 	-1.009819066e-06 	5.085079447e-06
0.3510896352 	0.001616656918 	2.137605677e-05 	-1.895928482e-07 	0.002685306287 	-6.949321505e-07 	5.118940126e-06
0.3519310666 	0.001609753985 	4.010639844e-05 	-1.937688537e-07 	0.002693456299 	-5.303210759e-07 	5.134476314e-06
0.3527876142 	0.001603158059 	5.915516912e-05 	-1.740398571e-07 	0.002697448298 	-4.678815631e-07 	5.142086173e-06
0.3536595409 	0.001596733777 	7.7562851e-05 	-1.433061247e-07 	0.002700330123 	-4.089532826e-07 	5.147579733e-06
0.3545471142 	0.001590438668 	9.483302619e-05 	-1.136158508e-07 	0.002702204794 	-3.533245533e-07 	5.151153377e-06
0.3554506062 	0.001584257701 	0.0001108993783 	-8.714372249e-08 	0.002703159209 	-3.002037254e-07 	5.152972756e-06
0.3563702933 	0.001578261761 	0.0001257769726 	-6.340320422e-08 	0.002703249884 	-2.498869484e-07 	5.153145608e-06
0.357306457 	0.001572465191 	0.0001393496648 	-4.288662951e-08 	0.002702575047 	-2.023504796e-07 	5.151859181e-06
0.358259383 	0.001566287551 	0.0001525265167 	-2.515298992e-08 	0.002701077087 	-1.56832138e-07 	5.149003653e-06
0.3597206513 	0.001559204563 	0.0001660229678 	-8.794454054e-09 	0.002698352518 	-9.424946663e-08 	5.143809867e-06
0.3611962551 	0.001551938091 	0.0001781904499 	-6.876736772e-10 	0.002694469605 	-3.651968538e-08 	5.136407955e-06
0.3622065599 	0.001547337676 	0.0001847821484 	1.262369609e-07 	0.002691349894 	-2.028704557e-07 	5.13046092e-06
0.3626853298 	0.001545149467 	0.0001879232251 	7.446390258e-11 	0.00268987118 	-1.674568012e-08 	5.127642081e-06
0.3641869071 	0.001538716481 	0.0001955400871 	5.039341904e-09 	0.002684759039 	-6.634291214e-08 	5.117896919e-06
0.3657415917 	0.001532557123 	0.0002014814731 	1.628971696e-08 	0.002679283716 	-1.139578834e-07 	5.107459431e-06
0.3673153958 	0.001526693183 	0.000206113627 	3.229494856e-08 	0.002673583396 	-1.588031027e-07 	5.096593037e-06
0.3689044967 	0.001521127091 	0.0002096496934 	5.147955484e-08 	0.002667826553 	-2.012327959e-07 	5.085618893e-06
0.3705090474 	0.001515822824 	0.0002123746433 	7.256524331e-08 	0.002662105372 	-2.416661886e-07 	5.074712734e-06
0.372129203 	0.00151075333 	0.0002145199567 	9.457604468e-08 	0.002656487626 	-2.804547563e-07 	5.064003748e-06
0.3737651208 	0.001505896898 	0.0002162660186 	1.168369987e-07 	0.00265102571 	-3.178916185e-07 	5.053591817e-06
0.3754169603 	0.001501234065 	0.0002177420828 	1.389274052e-07 	0.00264576204 	-3.542099152e-07 	5.0435578e-06
0.3770848833 	0.001496765611 	0.0002190809232 	1.301352199e-07 	0.00264071326 	-3.155859372e-07 	5.033933423e-06
0.3787690537 	0.001492460687 	0.000220311309 	1.152189355e-07 	0.002635894584 	-2.686214577e-07 	5.024747685e-06
0.3804988631 	0.001488273646 	0.0002214751101 	9.860433258e-08 	0.002631304595 	-2.226291632e-07 	5.015997891e-06
0.3822608994 	0.001484223732 	0.0002226705644 	8.093596007e-08 	0.00262694712 	-1.778770469e-07 	5.007691333e-06
0.384039893 	0.001480338956 	0.0002238976132 	6.268586648e-08 	0.002622862156 	-1.346148239e-07 	4.999904257e-06
0.3858360178 	0.001476617083 	0.0002251620423 	4.404827314e-08 	0.002619063707 	-9.267097188e-08 	4.992663357e-06
0.3876494502 	0.001473050537 	0.0002264806764 	2.513971183e-08 	0.002615547664 	-5.19077997e-08 	4.985960802e-06
0.3894803696 	0.001469633506 	0.0002278534912 	6.019768827e-09 	0.002612311392 	-1.221330281e-08 	4.979791568e-06
0.3900584941 	0.001468612716 	0.0002283059071 	-1.042539905e-09 	0.002611382403 	-1.976279348e-07 	4.978020656e-06
0.3913268074 	0.00146636398 	0.0002292955524 	1.308608304e-08 	0.002609330562 	-2.634383206e-08 	4.974109277e-06
0.3931901374 	0.001463235849 	0.0002307922372 	3.227181841e-08 	0.002606603684 	-6.39221674e-08 	4.968911089e-06
0.3950927878 	0.001460216231 	0.000232316934 	5.185645552e-08 	0.002604133375 	-1.01109149e-07 	4.964201994e-06
0.3970388981 	0.001457308211 	0.0002339231549 	7.187690669e-08 	0.002601901473 	-1.379808587e-07 	4.959947368e-06
0.3990036413 	0.001454538934 	0.0002356113243 	9.204977347e-08 	0.002599911871 	-1.740345596e-07 	4.956154634e-06
0.400987215 	0.001451907455 	0.0002373503359 	1.123722989e-07 	0.002598173959 	-2.093165708e-07 	4.952841692e-06
0.4029898197 	0.001449402791 	0.0002391461834 	1.328511917e-07 	0.002596679105 	-2.438754537e-07 	4.949992084e-06
0.4050116593 	0.001447022177 	0.0002409972878 	1.534851618e-07 	0.002595419375 	-2.777519843e-07 	4.947590688e-06
0.4070529411 	0.001444776078 	0.0002429349591 	1.43061396e-07 	0.00259437272 	-2.552650368e-07 	4.945595473e-06
0.4091191997 	0.001442633432 	0.0002448902076 	1.235742483e-07 	0.002593557981 	-2.174754051e-07 	4.944042355e-06
0.4112474576 	0.001440573976 	0.0002469011437 	1.034868619e-07 	0.002592964878 	-1.796211997e-07 	4.942911734e-06
0.4133959597 	0.001438630249 	0.0002490222215 	8.328589275e-08 	0.002592565436 	-1.426039925e-07 	4.942150288e-06
0.4155649276 	0.001436804779 	0.0002511837729 	6.294895716e-08 	0.002592377579 	-1.063577485e-07 	4.941792181e-06
0.4177545874 	0.001435082555 	0.0002533907142 	4.247913923e-08 	0.002592394839 	-7.084354143e-08 	4.941825082e-06
0.4199651688 	0.001433469812 	0.0002556670591 	2.187697083e-08 	0.002592599691 	-3.602286956e-08 	4.942215586e-06
0.4221969057 	0.001431962496 	0.0002579966574 	1.140248396e-09 	0.002592993303 	-1.854312259e-09 	4.942965921e-06
0.4223203246 	0.001431885012 	0.0002581245265 	1.149440614e-09 	0.002593025875 	-2.981792703e-08 	4.943028013e-06
0.424469228 	0.001430526427 	0.0002603453068 	1.956834456e-08 	0.002593578735 	-3.186645336e-08 	4.944081916e-06
0.4267889352 	0.001429173904 	0.0002627778063 	4.061458578e-08 	0.002594345823 	-6.536607543e-08 	4.9455442e-06
0.4291306938 	0.001427921971 	0.0002652873779 	6.174690863e-08 	0.002595282354 	-9.824413655e-08 	4.947329489e-06
0.4314947558 	0.001426762613 	0.00026783125 	8.29587936e-08 	0.002596395229 	-1.305305671e-07 	4.949450937e-06
0.4338813777 	0.001425694486 	0.0002704328552 	1.042497343e-07 	0.002597669003 	-1.622631354e-07 	4.951879105e-06
0.4362908213 	0.001424717891 	0.0002730894936 	1.256175807e-07 	0.002599101987 	-1.93477044e-07 	4.95461077e-06
0.43874163 	0.001423811693 	0.0002757732276 	1.47226491e-07 	0.00260071634 	-2.244409774e-07 	4.957688176e-06
0.4412451404 	0.001422976848 	0.0002785363587 	1.606510105e-07 	0.002602492375 	-2.424382209e-07 	4.961073792e-06
0.4437723886 	0.001422227827 	0.0002813791288 	1.400691401e-07 	0.002604408691 	-2.093203481e-07 	4.964726823e-06
0.446323657 	0.001421556069 	0.0002842473857 	1.194393649e-07 	0.00260647424 	-1.768137382e-07 	4.968664334e-06
0.4488992335 	0.001420966647 	0.000287186007 	9.877837159e-08 	0.002608663665 	-1.449020138e-07 	4.972837985e-06
0.4514994119 	0.001420447212 	0.0002901484339 	7.807712126e-08 	0.002611003613 	-1.135398801e-07 	4.977298577e-06
0.4541616688 	0.001419981356 	0.0002931536382 	5.700351419e-08 	0.002613503149 	-8.218511533e-08 	4.982063387e-06
0.4568588278 	0.001419585896 	0.0002962618402 	3.585896896e-08 	0.002616119327 	-5.127540433e-08 	4.987050549e-06
0.4595815725 	0.001419260481 	0.0002994059736 	1.473842082e-08 	0.002618857865 	-2.090933719e-08 	4.992270965e-06
0.4615041402 	0.001419080553 	0.0003016427081 	1.20406443e-08 	0.002620847874 	-1.583249799e-07 	4.996064475e-06
0.4623294293 	0.001419001014 	0.0003026002473 	6.193503718e-09 	0.002621698482 	-8.88172446e-09 	4.99768597e-06
0.4651017109 	0.001418796247 	0.0003058158146 	2.67127089e-08 	0.002624653022 	-3.804824778e-08 	5.003318145e-06
0.4679286799 	0.001418637811 	0.000309068609 	4.740843985e-08 	0.002627742599 	-6.708530921e-08 	5.009207736e-06
0.4708000474 	0.001418535748 	0.0003124133978 	6.814688868e-08 	0.002630932026 	-9.583435591e-08 	5.015287671e-06
0.4736987461 	0.001418491899 	0.0003158051086 	8.876165527e-08 	0.002634215889 	-1.241018886e-07 	5.021547626e-06
0.476625129 	0.00141850722 	0.000319253353 	1.092481233e-07 	0.002637576196 	-1.51919185e-07 	5.027953305e-06
0.4795795562 	0.00141856763 	0.00032272131 	1.295881678e-07 	0.002641039768 	-1.793060647e-07 	5.034555836e-06
0.4825972259 	0.001418662349 	0.0003262347101 	1.500435819e-07 	0.002644611786 	-2.066228956e-07 	5.041365097e-06
0.4856526605 	0.001418805561 	0.0003298462254 	1.641634026e-07 	0.002648246782 	-2.250965368e-07 	5.048294408e-06
0.4887372686 	0.001418997822 	0.0003335048464 	1.445996166e-07 	0.002651942323 	-1.975052007e-07 	5.055339137e-06
0.4918514422 	0.001419231217 	0.0003372047748 	1.252031031e-07 	0.002655696344 	-1.704235397e-07 	5.062495344e-06
0.4950073042 	0.0014194923 	0.000340931716 	1.05882134e-07 	0.002659529786 	-1.436876404e-07 	5.069802951e-06
0.4982235491 	0.001419782985 	0.0003447343728 	8.654856077e-08 	0.002663421283 	-1.17136483e-07 	5.077221224e-06
0.5014705527 	0.00142011127 	0.0003486148385 	6.74617721e-08 	0.002667340088 	-9.110828969e-08 	5.084691557e-06
0.5047487424 	0.00142047663 	0.0003525509171 	4.863255675e-08 	0.002671276539 	-6.556837397e-08 	5.092195527e-06
0.5080599365 	0.00142085959 	0.0003565027414 	3.005450142e-08 	0.002675262716 	-4.047228156e-08 	5.099794288e-06
0.5114411945 	0.001421256646 	0.0003605164594 	1.150941552e-08 	0.002679286657 	-1.548560751e-08 	5.107465037e-06
0.5135991682 	0.001421525857 	0.0003631179343 	2.059426497e-08 	0.002681822592 	-2.124308444e-07 	5.112299234e-06
0.5148541725 	0.001421680215 	0.0003646266977 	6.489259629e-09 	0.002683294008 	-8.923916449e-09 	5.115104162e-06
0.5182988631 	0.001422126852 	0.0003687841751 	2.379094207e-08 	0.002687281951 	-3.273152452e-08 	5.12270629e-06
0.5217779526 	0.001422578765 	0.0003729577034 	4.073303468e-08 	0.002691284869 	-5.609408631e-08 	5.130336964e-06
0.52532682 	0.001423034394 	0.0003771947728 	5.749339543e-08 	0.002695285918 	-7.928194637e-08 	5.137964076e-06
0.528910028 	0.001423510266 	0.0003815440941 	7.380293407e-08 	0.002699226779 	-1.019790376e-07 	5.145476451e-06
0.5325280828 	0.00142399645 	0.0003859380883 	8.965743166e-08 	0.002703122679 	-1.242022212e-07 	5.152903119e-06
0.5361891746 	0.001424475085 	0.0003903596605 	1.050861398e-07 	0.002706989377 	-1.460229517e-07 	5.160274122e-06
0.539912511 	0.001424951294 	0.0003948608131 	1.201377279e-07 	0.002710794841 	-1.67539644e-07 	5.167528393e-06
0.5436721471 	0.001425436806 	0.000399467952 	1.346346026e-07 	0.002714493329 	-1.885644141e-07 	5.17457874e-06
0.5474686338 	0.001425912934 	0.000404104968 	1.485740673e-07 	0.002718115468 	-2.091000393e-07 	5.181483543e-06
0.5513216279 	0.001426370811 	0.0004087899274 	1.512935295e-07 	0.002721652853 	-2.140792961e-07 	5.188226782e-06
0.5552246668 	0.001426823935 	0.0004135814576 	1.365787602e-07 	0.002725051888 	-1.944414686e-07 	5.194706287e-06
0.5591661162 	0.001427267963 	0.0004184448453 	1.223504469e-07 	0.002728307889 	-1.753681658e-07 	5.200913131e-06
0.5631511971 	0.001427685047 	0.0004233398769 	1.085825177e-07 	0.002731439439 	-1.567879281e-07 	5.206882735e-06
0.5671996694 	0.001428079973 	0.0004283156907 	9.522027833e-08 	0.002734408998 	-1.386023961e-07 	5.212543539e-06
0.5712881919 	0.001428463311 	0.0004334015097 	8.24063611e-08 	0.002737168207 	-1.210157111e-07 	5.217803359e-06
0.5754174009 	0.001428813073 	0.0004385171389 	7.014236814e-08 	0.002739753584 	-1.039896069e-07 	5.222731807e-06
0.5796100922 	0.001429127998 	0.0004436958358 	5.835131684e-08 	0.002742137289 	-8.739315052e-08 	5.22727581e-06
0.5838480727 	0.001429423906 	0.0004489938222 	4.715072875e-08 	0.002744254991 	-7.140314546e-08 	5.231312738e-06
0.5881285045 	0.00142968024 	0.0004543308942 	3.655508887e-08 	0.002746140449 	-5.60138894e-08 	5.234906947e-06
0.592468147 	0.001429893389 	0.0004597234274 	2.651037361e-08 	0.002747771387 	-4.113403025e-08 	5.238015967e-06
0.5968582973 	0.001430078666 	0.0004652295787 	1.709055365e-08 	0.002749083155 	-2.687714196e-08 	5.240516561e-06
0.6012927572 	0.001430217818 	0.0004707809637 	8.314804373e-09 	0.002750101662 	-1.32639616e-08 	5.242458119e-06
0.6057856853 	0.001430307598 	0.0004763856182 	1.396141652e-10 	0.00275080545 	-2.260983184e-10 	5.243799734e-06
0.6058686619 	0.001430308618 	0.0004764899222 	1.56540359e-09 	0.002750811467 	-1.596206792e-08 	5.243811204e-06
0.6103303191 	0.001430360329 	0.0004820905628 	7.134200311e-09 	0.002751131042 	-1.199654286e-08 	5.244420403e-06
0.6149212656 	0.001430359724 	0.0004878379127 	1.376281317e-08 	0.002751103319 	-2.353326874e-08 	5.244367556e-06
0.6195723842 	0.001430305756 	0.0004936397911 	1.978933876e-08 	0.002750694143 	-3.443906634e-08 	5.243587553e-06
0.6242759264 	0.001430210556 	0.0004995383708 	2.516765358e-08 	0.00274984502 	-4.462368148e-08 	5.241968888e-06
0.6290278534 	0.001430054814 	0.0005054696434 	2.991238563e-08 	0.002748582135 	-5.408636007e-08 	5.239561478e-06
0.6338430612 	0.001429844911 	0.0005114608411 	3.405655155e-08 	0.002746862224 	-6.2861624e-08 	5.23628285e-06
0.6387094544 	0.001429585718 	0.0005175265177 	3.756547966e-08 	0.00274464664 	-7.086291096e-08 	5.232059331e-06
0.6436287687 	0.001429262464 	0.0005236181558 	4.047837971e-08 	0.002741951065 	-7.811894099e-08 	5.226920815e-06
0.6486104566 	0.001428890266 	0.0005297644197 	4.281048376e-08 	0.002738723594 	-8.461601501e-08 	5.22076836e-06
0.6535885607 	0.001428468761 	0.0005358964494 	4.454507683e-08 	0.00273499098 	-9.025862279e-08 	5.213652959e-06
0.65851419 	0.001428001911 	0.0005419490757 	4.573162662e-08 	0.00273079761 	-9.506408203e-08 	5.20565923e-06
0.6633878192 	0.001427515269 	0.0005479408526 	4.640740743e-08 	0.002726120293 	-9.903177324e-08 	5.196742965e-06
0.6682048624 	0.001427001066 	0.0005538304069 	4.66363323e-08 	0.002721006091 	-1.022199406e-07 	5.186993874e-06
0.6729731885 	0.001426464128 	0.0005596311174 	4.647829372e-08 	0.002715465906 	-1.047044044e-07 	5.176432741e-06
0.6776883892 	0.001425914729 	0.0005653613494 	4.596037082e-08 	0.002709492845 	-1.064896795e-07 	5.165046427e-06
0.6823494001 	0.001425341298 	0.0005709786007 	4.514500401e-08 	0.002703139568 	-1.076439004e-07 	5.152935316e-06
0.6869638811 	0.001424759486 	0.0005765078374 	4.407279068e-08 	0.002696394193 	-1.082117166e-07 	5.140076755e-06
0.69152573 	0.001424175438 	0.0005819563279 	4.276966783e-08 	0.002689262401 	-1.082070828e-07 	5.126481577e-06
0.6960360527 	0.001423582187 	0.0005872933915 	4.12883829e-08 	0.002681789247 	-1.076973906e-07 	5.11223567e-06
0.7005001735 	0.001422997323 	0.000592547501 	3.965533584e-08 	0.002673959258 	-1.067118492e-07 	5.097309534e-06
0.7049135952 	0.001422422946 	0.0005977168199 	3.789654817e-08 	0.002665788935 	-1.052753176e-07 	5.081734627e-06
0.7092775063 	0.001421855463 	0.0006027789693 	3.605287314e-08 	0.00265731783 	-1.034483578e-07 	5.065586347e-06
0.7135960089 	0.001421312358 	0.0006077604068 	3.414256746e-08 	0.002648532247 	-1.012547902e-07 	5.048838584e-06
0.7178657865 	0.001420795559 	0.0006126596877 	3.21861519e-08 	0.002639449553 	-9.872036307e-08 	5.031524445e-06
0.7220875898 	0.00142030113 	0.0006174555554 	3.021443379e-08 	0.002630110638 	-9.589842064e-08 	5.013721878e-06
0.7262652504 	0.001419846003 	0.0006221704562 	2.824099883e-08 	0.002620505992 	-9.281368689e-08 	4.995412753e-06
0.7303960315 	0.001419435266 	0.0006268101752 	2.627809265e-08 	0.002610645468 	-8.948559245e-08 	4.976615854e-06
0.7344805912 	0.001419062024 	0.0006313509224 	2.434867994e-08 	0.002600575242 	-8.596092571e-08 	4.957419203e-06
0.7385215828 	0.001418741897 	0.0006358090714 	2.246335949e-08 	0.002590293214 	-8.226834158e-08 	4.9378188e-06
0.7425178833 	0.001418484536 	0.0006401992218 	2.062674471e-08 	0.00257979848 	-7.841868191e-08 	4.917812921e-06
0.7464696505 	0.001418280478 	0.0006444974375 	1.88546721e-08 	0.002569139455 	-7.445165713e-08 	4.897493857e-06
0.7503784336 	0.001418141814 	0.0006487114078 	1.715556103e-08 	0.002558325612 	-7.039945131e-08 	4.876879667e-06
0.7542446399 	0.001418081895 	0.000652860502 	1.552923847e-08 	0.002547349542 	-6.626815833e-08 	4.855956227e-06
0.7580679078 	0.001418093631 	0.0006569293181 	1.398414073e-08 	0.002536250204 	-6.208776198e-08 	4.834797803e-06
0.7618489142 	0.001418181086 	0.0006609134333 	1.252640987e-08 	0.002525053978 	-5.788992873e-08 	4.813454685e-06
0.7655892833 	0.00141835875 	0.0006648298754 	1.115487027e-08 	0.002513756581 	-5.368572759e-08 	4.791918706e-06
0.7692882266 	0.001418628698 	0.0006686803932 	9.870054991e-09 	0.002502374368 	-4.949021772e-08 	4.770221045e-06
0.7729462699 	0.001418985342 	0.0006724506326 	8.675279002e-09 	0.002490948415 	-4.533040583e-08 	4.748440001e-06
0.7765644362 	0.001419440248 	0.0006761489761 	7.569797759e-09 	0.00247948767 	-4.12266822e-08 	4.726592637e-06
0.7801431096 	0.001420004025 	0.0006797889659 	6.548987686e-09 	0.002467991727 	-3.718217632e-08 	4.704678174e-06
0.7836822925 	0.001420672178 	0.00068336286 	5.612149977e-09 	0.002456492141 	-3.321571395e-08 	4.682756767e-06
0.7871824709 	0.001421445491 	0.0006868654094 	4.757768228e-09 	0.002445019021 	-2.93468097e-08 	4.660885811e-06
0.7906446711 	0.00142233635 	0.0006903082712 	3.981631607e-09 	0.002433575563 	-2.558613163e-08 	4.639071401e-06
0.7940688637 	0.001423350794 	0.0006936991818 	3.278607689e-09 	0.002422169688 	-2.193705788e-08 	4.617328633e-06
0.7974553732 	0.001424483948 	0.0006970305851 	2.645859712e-09 	0.00241083471 	-1.841498663e-08 	4.595721013e-06
0.8008046515 	0.00142573941 	0.0007003021429 	2.079518687e-09 	0.002399594041 	-1.503353523e-08 	4.574293175e-06
0.8041175789 	0.001427128764 	0.0007035252585 	1.573967943e-09 	0.002388450473 	-1.179767675e-08 	4.553050438e-06
0.8073941181 	0.001428656208 	0.0007067053154 	1.123398227e-09 	0.002377415879 	-8.709917014e-09 	4.532015433e-06
0.8106346707 	0.001430319385 	0.0007098384847 	7.229883273e-10 	0.002366519111 	-5.780265138e-09 	4.511243165e-06
0.8138396595 	0.001432123133 	0.0007129267487 	3.673642967e-10 	0.002355780399 	-3.01712063e-09 	4.490772196e-06
0.8170097807 	0.001434079505 	0.0007159811935 	5.037605361e-11 	0.002345202785 	-4.231142421e-10 	4.470608324e-06
0.8175402391 	0.001434437372 	0.0007164933347 	2.114584238e-09 	0.002343442217 	-1.437724677e-07 	4.467252192e-06
0.8201450131 	0.001436195534 	0.0007190090731 	2.074191719e-10 	0.002334795745 	-2.003850177e-09 	4.450769612e-06
0.8232458362 	0.001438471113 	0.0007220098613 	4.314075449e-10 	0.002324582912 	-4.252629137e-09 	4.431301115e-06
0.8263126747 	0.001440910798 	0.0007249857723 	6.328295213e-10 	0.002314584783 	-6.316930501e-09 	4.412241902e-06
0.8293460587 	0.001443526671 	0.0007279466182 	8.178240389e-10 	0.002304807076 	-8.193691168e-09 	4.393602876e-06
0.832346269 	0.001446328085 	0.0007309013169 	9.929869373e-10 	0.002295256237 	-9.884111604e-09 	4.37539632e-06
0.8353136109 	0.001449317855 	0.0007338521128 	1.164605077e-09 	0.002285952592 	-1.138404968e-08 	4.357660988e-06
0.8382484591 	0.001452501456 	0.0007368020688 	1.339076646e-09 	0.002276916959 	-1.268929108e-08 	4.34043656e-06
0.8411512145 	0.00145589062 	0.0007397594431 	1.522743771e-09 	0.00226816017 	-1.379579177e-08 	4.323743687e-06
0.8440222961 	0.001459499139 	0.0007427350993 	1.722295113e-09 	0.002259687281 	-1.470286957e-08 	4.307592006e-06
0.8468619449 	0.001463334779 	0.0007457349006 	1.944410381e-09 	0.002251514596 	-1.540724278e-08 	4.292012597e-06
0.8496705157 	0.001467406603 	0.0007487645616 	2.195764043e-09 	0.002243660798 	-1.590386347e-08 	4.277041074e-06
0.852448358 	0.001471726023 	0.000751831089 	2.483107017e-09 	0.002236143702 	-1.618748418e-08 	4.262711399e-06
0.8551958614 	0.001476309646 	0.0007549450997 	2.81329476e-09 	0.002228974216 	-1.625316443e-08 	4.249044368e-06
0.857913338 	0.00148117427 	0.0007581179586 	3.19361016e-09 	0.00222216213 	-1.609738958e-08 	4.236058637e-06
0.8606010833 	0.001486332197 	0.0007613571192 	3.631304522e-09 	0.002215728393 	-1.571402257e-08 	4.223794147e-06
0.8632594293 	0.001491799417 	0.0007646717235 	4.133556866e-09 	0.002209692829 	-1.509622153e-08 	4.212288685e-06
0.8658887031 	0.001497594053 	0.0007680720281 	4.707435917e-09 	0.002204075168 	-1.423661776e-08 	4.201579862e-06
0.8684892567 	0.001503738677 	0.0007715708251 	5.360008636e-09 	0.002198891106 	-1.312782874e-08 	4.191697599e-06
0.8710613826 	0.001510256564 	0.0007751816313 	6.098648764e-09 	0.002194156268 	-1.176279787e-08 	4.182671681e-06
0.8736053763 	0.001517168105 	0.0007789154396 	6.930562212e-09 	0.002189895877 	-1.013342119e-08 	4.174550191e-06
0.8761215493 	0.001524497736 	0.000782785083 	7.862824573e-09 	0.002186133931 	-8.231789403e-09 	4.167378877e-06
0.8786102089 	0.001532271918 	0.0007868042984 	8.902430764e-09 	0.002182895504 	-6.050547846e-09 	4.161205535e-06
0.8810716699 	0.001540521202 	0.0007909886674 	1.005639568e-08 	0.002180204047 	-3.583505969e-09 	4.156074871e-06
0.883506227 	0.001549279149 	0.0007953555161 	1.13321919e-08 	0.002178080928 	-8.258677893e-10 	4.152027616e-06
0.8859141583 	0.00155857823 	0.0007999209227 	1.273711577e-08 	0.002176554851 	2.225352345e-09 	4.149118487e-06
0.888295757 	0.001568455281 	0.0008047025209 	1.427823168e-08 	0.002175654313 	5.570746959e-09 	4.147401812e-06
0.8906513125 	0.001578952272 	0.0008097201235 	1.596220639e-08 	0.002175405261 	9.20854079e-09 	4.146927049e-06
0.8929811107 	0.001590115545 	0.0008149948444 	1.779519805e-08 	0.002175833911 	1.313437802e-08 	4.147744176e-06
0.8952854442 	0.001601998401 	0.0008205504708 	1.978269796e-08 	0.002176961714 	1.734243184e-08 	4.149894081e-06
0.8975645752 	0.001614658541 	0.0008264120702 	2.192903345e-08 	0.002178809351 	2.182639749e-08 	4.153416191e-06
0.8998187786 	0.001628157229 	0.000832605038 	2.423610664e-08 	0.002181400471 	2.65798674e-08 	4.158355586e-06
0.9020483272 	0.001642562707 	0.0008391567899 	2.670297375e-08 	0.00218475563 	3.159874188e-08 	4.164751451e-06
0.9042534911 	0.001657947806 	0.0008460956961 	2.932530205e-08 	0.002188895418 	3.688290116e-08 	4.172643039e-06
0.9064345369 	0.001674388088 	0.0008534501476 	3.209501057e-08 	0.002193843666 	4.24372752e-08 	4.182075774e-06
0.9085917323 	0.001691961154 	0.0008612487026 	3.50004832e-08 	0.002199625951 	4.827333246e-08 	4.193098417e-06
0.9107253281 	0.001710741216 	0.0008695181224 	3.802636876e-08 	0.002206276533 	5.440742191e-08 	4.205776274e-06
0.912835582 	0.001730795663 	0.0008782823278 	4.115343391e-08 	0.00221384254 	6.085722724e-08 	4.220199187e-06
0.9149227491 	0.001752184053 	0.0008875628035 	4.435943263e-08 	0.002222381418 	6.76385517e-08 	4.236476663e-06
0.9169870814 	0.001774954054 	0.000897377746 	4.761979033e-08 	0.00223196283 	7.475956443e-08 	4.254741496e-06
0.9190288278 	0.001799137476 	0.000907741146 	5.090823322e-08 	0.002242670633 	8.221394697e-08 	4.275153545e-06
0.9210482361 	0.001824750155 	0.0009186633134 	5.419712835e-08 	0.002254596485 	8.997506652e-08 	4.297887534e-06
0.923045546 	0.001851790238 	0.0009301505389 	5.745760615e-08 	0.002267835506 	9.799109652e-08 	4.323124787e-06
0.9250209973 	0.001880236385 	0.0009422042025 	5.965671441e-08 	0.00228248346 	1.044269561e-07 	4.351047858e-06
0.9269748283 	0.001910050587 	0.0009548211662 	6.026069591e-08 	0.002298625206 	1.081429708e-07 	4.381818513e-06
0.9289072748 	0.001941179952 	0.0009679934369 	6.062550539e-08 	0.002316324718 	1.113769203e-07 	4.415558702e-06
0.9308185697 	0.001973556848 	0.0009817069574 	6.073602953e-08 	0.002335619606 	1.140279466e-07 	4.452340122e-06
0.9327089434 	0.002007100149 	0.0009959407011 	6.05773321e-08 	0.002356514563 	1.160025992e-07 	4.492171716e-06
0.9345786239 	0.002041716883 	0.001010665953 	6.013492866e-08 	0.002378974756 	1.172209613e-07 	4.534987087e-06
0.9364278344 	0.002077301014 	0.001025844996 	5.939605057e-08 	0.002402925545 	1.176216307e-07 	4.580643947e-06
0.9382567978 	0.002113731439 	0.001041429887 	5.835131747e-08 	0.002428254641 	1.171652407e-07 	4.628928244e-06
0.9400657346 	0.002150870788 	0.00105736175 	5.699491746e-08 	0.002454811736 	1.158338038e-07 	4.679553449e-06
0.9418548629 	0.002188561457 	0.001073569575 	5.532515889e-08 	0.002482411005 	1.136293608e-07 	4.732165325e-06
0.9436243985 	0.002226618644 	0.001089968403 	5.334492084e-08 	0.002510835371 	1.105718651e-07 	4.786350068e-06
0.9453745545 	0.002264819896 	0.001106456794 	5.106212952e-08 	0.002539840872 	1.066975395e-07 	4.841642615e-06
0.9471055421 	0.00230288847 	0.001122913103 	4.849041275e-08 	0.0025691636 	1.020587046e-07 	4.897539883e-06
0.948817569 	0.002340465229 	0.001139190063 	4.565044207e-08 	0.002598536321 	9.672459908e-08 	4.953532454e-06
0.9505108414 	0.002377068011 	0.001155108775 	4.257352923e-08 	0.002627714837 	9.07848662e-08 	5.009154816e-06
0.9521855636 	0.002409167853 	0.001169179152 	3.951929448e-08 	0.002654058745 	8.477057414e-08 	5.059373626e-06
0.9532765531 	0.002433556868 	0.001180015262 	3.707820101e-08 	0.002674960479 	7.9945868e-08 	5.09921814e-06
0.9543474718 	0.002453387087 	0.00118893809 	3.483678405e-08 	0.002692616968 	7.550492175e-08 	5.132876315e-06
0.9553986881 	0.002471776523 	0.001197231102 	3.259953381e-08 	0.002709111386 	7.105630126e-08 	5.164319261e-06
0.9564305636 	0.002488963947 	0.001204948564 	3.038153396e-08 	0.002724350455 	6.661320075e-08 	5.193369161e-06
0.957443453 	0.002505107709 	0.001212140722 	2.819700055e-08 	0.002738352528 	6.218973986e-08 	5.220061004e-06
0.958437705 	0.002520308692 	0.001218849099 	2.606021728e-08 	0.002751188366 	5.780337801e-08 	5.244529679e-06
0.9594136616 	0.002534634459 	0.001225107163 	2.398539963e-08 	0.002762939015 	5.347569349e-08 	5.266929681e-06
0.9603716585 	0.00254813405 	0.001230941949 	2.198617379e-08 	0.002773678526 	4.923166967e-08 	5.287402174e-06
0.9613120254 	0.002560846171 	0.00123637566 	2.007517398e-08 	0.002783470098 	4.50982035e-08 	5.306067632e-06
0.962235086 	0.002572804396 	0.001241427147 	1.826366004e-08 	0.002792366282 	4.110229068e-08 	5.323026232e-06
0.963141158 	0.002584040508 	0.001246113117 	1.656122389e-08 	0.002800410309 	3.726942404e-08 	5.338360383e-06
0.9640305534 	0.002594586181 	0.001250448971 	1.49756637e-08 	0.002807638293 	3.362248408e-08 	5.352138929e-06
0.9649035784 	0.00260447366 	0.001254449355 	1.351296754e-08 	0.002814081359 	3.018108144e-08 	5.364421203e-06
0.9657605337 	0.002613735862 	0.001258128459 	1.217737801e-08 	0.002819767257 	2.696130663e-08 	5.375260106e-06
0.9666017145 	0.002622406044 	0.001261500132 	1.097151129e-08 	0.002824721548 	2.397578494e-08 	5.384704362e-06
0.9674274106 	0.002630517186 	0.001264577842 	9.896506633e-09 	0.002828968372 	2.123393652e-08 	5.392799988e-06
0.9682379063 	0.002638101217 	0.001267374533 	8.952187724e-09 	0.002832530867 	1.874234934e-08 	5.399591093e-06
0.9690334809 	0.002645188136 	0.001269902404 	8.137222778e-09 	0.002835431293 	1.650518877e-08 	5.405120111e-06
0.9698144087 	0.002651805103 	0.001272172646 	7.449274671e-09 	0.002837690928 	1.452458601e-08 	5.409427603e-06
0.9705809586 	0.00265797554 	0.001274195146 	6.885136122e-09 	0.002839329776 	1.280096638e-08 	5.412551704e-06
0.9713333949 	0.002663718244 	0.001275978179 	6.440847447e-09 	0.002840366145 	1.133329352e-08 	5.41452731e-06
0.972071977 	0.002669046525 	0.00127752809 	6.111796241e-09 	0.002840816179 	1.011921631e-08 	5.415385201e-06
0.9727969594 	0.00267396749 	0.001278848982 	5.892797186e-09 	0.002840693129 	9.155129813e-09 	5.415150634e-06
0.9735085922 	0.002678481359 	0.001279942414 	5.778149041e-09 	0.002840006549 	8.436146741e-09 	5.413841821e-06
0.9742071205 	0.00268258073 	0.001280807075 	5.761692111e-09 	0.002838761698 	7.956013928e-09 	5.411468789e-06
0.9748927854 	0.002686250009 	0.001281438482 	5.836833876e-09 	0.002836958631 	7.706968334e-09 	5.408031643e-06
0.9755658233 	0.002689464917 	0.001281828674 	5.99656462e-09 	0.002834591162 	7.679585404e-09 	5.403518589e-06
0.9762264663 	0.002692191944 	0.001281965897 	6.23347042e-09 	0.002831645934 	7.862634821e-09 	5.397904166e-06
0.9768749423 	0.002694387839 	0.001281834281 	6.539750063e-09 	0.002828101435 	8.242983859e-09 	5.391147365e-06
0.9775114751 	0.002695999163 	0.001281413542 	6.907200111e-09 	0.002823926998 	8.805476198e-09 	5.383189728e-06
0.9781362841 	0.002696961811 	0.001280678661 	7.327175966e-09 	0.002819081798 	9.532805968e-09 	5.373953431e-06
0.9787495851 	0.002697200464 	0.001279599543 	7.790595345e-09 	0.002813513799 	1.040553149e-08 	5.363339276e-06
0.9793515896 	0.002696628024 	0.001278140676 	8.287971882e-09 	0.002807158729 	1.140219134e-08 	5.351224746e-06
0.9799425054 	0.002695145026 	0.001276260803 	8.809461684e-09 	0.002799939103 	1.249946772e-08 	5.337462133e-06
0.9805225364 	0.002692639035 	0.001273912606 	9.344937107e-09 	0.002791763297 	1.367240754e-08 	5.321876774e-06
0.9810918828 	0.002688984033 	0.001271042444 	9.884097993e-09 	0.002782524693 	1.489470007e-08 	5.304265427e-06
0.9816507412 	0.002684039825 	0.00126759013 	1.04166309e-08 	0.002772100915 	1.613900855e-08 	5.284394809e-06
0.9821993045 	0.002677651477 	0.001263488817 	1.093242699e-08 	0.002760353175 	1.737735238e-08 	5.262000352e-06
0.9827377621 	0.002669648842 	0.001258664994 	1.142186826e-08 	0.002747125762 	1.858153674e-08 	5.236785227e-06
0.9832662998 	0.002659846197 	0.001253038673 	1.187618881e-08 	0.002732245707 	1.972362609e-08 	5.208419705e-06
0.9837851002 	0.00264804207 	0.001246523792 	1.228791089e-08 	0.002715522668 	2.077645809e-08 	5.176540945e-06
0.9842943424 	0.002634019311 	0.001239028921 	1.265134375e-08 	0.002696749097 	2.171420402e-08 	5.140753301e-06
0.9847942024 	0.002617545481 	0.001230458298 	1.296311428e-08 	0.002675700749 	2.251299499e-08 	5.100629301e-06
0.9852848526 	0.002598373634 	0.001220713269 	1.322267048e-08 	0.002652137627 	2.315149526e-08 	5.05571144e-06
0.9857664627 	0.002576243614 	0.001209694099 	1.34326388e-08 	0.002625805135 	2.361069727e-08 	5.005514393e-06
0.986239199 	0.002550884043 	0.001197302026 	1.359868798e-08 	0.002596434442 	2.387188358e-08 	4.949525687e-06
0.9867032246 	0.002522013369 	0.001183437585 	1.359032882e-08 	0.002563741183 	2.391277212e-08 	4.88720325e-06
0.9871587001 	0.002489337699 	0.00116750238 	1.313694622e-08 	0.00252740887 	2.371091809e-08 	4.817943762e-06
0.9876057827 	0.002452541329 	0.001149287621 	1.255608839e-08 	0.002487120813 	2.32678561e-08 	4.741143529e-06
0.9880446269 	0.0024113035 	0.001129086741 	1.207872119e-08 	0.002442578843 	2.259114621e-08 	4.656234155e-06
0.9884753843 	0.002365319628 	0.00110678156 	1.149884317e-08 	0.002393482734 	2.167928596e-08 	4.562643324e-06
0.9888982039 	0.002314300199 	0.001082230455 	1.082359051e-08 	0.002339541905 	2.05400009e-08 	4.459817113e-06
0.9893132316 	0.002257975866 	0.001055299954 	1.006110568e-08 	0.002280483735 	1.918783915e-08 	4.347235826e-06
0.989720611 	0.0021961054 	0.001025868991 	9.22073092e-09 	0.002216063386 	1.764278357e-08 	4.224432736e-06
0.9901204828 	0.002128486241 	0.000993834316 	8.313256087e-09 	0.002146074676 	1.59295692e-08 	4.091014804e-06
0.9905129853 	0.002054967314 	0.0009591170198 	7.351168087e-09 	0.002070362793 	1.407746642e-08 	3.946686912e-06
0.9908982542 	0.001975464032 	0.0009216700297 	6.348831562e-09 	0.001988838963 	1.212001553e-08 	3.791279833e-06
0.9912764225 	0.001889974977 	0.0008814862755 	5.322535115e-09 	0.001901497188 	1.009463471e-08 	3.624782135e-06
0.9916476211 	0.001798597379 	0.0008386061997 	4.290429089e-09 	0.001808431147 	8.042258453e-09 	3.447372393e-06
0.9920119783 	0.001710028199 	0.0007970974763 	3.35550278e-09 	0.001718451513 	6.174609251e-09 	3.275846203e-06
0.9922464807 	0.001634543226 	0.0007617550535 	2.61838414e-09 	0.001641911653 	4.696257182e-09 	3.129939956e-06
0.9924809859 	0.001564781594 	0.0007291170021 	1.981209064e-09 	0.001571281955 	3.416374123e-09 	2.995300122e-06
0.9927154937 	0.001491773384 	0.0006949822716 	1.363692844e-09 	0.00149746261 	2.174124576e-09 	2.854579933e-06
0.9929500042 	0.001415599105 	0.000659388453 	7.736169225e-10 	0.001420535036 	9.861735956e-10 	2.707934597e-06
0.9931845174 	0.001336396766 	0.0006223996444 	2.187510766e-10 	0.001340636777 	-1.307897865e-10 	2.555626308e-06
0.9934190332 	0.001254367424 	0.0005841092844 	-2.93282045e-10 	0.001257968546 	-1.160401451e-09 	2.398037682e-06
0.9936535518 	0.00116978216 	0.0005446433615 	-7.552316537e-10 	0.001172801024 	-2.087079149e-09 	2.235684715e-06
0.9938880731 	0.001082988415 	0.0005041634111 	-1.160494545e-09 	0.001085481598 	-2.896548312e-09 	2.06922962e-06
0.994122597 	0.000994414888 	0.000462868947 	-1.503433901e-09 	0.0009964402818 	-3.576617156e-09 	1.899492123e-06
0.9943571236 	0.0009045762815 	0.0004209989087 	-1.77973677e-09 	0.0009061895592 	-4.118988032e-09 	1.727449162e-06
0.994591653 	0.0008140739113 	0.0003788311567 	-1.98690004e-09 	0.0008153199631 	-4.517543096e-09 	1.554226456e-06
0.994826185 	0.0007235586327 	0.0003349696599 	-2.715353647e-09 	0.0007244736951 	-4.778850404e-09 	1.38104822e-06
0.9950607197 	0.0006337640802 	0.0002857198346 	-3.317419867e-09 	0.0006343750317 	-4.871502162e-09 	1.209295126e-06
0.9952952571 	0.0005458336858 	0.0002342642234 	-3.177184877e-09 	0.0005461794159 	-4.75460673e-09 	1.04116977e-06
0.9955297972 	0.0004613271943 	0.0001864739409 	-2.891317569e-09 	0.0004614664171 	-4.442795464e-09 	8.796832489e-07
0.99576434 	0.0003818363394 	0.00014346212 	-2.48190257e-09 	0.0003818285682 	-3.974724319e-09 	7.278713747e-07
0.9959988855 	0.0003087919387 	0.0001062061177 	-2.005658739e-09 	0.0003086922644 	-3.402203213e-09 	5.884532525e-07
0.9962334336 	0.0002433458559 	7.528535652e-05 	-1.520865779e-09 	0.0002431986197 	-2.781657323e-09 	4.636041628e-07
0.9964679845 	0.0001862779682 	5.080938136e-05 	-1.077211306e-09 	0.0001861170487 	-2.166839129e-09 	3.547908234e-07
0.996702538 	0.000137949045 	3.242414128e-05 	-7.082543347e-10 	0.0001377979319 	-1.601843881e-09 	2.626811572e-07
0.9969370943 	9.83026002e-05 	1.939620914e-05 	-4.285545644e-10 	9.817513024e-05 	-1.116882819e-09 	1.871490846e-07
0.9971716532 	6.690999972e-05 	1.075201002e-05 	-2.35689584e-10 	6.68119105e-05 	-7.272753557e-10 	1.273620708e-07
0.9974062148 	4.30446367e-05 	5.435554684e-06 	-1.156275522e-10 	4.297563523e-05 	-4.351060076e-10 	8.192350521e-08
0.9976407792 	2.576814189e-05 	2.448622952e-06 	-4.913595223e-11 	2.572410129e-05 	-2.324388191e-10 	4.90372867e-08
0.9978753462 	1.401410053e-05 	9.491442456e-07 	-1.722319011e-11 	1.398905782e-05 	-1.049487056e-10 	2.666703227e-08
0.9981099159 	6.660343015e-06 	2.995397796e-07 	-4.554903984e-12 	6.648085761e-06 	-3.516335122e-11 	1.26730992e-08
0.9983444883 	2.58730115e-06 	7.017086982e-08 	-7.466307044e-13 	2.582453795e-06 	-4.9628646e-12 	4.92287469e-09
0.9985790633 	7.266424197e-07 	1.032432601e-08 	-3.200508006e-14 	7.252681111e-07 	2.592809628e-12 	1.382562598e-09
0.9988136411 	1.15773749e-07 	6.69086982e-10 	7.554469091e-15 	1.155538833e-07 	1.539319231e-12 	2.20277818e-10
0.9990482216 	9.1731995e-09 	1.197042851e-11 	5.125303863e-16 	9.155746216e-09 	3.116564889e-13 	1.745339699e-11
0.9990482216 	9.1731995e-09 	1.197042851e-11 	5.125303863e-16 	9.155746216e-09 	3.116564889e-13 	1.745339699e-11
