5.285597238e-21 	0.00505842705 	-2.066485641e-16 	-1.189872291e-23 	8.442076679e-30 	4.860906322e-37 	2.798886005e-44
9.777528212e-19 	0.005732572334 	-1.817926298e-05 	2.117582368e-22 	0.002037226636 	-2.032879073e-20 	3.883520187e-06
0.001074327146 	0.005783871046 	-2.537394505e-05 	1.139309907e-06 	0.002916777397 	-0.0001267483153 	5.560188395e-06
0.002146986776 	0.006267894093 	-0.0002332193991 	1.072024374e-05 	0.003419335226 	-0.0001420876114 	6.518203296e-06
0.003217959715 	0.00799672729 	-0.0002768201834 	1.345300045e-05 	0.005016762532 	-0.0001879369695 	9.563343724e-06
0.004287226928 	0.0104291275 	-0.0009274589905 	3.532642175e-05 	0.007239172694 	-0.0002391445517 	1.379987518e-05
0.005354769522 	0.01248316075 	-0.002108809456 	6.634790312e-05 	0.009242240228 	-0.0002686025472 	1.761827862e-05
0.006420568743 	0.01363137379 	-0.002946726213 	7.530463519e-05 	0.01042860312 	-0.0002653734583 	1.987981603e-05
0.007484605976 	0.01410647495 	-0.003319444469 	6.719885305e-05 	0.01088868787 	-0.0002406705447 	2.075686543e-05
0.008546862746 	0.01422072009 	-0.003443623386 	5.7296596e-05 	0.01096392901 	-0.0002096625858 	2.090029596e-05
0.009607320712 	0.01419817531 	-0.003432424623 	4.78559025e-05 	0.01084782561 	-0.0001798847944 	2.067897062e-05
0.01066596167 	0.01414021929 	-0.003384246306 	3.963664682e-05 	0.01065933864 	-0.0001538908349 	2.031966205e-05
0.01172276756 	0.0140761312 	-0.003329055842 	3.290500678e-05 	0.01045631855 	-0.0001316807572 	1.993264934e-05
0.01277772044 	0.01401271629 	-0.003278294927 	2.741667762e-05 	0.0102636779 	-0.0001124370332 	1.956542272e-05
0.01383080251 	0.01395128538 	-0.003233864131 	2.28115264e-05 	0.01008962045 	-9.535571002e-05 	1.923362084e-05
0.01488199612 	0.01389253289 	-0.003195657159 	1.882970368e-05 	0.009936401363 	-7.988298e-05 	1.894154268e-05
0.01593128371 	0.01383621496 	-0.00316293714 	1.530053688e-05 	0.009802999958 	-6.566135118e-05 	1.868724252e-05
0.0169786479 	0.01378199438 	-0.003134712443 	1.211384224e-05 	0.009686952399 	-5.246001757e-05 	1.846602362e-05
0.01802407142 	0.01372948588 	-0.003109978774 	9.196518859e-06 	0.009585422042 	-4.012035826e-05 	1.827247854e-05
0.01906753711 	0.01367830473 	-0.003087873061 	6.498410378e-06 	0.009495772282 	-2.852577985e-05 	1.810158118e-05
0.02010902796 	0.01362812273 	-0.003067740596 	3.984440374e-06 	0.009415801503 	-1.758628651e-05 	1.794913465e-05
0.02114852709 	0.013578685 	-0.003049131129 	1.629773842e-06 	0.009343770901 	-7.230119768e-06 	1.78118243e-05
0.02190656462 	0.01354350661 	-0.003036971285 	1.318787666e-06 	0.009296981171 	-3.34805772e-06 	1.772263007e-05
0.02213602389 	0.01351264853 	-0.003023776995 	6.323551633e-07 	0.009267808945 	-2.142297127e-06 	1.76670197e-05
0.02298658729 	0.01340309943 	-0.002981132298 	2.808214731e-06 	0.009172837955 	-9.756676361e-06 	1.74859786e-05
0.02383601527 	0.01329755728 	-0.002944116821 	4.738388693e-06 	0.009088265557 	-1.688557989e-05 	1.73247601e-05
0.02468429274 	0.01319557369 	-0.002912087028 	6.449096164e-06 	0.0090127492 	-2.357574757e-05 	1.718080494e-05
0.0255314047 	0.01309681326 	-0.002884498192 	7.963112555e-06 	0.008945186608 	-2.986781164e-05 	1.705201186e-05
0.02637733621 	0.01300094089 	-0.002860890317 	9.300456647e-06 	0.008884608998 	-3.579724453e-05 	1.69365341e-05
0.02722207243 	0.01290756136 	-0.002840864459 	1.047878555e-05 	0.008830074976 	-4.139332878e-05 	1.68325771e-05
0.02806559858 	0.01281729622 	-0.002824039623 	1.151435401e-05 	0.008781446047 	-4.668947733e-05 	1.673987684e-05
0.02890789998 	0.01273100572 	-0.002810350643 	1.243468253e-05 	0.008739166995 	-5.176605483e-05 	1.665928122e-05
0.02974896199 	0.01263650174 	-0.002792748744 	1.315846444e-05 	0.008686285108 	-5.653213548e-05 	1.655847364e-05
0.03105328552 	0.01251776565 	-0.002785320286 	1.379265924e-05 	0.008646657439 	-6.166854196e-05 	1.648293229e-05
0.03237895466 	0.01238920091 	-0.002776773754 	1.165937246e-05 	0.008598474838 	-5.448998687e-05 	1.639108286e-05
0.03372619192 	0.01226366552 	-0.00277321046 	9.761265408e-06 	0.008557978781 	-4.768137008e-05 	1.631388612e-05
0.03509521438 	0.01214094771 	-0.002773715617 	8.056512896e-06 	0.008523780494 	-4.118067806e-05 	1.624869468e-05
0.03648623309 	0.01202028103 	-0.002777903543 	6.527521337e-06 	0.008494740665 	-3.495353833e-05 	1.61933367e-05
0.03789945241 	0.01190175659 	-0.00278544438 	5.160382136e-06 	0.008470447619 	-2.898352077e-05 	1.61470274e-05
0.03933506942 	0.01178529706 	-0.002796039376 	3.942112893e-06 	0.008450415719 	-2.325125668e-05 	1.610884103e-05
0.04079327314 	0.01167089134 	-0.002809410105 	2.860784782e-06 	0.008434257795 	-1.774154213e-05 	1.607803954e-05
0.04227424383 	0.01155851565 	-0.002825300929 	1.905383005e-06 	0.008421617022 	-1.244014188e-05 	1.605394271e-05
0.04377815219 	0.01144815983 	-0.002843474769 	1.065703333e-06 	0.008412184027 	-7.334635869e-06 	1.60359608e-05
0.04530515853 	0.01133981483 	-0.002863711805 	3.322684797e-07 	0.008405681757 	-2.41381905e-06 	1.602356567e-05
0.04608381709 	0.01128650712 	-0.002874890225 	1.299477684e-06 	0.008404185688 	-3.84830494e-06 	1.602071374e-05
0.04669962032 	0.01123112343 	-0.002869367728 	6.01564241e-07 	0.00838849666 	-1.688499169e-06 	1.59908061e-05
0.04795657 	0.01112295496 	-0.002859928365 	1.770294938e-06 	0.008360849798 	-4.998681762e-06 	1.593810349e-05
0.04923369681 	0.01101794815 	-0.002851954933 	2.883127097e-06 	0.008336324468 	-8.187454675e-06 	1.58913514e-05
0.05053116635 	0.01091603503 	-0.002845333971 	3.943849978e-06 	0.008314706866 	-1.126074195e-05 	1.585014224e-05
0.0518491351 	0.01081715101 	-0.002839961857 	4.955927147e-06 	0.008295802486 	-1.422396067e-05 	1.581410524e-05
0.0531877496 	0.0107212368 	-0.002835741791 	5.922498848e-06 	0.008279432095 	-1.708203293e-05 	1.578289872e-05
0.05454714558 	0.0106282339 	-0.002832585501 	6.84643701e-06 	0.00826543242 	-1.983944585e-05 	1.575621145e-05
0.05592744703 	0.0105380849 	-0.002830412352 	7.730392153e-06 	0.008253656014 	-2.250033415e-05 	1.573376235e-05
0.05732876521 	0.01045073175 	-0.002829147748 	8.576822215e-06 	0.008243966076 	-2.506844095e-05 	1.571529063e-05
0.05875119761 	0.01036611541 	-0.002828722165 	7.850696557e-06 	0.008236234045 	-2.303633198e-05 	1.570055123e-05
0.06019482689 	0.01028418843 	-0.002829069103 	6.871748716e-06 	0.008230342942 	-2.023846334e-05 	1.568932115e-05
0.06165971967 	0.01020492706 	-0.002830119468 	5.92846172e-06 	0.008226169648 	-1.752132958e-05 	1.568136569e-05
0.06314592535 	0.01012821372 	-0.002831784309 	5.018833679e-06 	0.008223478896 	-1.488094593e-05 	1.567623637e-05
0.06465775049 	0.01005347032 	-0.002833946827 	4.138682748e-06 	0.008221956628 	-1.230791466e-05 	1.567333451e-05
0.06623409489 	0.009979731835 	-0.002837120889 	3.266984739e-06 	0.008223078842 	-9.741595022e-06 	1.567547376e-05
0.06783446702 	0.009908175891 	-0.002840684372 	2.423705487e-06 	0.008225137231 	-7.245325903e-06 	1.567939762e-05
0.06945913953 	0.009839175808 	-0.002844731872 	1.607628432e-06 	0.008228550278 	-4.817137271e-06 	1.568590384e-05
0.07110838511 	0.009772562734 	-0.002849253895 	8.17461263e-07 	0.008233340674 	-2.454695113e-06 	1.569503566e-05
0.0727824764 	0.00970824274 	-0.002854208387 	5.172933472e-08 	0.008239396171 	-1.556311057e-07 	1.570657912e-05
0.07289842475 	0.009703979083 	-0.002854591715 	1.299773935e-07 	0.008239952693 	-3.929171555e-07 	1.570764001e-05
0.07426181252 	0.009649095941 	-0.002848510644 	8.027616143e-07 	0.0082361807 	-1.47084007e-06 	1.570044954e-05
0.0757472134 	0.009591700732 	-0.002842867908 	1.628071177e-06 	0.008233957776 	-2.986319097e-06 	1.569621203e-05
0.07725503592 	0.009535745099 	-0.002838086207 	2.416277777e-06 	0.008233458729 	-4.437425217e-06 	1.569526071e-05
0.07878553239 	0.009481159329 	-0.002834140572 	3.168203949e-06 	0.008234622316 	-5.825864274e-06 	1.569747883e-05
0.08033895541 	0.009427878273 	-0.002831007649 	3.884625733e-06 	0.00823739002 	-7.153291885e-06 	1.570275484e-05
0.08191555778 	0.009375841298 	-0.002828665553 	4.566279381e-06 	0.00824170552 	-8.421325294e-06 	1.571098139e-05
0.08351559245 	0.009324992463 	-0.002827093683 	4.526342702e-06 	0.008247514281 	-8.361490828e-06 	1.57220545e-05
0.08513931241 	0.009275280545 	-0.002826272535 	3.72604489e-06 	0.008254763224 	-6.895493559e-06 	1.5735873e-05
0.08678697065 	0.009226658927 	-0.002826183527 	2.958333584e-06 	0.00826340055 	-5.4854664e-06 	1.575233814e-05
0.08845882009 	0.009179085236 	-0.002826808816 	2.222622842e-06 	0.008273375601 	-4.130044759e-06 	1.577135336e-05
0.09015511346 	0.009132520815 	-0.002828131129 	1.518349204e-06 	0.008284638743 	-2.827882648e-06 	1.579282404e-05
0.0918761033 	0.009086930499 	-0.002830133576 	8.449655186e-07 	0.008297141694 	-1.577652283e-06 	1.581665814e-05
0.09362204182 	0.009042282494 	-0.002832799462 	2.019340147e-07 	0.00831083798 	-3.780499917e-07 	1.584276707e-05
0.09419342311 	0.009028163426 	-0.002833862261 	5.052741476e-07 	0.008315749666 	-1.619745693e-06 	1.585213011e-05
0.09531469617 	0.009001667805 	-0.002830312514 	5.622742398e-07 	0.008321741293 	-6.445160866e-07 	1.586355181e-05
0.09699468175 	0.008963598138 	-0.0028255888 	1.375880144e-06 	0.008331932535 	-1.56267709e-06 	1.588297915e-05
0.0986997996 	0.008926593 	-0.00282137242 	2.16833558e-06 	0.008343268721 	-2.440025983e-06 	1.590458907e-05
0.1004303306 	0.008890646518 	-0.002817643342 	2.940273324e-06 	0.008355709649 	-3.278014198e-06 	1.592830494e-05
0.1021865562 	0.008855731267 	-0.002814377075 	3.692241341e-06 	0.008369157329 	-4.076858996e-06 	1.595393996e-05
0.1039687584 	0.008821728966 	-0.002811524247 	4.424646191e-06 	0.008383455018 	-4.834875931e-06 	1.598119532e-05
0.105801143 	0.008788237392 	-0.002809104156 	4.647356468e-06 	0.008399248508 	-5.021811178e-06 	1.601130211e-05
0.1076898344 	0.008755207076 	-0.002807117576 	3.829256569e-06 	0.008416633574 	-4.091176724e-06 	1.604444287e-05
0.1096057252 	0.008723077971 	-0.002805495648 	3.030964854e-06 	0.00843477964 	-3.201829604e-06 	1.607903432e-05
0.1115490892 	0.008691887817 	-0.002804255807 	2.251932177e-06 	0.008453906575 	-2.351168306e-06 	1.611549557e-05
0.1135202004 	0.008661575169 	-0.002803380396 	1.491546356e-06 	0.008474099512 	-1.53826213e-06 	1.615398892e-05
0.1155193324 	0.008632084818 	-0.00280285041 	7.491434502e-07 	0.008495326987 	-7.624767561e-07 	1.619445439e-05
0.1175467585 	0.008603215945 	-0.00280264951 	2.420568671e-08 	0.008517433505 	-2.428858259e-08 	1.623659556e-05
0.1176158625 	0.008602263488 	-0.00280265434 	4.75065145e-08 	0.008518223628 	-1.598217816e-07 	1.623810175e-05
0.1195071859 	0.008570217496 	-0.00279896544 	7.516605235e-07 	0.008536028825 	-5.702636048e-07 	1.627204341e-05
0.1214927075 	0.008538477136 	-0.002795625247 	1.509428362e-06 	0.008556380438 	-1.125013501e-06 	1.631083924e-05
0.1235069599 	0.008507376143 	-0.002792749735 	2.246578944e-06 	0.008577381493 	-1.658589996e-06 	1.635087309e-05
0.1255502441 	0.008475220424 	-0.002789677593 	2.961899969e-06 	0.008595340699 	-2.190637879e-06 	1.638510832e-05
0.1286698652 	0.008431172026 	-0.002787679695 	4.010614591e-06 	0.008634709831 	-2.939311209e-06 	1.646015683e-05
0.1318034845 	0.008387862221 	-0.002785851475 	3.441263565e-06 	0.008670137565 	-2.47748891e-06 	1.652769194e-05
0.1349511188 	0.008347133971 	-0.002784948637 	2.368813097e-06 	0.008705686751 	-1.671631755e-06 	1.659545857e-05
0.1381127882 	0.008309438593 	-0.002784879987 	1.349723229e-06 	0.008742210967 	-9.350342439e-07 	1.666508388e-05
0.1413694387 	0.008273063855 	-0.002785599712 	3.574812774e-07 	0.00878134249 	-2.419656927e-07 	1.673967943e-05
0.1425900493 	0.008260063154 	-0.002786066629 	6.691528074e-07 	0.008796704314 	-2.395596441e-06 	1.676896334e-05
0.1445658929 	0.008241985344 	-0.002781812715 	7.403735928e-07 	0.008819822077 	-2.63893968e-07 	1.681303222e-05
0.1477280931 	0.008214745804 	-0.002775919258 	1.872546571e-06 	0.008858422668 	-6.344405204e-07 	1.688661568e-05
0.1509048918 	0.008189489136 	-0.002771028609 	2.948595722e-06 	0.008898176036 	-9.477354746e-07 	1.696239665e-05
0.1540963343 	0.008166171117 	-0.002767096693 	3.971227275e-06 	0.008938915387 	-1.206358887e-06 	1.704005717e-05
0.15730247 	0.008144732352 	-0.002764072392 	3.47563649e-06 	0.008980639764 	-9.934263279e-07 	1.711959543e-05
0.1605233532 	0.008125135637 	-0.002761908857 	2.418602917e-06 	0.009023363036 	-6.470927898e-07 	1.720103786e-05
0.1637590427 	0.008107294782 	-0.002760563886 	1.409017053e-06 	0.009066999845 	-3.505330778e-07 	1.728422175e-05
0.1670096021 	0.00809119159 	-0.002760002955 	4.448030322e-07 	0.009111460307 	-1.019490861e-07 	1.736897574e-05
0.1685683127 	0.008084197256 	-0.002760028968 	6.745839338e-07 	0.009133444958 	-2.650059344e-06 	1.74108846e-05
0.1702759792 	0.008076603132 	-0.002757581647 	5.644341789e-07 	0.009155290031 	-8.784125476e-08 	1.745252738e-05
0.1735378181 	0.008063593066 	-0.002753649302 	1.601485949e-06 	0.009198362547 	-2.1831467e-07 	1.753463557e-05
0.176816035 	0.008052174734 	-0.002750553295 	2.593409956e-06 	0.009242569549 	-3.019389189e-07 	1.76189064e-05
0.1801107166 	0.008042271278 	-0.002748239511 	3.542347212e-06 	0.009288068451 	-3.400572458e-07 	1.770563995e-05
0.1834219551 	0.008033790679 	-0.002746660978 	4.169969652e-06 	0.009334859491 	-3.129546184e-07 	1.779483668e-05
0.1867498487 	0.008026697885 	-0.002745778879 	3.177480142e-06 	0.009382958347 	-1.703734906e-07 	1.788652647e-05
0.1900945014 	0.008020937366 	-0.002745558166 	2.224005215e-06 	0.009432328515 	-7.058892398e-08 	1.798063973e-05
0.1934560237 	0.008016513532 	-0.00274598563 	1.307720591e-06 	0.009482890644 	-1.223234735e-08 	1.80770252e-05
0.1968739022 	0.008013243082 	-0.002746990337 	4.168848902e-07 	0.009535461863 	5.738226735e-09 	1.817724056e-05
0.1985304137 	0.008012140695 	-0.002747677423 	5.587604994e-07 	0.009561597112 	-2.367704961e-06 	1.82270616e-05
0.2002921667 	0.008011890546 	-0.002746292396 	5.105375836e-07 	0.009588216635 	6.157268066e-08 	1.827780581e-05
0.203671274 	0.008012383961 	-0.002744196797 	1.456756177e-06 	0.009640586222 	2.090720451e-07 	1.83776368e-05
0.2070684227 	0.008013840496 	-0.002742702938 	2.36853924e-06 	0.009694458629 	3.948836626e-07 	1.848033258e-05
0.2104837616 	0.00801621104 	-0.002741758761 	3.247805752e-06 	0.009749890132 	6.176718458e-07 	1.858600043e-05
0.213917447 	0.008019481292 	-0.002741327186 	4.096427483e-06 	0.009806879366 	8.761588672e-07 	1.869463775e-05
0.2173696432 	0.008023608209 	-0.002741383599 	3.283045158e-06 	0.009865328394 	7.810405396e-07 	1.880605785e-05
0.2208498461 	0.008028668065 	-0.002741912415 	2.395971827e-06 	0.009925495033 	6.286308241e-07 	1.892075218e-05
0.2244220358 	0.00803439068 	-0.002742746304 	1.519989173e-06 	0.009988599323 	4.369154299e-07 	1.90410465e-05
0.2280123558 	0.008040945551 	-0.002743970089 	6.72740347e-07 	0.01005334717 	2.10413451e-07 	1.916447388e-05
0.2309642662 	0.008046937905 	-0.002745238635 	1.793481919e-07 	0.01010757615 	-7.771619741e-07 	1.92678494e-05
0.231601588 	0.00804852414 	-0.002744915714 	1.649963048e-07 	0.01011896796 	5.894501577e-08 	1.928956536e-05
0.2351229535 	0.008057873961 	-0.002743348928 	1.055285851e-06 	0.01018346833 	4.003510932e-07 	1.941252099e-05
0.2386642333 	0.008067855388 	-0.002742100951 	1.921014253e-06 	0.01024964482 	7.709871367e-07 	1.953867177e-05
0.2422256574 	0.008078564528 	-0.002741189196 	2.763832622e-06 	0.01031745605 	1.170214397e-06 	1.966793882e-05
0.245844 	0.008089948616 	-0.002740488386 	3.594361008e-06 	0.0103876895 	1.602234119e-06 	1.98018233e-05
0.2495251984 	0.008101883787 	-0.002739902993 	3.401222097e-06 	0.01046053577 	1.592649583e-06 	1.994068853e-05
0.2532263804 	0.008114385909 	-0.002739475155 	2.548588627e-06 	0.01053519834 	1.250223829e-06 	2.008301614e-05
0.2569478097 	0.008127384946 	-0.002739129892 	1.716740538e-06 	0.01061170715 	8.797739817e-07 	2.022886319e-05
0.2606897621 	0.008140838245 	-0.002738816459 	9.043316009e-07 	0.01069009224 	4.829307781e-07 	2.037828696e-05
0.2644525256 	0.008154795076 	-0.002738541002 	1.099221463e-07 	0.01077030019 	6.104885517e-08 	2.053118561e-05
0.2649834881 	0.00815680665 	-0.00273848836 	1.322203752e-07 	0.01078182841 	-5.019798154e-07 	2.05531616e-05
0.2682013626 	0.008170638419 	-0.002736206342 	7.322973093e-07 	0.01084992718 	3.671742264e-07 	2.068297679e-05
0.2720083861 	0.008187047809 	-0.002733378946 	1.577746745e-06 	0.01093196101 	8.194022798e-07 	2.083935607e-05
0.2758373145 	0.008203808308 	-0.002730473725 	2.407156258e-06 	0.01101603853 	1.292204354e-06 	2.099963119e-05
0.2796884853 	0.008220866228 	-0.002727416422 	3.222049743e-06 	0.01110212684 	1.784328967e-06 	2.116373943e-05
0.28356225 	0.008238135953 	-0.00272412442 	3.657307881e-06 	0.01119027473 	2.085423947e-06 	2.133177381e-05
0.2874589747 	0.008255743172 	-0.002720614812 	2.850295207e-06 	0.01128055894 	1.670661428e-06 	2.150388061e-05
0.2914374958 	0.008273587402 	-0.002716623452 	2.044603989e-06 	0.01137414373 	1.229996486e-06 	2.168227922e-05
0.2954539871 	0.008291632823 	-0.002712188805 	1.249526836e-06 	0.01147034632 	7.700559569e-07 	2.18656681e-05
0.2994935987 	0.008309870175 	-0.00270734457 	4.669154987e-07 	0.01156861253 	2.943593676e-07 	2.20529908e-05
0.3019494975 	0.008320959277 	-0.002704094269 	4.150174663e-07 	0.01162936274 	-1.157463699e-06 	2.216879759e-05
0.3035411544 	0.008328835766 	-0.002701267277 	3.285673984e-07 	0.01166787045 	1.683671439e-07 	2.2242204e-05
0.3075897287 	0.00834887267 	-0.002693595098 	1.150307759e-06 	0.01176757345 	6.022007868e-07 	2.243226562e-05
0.3117070592 	0.008368970156 	-0.002685108645 	1.971979876e-06 	0.0118705664 	1.052965238e-06 	2.262859882e-05
0.3158763763 	0.008389031657 	-0.002675735854 	2.790100227e-06 	0.01197665389 	1.516723149e-06 	2.283083105e-05
0.3200711507 	0.008409047188 	-0.002665539256 	3.599925106e-06 	0.01208516615 	1.98862006e-06 	2.303768558e-05
0.3242918762 	0.008428941216 	-0.002654399076 	3.84644794e-06 	0.0121961239 	2.155170109e-06 	2.324920188e-05
0.3285390659 	0.008448808167 	-0.00264227583 	3.067683572e-06 	0.01230967189 	1.740453088e-06 	2.346565593e-05
0.3328661155 	0.008468566992 	-0.00262880275 	2.286937893e-06 	0.01242688781 	1.311791266e-06 	2.368910204e-05
0.3372333222 	0.008488129775 	-0.002613954846 	1.512058471e-06 	0.01254721306 	8.75241826e-07 	2.39184754e-05
0.3416275151 	0.008507460054 	-0.002597754547 	7.443121788e-07 	0.01267007097 	4.340091292e-07 	2.415267673e-05
0.3459484157 	0.008526120209 	-0.002580459118 	3.318431667e-08 	0.01279276514 	-4.805105953e-08 	2.438656592e-05
0.3460484185 	0.008526582788 	-0.002580015754 	1.873179749e-08 	0.01279557605 	9.334314764e-09 	2.43919243e-05
0.3504786873 	0.008546643621 	-0.00255900341 	8.355343695e-07 	0.01292209054 	4.175317846e-07 	2.463309607e-05
0.3549828372 	0.008566389702 	-0.002535973162 	1.65383109e-06 	0.01305237495 	8.271034694e-07 	2.488145437e-05
0.35951625 	0.00858579901 	-0.002511019994 	2.464542779e-06 	0.01318560066 	1.230765027e-06 	2.51354196e-05
0.3640795876 	0.008604838001 	-0.002484080627 	3.267628358e-06 	0.01332149785 	1.625960551e-06 	2.539447742e-05
0.3686755843 	0.008623624692 	-0.002454989907 	4.063438224e-06 	0.01346043759 	2.010367067e-06 	2.565933519e-05
0.373358679 	0.008642092091 	-0.002423257649 	4.031221105e-06 	0.01360336821 	1.978652613e-06 	2.593180066e-05
0.3780726351 	0.00866022062 	-0.002388984864 	3.27428756e-06 	0.01374939246 	1.590332242e-06 	2.621016347e-05
0.3828182057 	0.008678013527 	-0.002352197883 	2.525735685e-06 	0.01389799046 	1.211102247e-06 	2.649343256e-05
0.3875975535 	0.008695613631 	-0.002312642361 	1.785641231e-06 	0.01404963039 	8.432094998e-07 	2.678250042e-05
0.3924622408 	0.008712949327 	-0.002269742498 	1.04664883e-06 	0.01420519051 	4.854391695e-07 	2.707904123e-05
0.3973596973 	0.008729994372 	-0.002223533111 	3.192779385e-07 	0.01436382041 	1.449844187e-07 	2.738143392e-05
0.3995609819 	0.00873746223 	-0.002201457136 	1.180621501e-06 	0.01443583558 	-4.757426185e-07 	2.751871484e-05
0.4022763705 	0.008747617822 	-0.002173728839 	4.050492084e-07 	0.01452375876 	1.432939886e-07 	2.768632087e-05
0.4072278368 	0.008765750128 	-0.002119973444 	1.122912246e-06 	0.01468593949 	3.840854232e-07 	2.799548242e-05
0.4122531061 	0.008783654328 	-0.002061978251 	1.827928442e-06 	0.0148517713 	6.012095725e-07 	2.831160393e-05
0.4173143592 	0.008801330152 	-0.001999765039 	2.511399569e-06 	0.01502045509 	7.892385321e-07 	2.863316213e-05
0.422412537 	0.008818887788 	-0.001933197278 	3.171350388e-06 	0.01519173066 	9.457597461e-07 	2.895966096e-05
0.427575927 	0.008836429015 	-0.001861568046 	3.809337401e-06 	0.0153663175 	1.068902279e-06 	2.9292472e-05
0.4327946249 	0.008853920789 	-0.001784537715 	4.387875336e-06 	0.01554389397 	1.146229539e-06 	2.96309821e-05
0.4380519682 	0.008871456573 	-0.001702096888 	3.737483009e-06 	0.01572370937 	8.97331446e-07 	2.997376024e-05
0.4433556139 	0.008889239127 	-0.001613724734 	3.105651937e-06 	0.01590599066 	6.739029779e-07 	3.032123904e-05
0.4487334003 	0.008907361862 	-0.001518682514 	2.492471898e-06 	0.01609101693 	4.776248983e-07 	3.067395053e-05
0.4541517666 	0.008925906029 	-0.00141690777 	1.905839916e-06 	0.0162778525 	3.120520377e-07 	3.103011106e-05
0.4596118531 	0.008945111293 	-0.001308139253 	1.348483598e-06 	0.01646610023 	1.79483442e-07 	3.138896355e-05
0.4651459664 	0.008965304406 	-0.001191496265 	8.215406293e-07 	0.01665617753 	8.146344458e-08 	3.175130371e-05
0.4707278335 	0.008986587731 	-0.001066732515 	3.342231156e-07 	0.01684715523 	2.055136874e-08 	3.211536029e-05
0.4749329857 	0.009003455594 	-0.0009671735006 	1.479227047e-06 	0.01699009473 	-1.172709423e-07 	3.23878427e-05
0.4763506212 	0.00900947275 	-0.0009336012284 	1.082008385e-07 	0.01703797434 	-6.132040742e-09 	3.247911454e-05
0.4820326335 	0.009034893082 	-0.0007911736121 	5.004847483e-07 	0.01722834592 	-5.243889404e-08 	3.284201569e-05
0.4877703369 	0.00906233364 	-0.0006394491551 	8.358879296e-07 	0.01741826294 	-1.348767397e-07 	3.320405033e-05
0.493555219 	0.009091988359 	-0.0004786593892 	1.110210157e-06 	0.01760677715 	-2.544028856e-07 	3.35634108e-05
0.4994072706 	0.009123204352 	-0.0003078154495 	1.313591507e-06 	0.01779373977 	-4.114065184e-07 	3.391981352e-05
0.5053176938 	0.009158839692 	-0.0001260401496 	1.41776715e-06 	0.01797070431 	-4.824276059e-07 	3.425715712e-05
0.511278026 	0.00920894841 	6.532003397e-05 	1.41969978e-06 	0.01811747703 	2.096914386e-08 	3.453694672e-05
0.5173077372 	0.00927718547 	0.0002617212691 	1.406631836e-06 	0.01822912174 	1.16422859e-06 	3.474977256e-05
0.5233956724 	0.009366292393 	0.0004574464355 	1.475589009e-06 	0.01830257427 	2.660737867e-06 	3.48897935e-05
0.5295365024 	0.009473710264 	0.0006484901797 	1.627335987e-06 	0.01834512552 	4.181818517e-06 	3.497090801e-05
0.5357509981 	0.009595135166 	0.0008330332616 	1.779071397e-06 	0.01836751354 	5.176167139e-06 	3.501358579e-05
0.5420221314 	0.00972752953 	0.00101093676 	1.696672677e-06 	0.01837583013 	5.215732725e-06 	3.502943952e-05
0.5483526887 	0.009865221903 	0.001183357104 	1.503004858e-06 	0.01838037993 	4.841602506e-06 	3.50381127e-05
0.5547556326 	0.01000613058 	0.001350904263 	1.3104333e-06 	0.01838431946 	4.382859123e-06 	3.504562256e-05
0.5611453472 	0.01014749042 	0.001512699652 	1.146418344e-06 	0.01838912085 	3.925889752e-06 	3.505477534e-05
0.5674604494 	0.01028710854 	0.001667855372 	1.013559886e-06 	0.01839580861 	3.505264396e-06 	3.506752406e-05
0.5737018556 	0.01042420916 	0.001816352111 	9.025292266e-07 	0.01840464733 	3.135658241e-06 	3.508437311e-05
0.5798639363 	0.01055873064 	0.001958343681 	8.059777754e-07 	0.01841508399 	2.813130697e-06 	3.510426829e-05
0.5859581069 	0.01069063326 	0.002094364667 	7.220599033e-07 	0.01842740204 	2.531309891e-06 	3.512774992e-05
0.5919785117 	0.01081988145 	0.002224780822 	6.497330714e-07 	0.01844094882 	2.28648366e-06 	3.515357384e-05
0.5979243277 	0.01094649172 	0.002349872783 	5.872380818e-07 	0.01845541013 	2.073732397e-06 	3.518114112e-05
0.603806435 	0.01107047179 	0.002470113253 	5.334842404e-07 	0.018470978 	1.889134876e-06 	3.521081782e-05
0.6096166771 	0.01119181572 	0.002585722132 	4.874019061e-07 	0.01848702713 	1.730046206e-06 	3.524141192e-05
0.6153571087 	0.01131055167 	0.00269693354 	4.477212197e-07 	0.0185034864 	1.592703832e-06 	3.527278786e-05
0.6210352419 	0.01142671196 	0.002804124243 	4.138262333e-07 	0.01852041699 	1.474590369e-06 	3.530506226e-05
0.6266451332 	0.01154031326 	0.002907443348 	3.849488919e-07 	0.01853731539 	1.373652776e-06 	3.533727532e-05
0.6321888401 	0.01165138627 	0.003007090605 	3.602742909e-07 	0.01855422207 	1.287237522e-06 	3.536950414e-05
0.637672122 	0.01175996771 	0.003103366389 	3.394301546e-07 	0.01857113609 	1.213704405e-06 	3.540174697e-05
0.6430906123 	0.01186607942 	0.003196379459 	3.21877846e-07 	0.0185876738 	1.151596247e-06 	3.543327244e-05
0.6484456802 	0.01196975705 	0.003286280806 	3.070390556e-07 	0.01860387506 	1.099033571e-06 	3.546415654e-05
0.653742691 	0.01207103882 	0.003373321578 	2.94676828e-07 	0.01861977085 	1.054844227e-06 	3.549445835e-05
0.6589779999 	0.01216994667 	0.003457594713 	2.844572694e-07 	0.01863505499 	1.018098726e-06 	3.552359416e-05
0.6641527762 	0.01226651875 	0.003539193094 	2.759319223e-07 	0.01864971582 	9.874540986e-07 	3.555154177e-05
0.6692707843 	0.01236078796 	0.003618328292 	2.689491828e-07 	0.01866385792 	9.620098565e-07 	3.557850055e-05
0.6743305076 	0.01245277976 	0.003695098386 	2.633314725e-07 	0.01867723036 	9.412451797e-07 	3.560399213e-05
0.6793323654 	0.01254253317 	0.003769545403 	2.587021389e-07 	0.01868976049 	9.242145849e-07 	3.562787804e-05
0.6842786275 	0.01263007522 	0.003841837955 	2.5494786e-07 	0.01870160904 	9.101966078e-07 	3.565046468e-05
0.6891698224 	0.01271543323 	0.003912082559 	2.520056236e-07 	0.01871258922 	8.989240072e-07 	3.567139594e-05
0.6940055861 	0.01279864162 	0.003980295831 	2.496006869e-07 	0.01872258828 	8.897866915e-07 	3.569045694e-05
0.6987869863 	0.0128797291 	0.004046585355 	2.476148446e-07 	0.01873173769 	8.822284633e-07 	3.570789826e-05
0.7035162408 	0.01295872404 	0.004111069059 	2.460324453e-07 	0.01873997177 	8.760204821e-07 	3.572359471e-05
0.7081923019 	0.01303565204 	0.004173777508 	2.447159354e-07 	0.01874716393 	8.708739969e-07 	3.573730495e-05
0.7128159963 	0.01311054371 	0.004234743656 	2.434915583e-07 	0.01875333349 	8.663805304e-07 	3.574906584e-05
0.7173887898 	0.01318342381 	0.004294078859 	2.42357019e-07 	0.0187585604 	8.622675942e-07 	3.57590298e-05
0.7219111564 	0.01325431545 	0.00435184415 	2.413005869e-07 	0.01876272942 	8.584870557e-07 	3.57669771e-05
0.7263831588 	0.01332324653 	0.004408043599 	2.401553e-07 	0.01876578013 	8.547684527e-07 	3.577279261e-05
0.7308055292 	0.01339024273 	0.004462732164 	2.38859855e-07 	0.01876779239 	8.508943478e-07 	3.577662854e-05
0.7351796769 	0.0134553258 	0.00451599245 	2.374393429e-07 	0.01876876472 	8.467661221e-07 	3.577848206e-05
0.73950552 	0.0135185165 	0.004567852326 	2.358552649e-07 	0.01876861072 	8.423522807e-07 	3.57781885e-05
0.7437835465 	0.01357983982 	0.004618312716 	2.339747435e-07 	0.01876731301 	8.374725079e-07 	3.57757147e-05
0.7480144128 	0.01363931822 	0.004667426172 	2.317896624e-07 	0.01876494146 	8.320190968e-07 	3.577119388e-05
0.7521992977 	0.01369697099 	0.00471525156 	2.293357026e-07 	0.0187614742 	8.259787056e-07 	3.57645843e-05
0.7563381148 	0.01375281744 	0.004761799932 	2.265581836e-07 	0.01875684623 	8.193337783e-07 	3.575576211e-05
0.7604314361 	0.01380687944 	0.004807072487 	2.233517044e-07 	0.01875106033 	8.119826876e-07 	3.574473257e-05
0.7644798564 	0.01385917716 	0.00485110654 	2.197054757e-07 	0.01874416281 	8.038791065e-07 	3.573158399e-05
0.7684842987 	0.01390972755 	0.004893945782 	2.156557564e-07 	0.01873614228 	7.950305354e-07 	3.571629462e-05
0.772444869 	0.01395854822 	0.004935594064 	2.111685332e-07 	0.01872694532 	7.854438285e-07 	3.569876266e-05
0.7763620792 	0.0140056594 	0.004976046893 	2.061773855e-07 	0.01871657181 	7.750659966e-07 	3.567898788e-05
0.7802364736 	0.01405108092 	0.005015323505 	2.006847566e-07 	0.01870505344 	7.638963138e-07 	3.565703066e-05
0.784068756 	0.01409483002 	0.005053458808 	1.947443522e-07 	0.0186923941 	7.519592967e-07 	3.563289844e-05
0.7878592533 	0.01413692431 	0.005090459762 	1.883525732e-07 	0.01867855076 	7.392971114e-07 	3.560650918e-05
0.7916083725 	0.01417738409 	0.005126316447 	1.814440944e-07 	0.01866350971 	7.258827498e-07 	3.557783676e-05
0.7953166163 	0.01421622948 	0.005161038776 	1.740192482e-07 	0.01864730012 	7.117275223e-07 	3.554693678e-05
0.7989845177 	0.01425347932 	0.00519465081 	1.661239452e-07 	0.01862993106 	6.968582845e-07 	3.551382653e-05
0.8026125957 	0.0142891522 	0.005227168945 	1.571490315e-07 	0.01861138431 	6.785187317e-07 	3.547847126e-05
0.8062011484 	0.01432326908 	0.005258583858 	1.411134423e-07 	0.01859163467 	6.299173284e-07 	3.544082296e-05
0.8097506432 	0.01435585161 	0.00528890174 	1.258474518e-07 	0.01857070351 	5.838359931e-07 	3.540092234e-05
0.8132615384 	0.01438692205 	0.005318130149 	1.113512588e-07 	0.01854859664 	5.402178876e-07 	3.535878052e-05
0.8167343376 	0.01441650221 	0.005346293138 	9.766413919e-08 	0.01852533027 	4.989969541e-07 	3.531442834e-05
0.8201694132 	0.0144446145 	0.005373398127 	8.476818999e-08 	0.01850088319 	4.600496948e-07 	3.526782541e-05
0.8235671427 	0.01447128408 	0.005399438959 	7.26191315e-08 	0.01847525186 	4.232962749e-07 	3.521896498e-05
0.8269279557 	0.01449653664 	0.005424428829 	6.122476068e-08 	0.01844846251 	3.886764547e-07 	3.516789703e-05
0.8302522738 	0.01452039888 	0.005448376187 	5.057680838e-08 	0.01842052074 	3.561306492e-07 	3.511463224e-05
0.8335405447 	0.01454289809 	0.005471304966 	4.069754916e-08 	0.01839144842 	3.255945363e-07 	3.505921232e-05
0.8367931182 	0.01456406256 	0.005493224248 	3.156877656e-08 	0.01836123606 	2.969697576e-07 	3.500161917e-05
0.8400103692 	0.01458392342 	0.005514134818 	2.315684726e-08 	0.01832989364 	2.701890172e-07 	3.494187181e-05
0.8431926954 	0.0146025129 	0.005534054912 	1.546214006e-08 	0.01829745105 	2.451956815e-07 	3.488002721e-05
0.8463404884 	0.01461986476 	0.005552996032 	8.46516436e-09 	0.01826392199 	2.219321305e-07 	3.481611152e-05
0.8494541464 	0.01463601432 	0.005570984579 	2.16648046e-09 	0.01822933929 	2.003431181e-07 	3.475018726e-05
0.8525340258 	0.01465099796 	0.005588039037 	-3.456919465e-09 	0.01819371152 	1.803481368e-07 	3.468227085e-05
0.8555804738 	0.01466485492 	0.005604167567 	-8.450876714e-09 	0.01815705822 	1.618797785e-07 	3.461239947e-05
0.8585938611 	0.01467762623 	0.005619393031 	-1.284096815e-08 	0.01811942041 	1.448786201e-07 	3.454065134e-05
0.8615745533 	0.01468935434 	0.00563373504 	-1.666164789e-08 	0.01808082578 	1.292800224e-07 	3.446707923e-05
0.8645229106 	0.01470008396 	0.0056472165 	-1.994358894e-08 	0.01804131593 	1.150216595e-07 	3.439176249e-05
0.8674392955 	0.01470986131 	0.005659866316 	-2.270939189e-08 	0.01800093063 	1.020339529e-07 	3.431477687e-05
0.8703240268 	0.01471873475 	0.005671701576 	-2.499772334e-08 	0.01795969964 	9.024163112e-08 	3.423617915e-05
0.8731774496 	0.01472675569 	0.005682739765 	-2.684874871e-08 	0.0179176721 	7.958116457e-08 	3.415606298e-05
0.8759999066 	0.01473397773 	0.005693006501 	-2.829620698e-08 	0.01787490164 	6.99904725e-08 	3.40745306e-05
0.8787917362 	0.01474045682 	0.005702521283 	-2.938556544e-08 	0.01783143714 	6.140514927e-08 	3.399167517e-05
0.8815532721 	0.01474625169 	0.005711307751 	-3.016311056e-08 	0.01778734214 	5.376159853e-08 	3.390761785e-05
0.8842848443 	0.01475142296 	0.005719389915 	-3.067851612e-08 	0.0177426757 	4.698948595e-08 	3.382247121e-05
0.8869867601 	0.01475603334 	0.005726779875 	-3.099595924e-08 	0.01769749565 	4.101884954e-08 	3.373634547e-05
0.8896593419 	0.01476014781 	0.005733488402 	-3.118624145e-08 	0.01765187746 	3.579481859e-08 	3.364938452e-05
0.8923029083 	0.01476383201 	0.00573952476 	-3.132645387e-08 	0.01760589989 	3.128546416e-08 	3.35617385e-05
0.8949177738 	0.01476715118 	0.00574488529 	-3.154904369e-08 	0.01755964332 	2.751207931e-08 	3.347356062e-05
0.8975042491 	0.01477016829 	0.005749551374 	-3.212057902e-08 	0.01751320121 	2.444305324e-08 	3.338502904e-05
0.9000626414 	0.01477294543 	0.00575348676 	-3.34014852e-08 	0.0174666702 	2.169499055e-08 	3.329632802e-05
0.9025932443 	0.01477554387 	0.005756626691 	-3.505671513e-08 	0.01742014943 	1.8722853e-08 	3.320764649e-05
0.9050963565 	0.0147780427 	0.005758840331 	-3.713563073e-08 	0.01737369238 	1.468707227e-08 	3.311908645e-05
0.907572275 	0.01478060132 	0.005760094395 	-4.121479855e-08 	0.01732733384 	8.407867334e-09 	3.303071418e-05
0.9100212935 	0.01478351419 	0.0057600761 	-4.444288302e-08 	0.01728087051 	1.700921097e-09 	3.294214217e-05
0.9124437021 	0.01478714066 	0.005758668869 	-4.436121698e-08 	0.01723415923 	-3.243263596e-09 	3.285309748e-05
0.9148397876 	0.01479179434 	0.005755953286 	-3.988134204e-08 	0.01718723792 	-5.100447167e-09 	3.276365242e-05
0.9172098321 	0.01479766245 	0.005752498946 	-3.235050878e-08 	0.01714048635 	-4.33804764e-09 	3.267453094e-05
0.9195541108 	0.01480486469 	0.005749256211 	-2.499618756e-08 	0.01709456344 	-2.88691349e-09 	3.25869891e-05
0.9218729013 	0.01481356262 	0.005746491214 	-1.831957997e-08 	0.01704984274 	-1.510464193e-09 	3.250173901e-05
0.9241664782 	0.01482399998 	0.005744283739 	-1.229077748e-08 	0.01700656098 	-5.036868897e-10 	3.241923196e-05
0.9264351131 	0.01483649084 	0.005742729522 	-6.912783149e-09 	0.01696489203 	5.840068205e-11 	3.233979936e-05
0.9286790742 	0.01485135078 	0.005741925365 	-2.189675869e-09 	0.01692500319 	1.495888787e-10 	3.226376015e-05
0.9298318717 	0.01486045262 	0.005741946003 	-2.884523392e-07 	0.01690531949 	-1.639895864e-06 	3.222623754e-05
0.9308985279 	0.01486887453 	0.00574196414 	-1.986156458e-09 	0.01688710852 	4.457889656e-11 	3.219152237e-05
0.9330937405 	0.01488929709 	0.005742927263 	-5.613234074e-09 	0.01685146549 	5.642203287e-10 	3.212357684e-05
0.9352650794 	0.01491278004 	0.005744882926 	-8.587801897e-09 	0.01681836102 	1.690168356e-09 	3.206047052e-05
0.9374128007 	0.01493942978 	0.00574789307 	-1.092998467e-08 	0.01678821387 	3.54152484e-09 	3.200300168e-05
0.9395371583 	0.01496659304 	0.00575161047 	-1.275727906e-08 	0.01676362674 	6.203571385e-09 	3.195613178e-05
0.9409211491 	0.01499070658 	0.005755340391 	-1.34926074e-08 	0.0167458096 	8.562003634e-09 	3.192216735e-05
0.9422797468 	0.01501359082 	0.005759169515 	-1.407868975e-08 	0.01673158818 	1.092101232e-08 	3.189505738e-05
0.9436134151 	0.01503770711 	0.005763469951 	-1.444584561e-08 	0.01671909577 	1.336652535e-08 	3.187124338e-05
0.9449226089 	0.01506293887 	0.005768222767 	-1.461253477e-08 	0.01670840531 	1.597340098e-08 	3.185086438e-05
0.9462077753 	0.01508919651 	0.005773409514 	-1.460033398e-08 	0.01669952166 	1.873015143e-08 	3.183392968e-05
0.947469353 	0.01511641121 	0.005779012339 	-1.443161081e-08 	0.01669241452 	2.160152523e-08 	3.182038149e-05
0.9487077728 	0.01514452581 	0.005785013113 	-1.41286169e-08 	0.01668703142 	2.455322867e-08 	3.18101198e-05
0.9499234575 	0.01517348617 	0.005791392364 	-1.371396058e-08 	0.01668330339 	2.754826992e-08 	3.180301316e-05
0.9511168222 	0.01520323469 	0.005798128584 	-1.321058053e-08 	0.01668115315 	3.054591039e-08 	3.179891419e-05
0.9522882748 	0.01523370609 	0.005805197662 	-1.264182368e-08 	0.01668049891 	3.350243973e-08 	3.179766702e-05
0.9534382157 	0.01526482472 	0.005812572345 	-1.203155246e-08 	0.01668125392 	3.637198425e-08 	3.179910628e-05
0.9545670384 	0.01529650317 	0.005820221876 	-1.140404909e-08 	0.01668332592 	3.910700824e-08 	3.18030561e-05
0.9556751288 	0.01532864182 	0.005828111743 	-1.078383667e-08 	0.01668661602 	4.165860465e-08 	3.180932794e-05
0.9567628662 	0.01536112899 	0.005836203508 	-1.019542645e-08 	0.01669101686 	4.397659971e-08 	3.181771717e-05
0.9578306228 	0.01539384142 	0.005844454742 	-9.662998807e-09 	0.01669641125 	4.600961997e-08 	3.182800037e-05
0.958878764 	0.01542664506 	0.005852819069 	-9.21003626e-09 	0.016702671 	4.770526809e-08 	3.183993319e-05
0.9599076489 	0.01545939613 	0.005861246302 	-8.858943426e-09 	0.01670965624 	4.901061508e-08 	3.1853249e-05
0.9609176296 	0.01549194235 	0.005869682665 	-8.630695672e-09 	0.01671721512 	4.98731896e-08 	3.186765832e-05
0.9619090521 	0.01552412425 	0.005878071096 	-8.544546032e-09 	0.01672518391 	5.024247074e-08 	3.188284906e-05
0.9628822562 	0.01555577648 	0.005886351602 	-8.617793037e-09 	0.01673338761 	5.007163308e-08 	3.189848759e-05
0.9638375753 	0.01558672914 	0.005894461648 	-8.865589747e-09 	0.01674164079 	4.931912196e-08 	3.191422045e-05
0.9647753368 	0.01561680885 	0.005902336595 	-9.300769859e-09 	0.01674974926 	4.794981558e-08 	3.192967743e-05
0.9656958622 	0.01564583984 	0.005909910101 	-9.933704247e-09 	0.01675751131 	4.593550114e-08 	3.194447406e-05
0.9665994671 	0.01567364474 	0.005917114514 	-1.077222433e-08 	0.01676471909 	4.32550837e-08 	3.195821409e-05
0.9674864613 	0.0157000454 	0.005923881306 	-1.18215176e-08 	0.01677116089 	3.989451287e-08 	3.197049396e-05
0.968357149 	0.01572486356 	0.005930141429 	-1.308411904e-08 	0.01677662259 	3.584673401e-08 	3.198090548e-05
0.9692118292 	0.01574792137 	0.005935825596 	-1.455993961e-08 	0.0167808886 	3.111162683e-08 	3.198903768e-05
0.9700507949 	0.01576904187 	0.005940864563 	-1.624632578e-08 	0.01678374318 	2.569611521e-08 	3.199447929e-05
0.9708743343 	0.0157880493 	0.005945189331 	-1.813815478e-08 	0.01678497131 	1.961422773e-08 	3.199682046e-05
0.97168273 	0.01580476933 	0.005948731273 	-2.022795133e-08 	0.01678435932 	1.288696719e-08 	3.199565383e-05
0.9724762596 	0.015819029 	0.005951422196 	-2.250601808e-08 	0.01678169517 	5.541934592e-09 	3.199057523e-05
0.9732551957 	0.01583065656 	0.005953194327 	-2.496058052e-08 	0.01677676868 	-2.387205559e-09 	3.198118397e-05
0.9740198057 	0.01583948107 	0.005953980205 	-2.757794814e-08 	0.01676937132 	-1.086127886e-08 	3.196708254e-05
0.9747703525 	0.01584533177 	0.005953712499 	-3.034269009e-08 	0.01675929583 	-1.983609427e-08 	3.194787587e-05
0.9755070937 	0.01584803722 	0.00595232372 	-3.323782065e-08 	0.01674633554 	-2.926289794e-08 	3.192316993e-05
0.9762302828 	0.01584742418 	0.005949745837 	-3.624499143e-08 	0.01673028329 	-3.908886214e-08 	3.189256989e-05
0.9769401682 	0.01584331628 	0.005945909784 	-3.934469156e-08 	0.01671093018 	-4.925766361e-08 	3.185567749e-05
0.9776369939 	0.01583553226 	0.005940744848 	-4.251646259e-08 	0.01668806383 	-5.971015524e-08 	3.181208787e-05
0.9783209997 	0.01582388394 	0.005934177917 	-4.573914008e-08 	0.01666146633 	-7.03850984e-08 	3.176138564e-05
0.9789924206 	0.01580817381 	0.00592613259 	-4.899113672e-08 	0.01663091176 	-8.121992306e-08 	3.170314014e-05
0.9796514876 	0.01578819208 	0.005916528113 	-5.22507819e-08 	0.01659616326 	-9.215150944e-08 	3.163689984e-05
0.9802984274 	0.0157637133 	0.005905278112 	-5.549672751e-08 	0.01655696952 	-1.031170243e-07 	3.156218567e-05
0.9809334626 	0.01573449229 	0.005892289111 	-5.870841807e-08 	0.01651306068 	-1.14054882e-07 	3.147848322e-05
0.9815568118 	0.01570025933 	0.005877458782 	-6.186660684e-08 	0.0164641436 	-1.249059033e-07 	3.138523368e-05
0.9821686893 	0.01566071459 	0.005860673885 	-6.495389129e-08 	0.01640989623 	-1.356147857e-07 	3.128182312e-05
0.9827693059 	0.01561552148 	0.005841807857 	-6.795526545e-08 	0.01634996093 	-1.461320161e-07 	3.116756977e-05
0.9833588682 	0.01556429902 	0.005820717987 	-7.085864695e-08 	0.01628393679 	-1.564160551e-07 	3.10417094e-05
0.9839375792 	0.01550661288 	0.005797242138 	-7.365547393e-08 	0.01621137061 	-1.664358096e-07 	3.090337809e-05
0.9845056383 	0.01544196501 	0.005771194882 	-7.634159522e-08 	0.01613174616 	-1.761735088e-07 	3.075159176e-05
0.9850632409 	0.01536978144 	0.005742362993 	-7.891858291e-08 	0.01604447158 	-1.856277282e-07 	3.058522217e-05
0.9856105793 	0.01528939803 	0.005710500141 	-8.139563899e-08 	0.01594886475 	-1.948167331e-07 	3.040296898e-05
0.9861478418 	0.01520004349 	0.005675320636 	-8.379204874e-08 	0.01584413591 	-2.037824447e-07 	3.02033267e-05
0.9866752136 	0.01510081926 	0.005636492021 	-8.613979243e-08 	0.01572936739 	-2.125952792e-07 	2.9984546e-05
0.9871928764 	0.01499067568 	0.005593626339 	-8.848558247e-08 	0.0156034897 	-2.213597526e-07 	2.974458814e-05
0.9877010086 	0.01486838409 	0.005546269939 	-9.089150335e-08 	0.01546525383 	-2.302201673e-07 	2.948107214e-05
0.9881997853 	0.01473250484 	0.005493891736 	-9.343377462e-08 	0.01531319896 	-2.393643532e-07 	2.91912133e-05
0.9886893783 	0.01458134892 	0.005435868905 	-9.620765869e-08 	0.01514561056 	-2.490445751e-07 	2.887174323e-05
0.9891699566 	0.0144129309 	0.005371469222 	-9.931565424e-08 	0.01496046758 	-2.595453831e-07 	2.851880925e-05
0.9896416856 	0.01422494073 	0.005299842628 	-1.028483628e-07 	0.0147554396 	-2.711194033e-07 	2.812796894e-05
0.9901047282 	0.01403369087 	0.005227207229 	-1.065898949e-07 	0.01454833789 	-2.830294681e-07 	2.773317552e-05
0.9904027491 	0.01386312268 	0.00516258909 	-1.099358308e-07 	0.01436464156 	-2.935388375e-07 	2.738299927e-05
0.9907007766 	0.01369883463 	0.005100469604 	-1.132912563e-07 	0.01418842341 	-3.039360202e-07 	2.704707848e-05
0.9909988108 	0.01351922331 	0.005032680373 	-1.17047987e-07 	0.01399651288 	-3.154564499e-07 	2.668124367e-05
0.9912968515 	0.01332241207 	0.004958533014 	-1.21258586e-07 	0.01378700189 	-3.282379011e-07 	2.628185749e-05
0.9915948988 	0.0131062644 	0.004877245019 	-1.259786864e-07 	0.01355770468 	-3.424406288e-07 	2.584475329e-05
0.9918929527 	0.01286834838 	0.004787929805 	-1.312615916e-07 	0.01330613758 	-3.582357821e-07 	2.536519648e-05
0.9921910132 	0.01260589866 	0.004689585759 	-1.371496139e-07 	0.01302947772 	-3.757935608e-07 	2.483780589e-05
0.9924890802 	0.01231577885 	0.004581087568 	-1.436617859e-07 	0.01272452323 	-3.95265385e-07 	2.425647787e-05
0.9927871539 	0.01199444621 	0.004461181961 	-1.507791763e-07 	0.01238765618 	-4.167656037e-07 	2.361431566e-05
0.9930852341 	0.01163791646 	0.004328486496 	-1.584727253e-07 	0.01201480401 	-4.403492356e-07 	2.290355578e-05
0.993383321 	0.01124170337 	0.004180397282 	-1.688154441e-07 	0.01160136415 	-4.660870781e-07 	2.21154245e-05
0.9936814144 	0.01080085046 	0.004015071223 	-1.799010064e-07 	0.01114227018 	-4.937411595e-07 	2.12402638e-05
0.9939795144 	0.01031007843 	0.003831576501 	-1.896957294e-07 	0.01063214679 	-5.227303753e-07 	2.026782684e-05
0.994277621 	0.009763945312 	0.003627850811 	-1.999124916e-07 	0.01006543914 	-5.521946773e-07 	1.918752455e-05
0.9945757342 	0.009157115966 	0.003401791718 	-2.098610375e-07 	0.009436700501 	-5.80447955e-07 	1.798897395e-05
0.9948738539 	0.008484868242 	0.003151577286 	-2.186132952e-07 	0.008741107472 	-6.050993755e-07 	1.666298031e-05
0.9951719802 	0.007743911764 	0.002875955255 	-2.250443565e-07 	0.007975308503 	-6.23202997e-07 	1.520315463e-05
0.9954701132 	0.006933602931 	0.002574682142 	-2.278613125e-07 	0.007138731296 	-6.311218972e-07 	1.360840596e-05
0.9957682527 	0.006057617454 	0.002249124678 	-2.257061264e-07 	0.006235208551 	-6.2532884e-07 	1.188604049e-05
0.9960663988 	0.005125982393 	0.001902983005 	-2.172043234e-07 	0.005274739461 	-6.019390319e-07 	1.005511945e-05
0.9963645514 	0.004154948853 	0.001530543733 	-2.273832019e-07 	0.004271697138 	-5.671478609e-07 	8.143042001e-06
0.9966627107 	0.003168047646 	0.001105317106 	-2.168441361e-07 	0.003244559354 	-5.012802986e-07 	6.185031907e-06
0.9969608765 	0.002224521951 	0.0006834375813 	-1.566738524e-07 	0.002262367912 	-3.907475515e-07 	4.312702033e-06
0.9972590489 	0.001410235315 	0.0003591093246 	-9.262749317e-08 	0.001424459158 	-2.644555576e-07 	2.715415063e-06
0.9975572279 	0.0007878227161 	0.0001534623848 	-4.223295582e-08 	0.0007914024037 	-1.509973892e-07 	1.50863294e-06
0.9978554135 	0.0003744102261 	5.051717684e-05 	-1.402601963e-08 	0.0003747861287 	-7.029984895e-08 	7.144465277e-07
0.9981536057 	0.0001420025293 	1.173305725e-05 	-3.09374853e-09 	0.0001418842896 	-2.490980645e-08 	2.704708907e-07
0.9984518044 	3.78780087e-05 	1.62469073e-06 	-3.730244779e-10 	3.781719368e-05 	-5.74132743e-09 	7.20900819e-08
0.9987500097 	5.470893482e-06 	9.123563212e-08 	-1.442044007e-11 	5.460758155e-06 	-5.796901767e-10 	1.040972278e-08
0.9990482216 	3.497967631e-07 	1.178567746e-09 	1.138328267e-16 	3.491319516e-07 	-1.462478213e-12 	6.655425359e-10
0.9990482216 	3.497967631e-07 	1.178567746e-09 	1.138328267e-16 	3.491319516e-07 	-1.462478213e-12 	6.655425359e-10
