0.4709558481 	4.832732033e-07 	-1.795637947e-09 	2.817587615e-15 	4.823248163e-07 	-6.931552327e-13 	9.194451552e-10
0.4709558481 	4.832732033e-07 	-1.795637947e-09 	2.817587615e-15 	4.823248163e-07 	-6.931552327e-13 	9.194451552e-10
0.4711314108 	5.428266932e-06 	-7.873384545e-08 	1.273902307e-13 	5.412812201e-06 	-7.777915104e-12 	1.031832447e-08
0.4713069734 	3.031864899e-05 	-1.024063964e-06 	1.701824137e-12 	3.010121489e-05 	-4.321636777e-11 	5.738128179e-08
0.471482536 	0.0001015160594 	-6.326753366e-06 	1.074365704e-11 	9.949175925e-05 	-1.424014502e-10 	1.896589454e-07
0.4716580986 	0.0002538156637 	-2.512718912e-05 	4.325477038e-11 	0.0002416191998 	-3.430169086e-10 	4.605933494e-07
0.4718336613 	0.0005300718759 	-7.402453505e-05 	1.27623051e-10 	0.0004784977966 	-6.677905432e-10 	9.12149792e-07
0.4720092239 	0.0009813816128 	-0.0001748990054 	2.973190117e-10 	0.0008164099929 	-1.106368795e-09 	1.556304356e-06
0.4721847865 	0.001661172728 	-0.0003475591805 	5.727837032e-10 	0.00123960854 	-1.609697978e-09 	2.363038408e-06
0.4723603491 	0.002610183588 	-0.0006004750663 	9.44564382e-10 	0.00171356052 	-2.109042287e-09 	3.266522611e-06
0.4725359118 	0.003838627748 	-0.0009259298777 	1.375330706e-09 	0.002197402334 	-2.55325701e-09 	4.188859585e-06
0.4727114744 	0.005317826276 	-0.001303730308 	1.820198608e-09 	0.002659502154 	-2.925187582e-09 	5.069750276e-06
0.472887037 	0.006975047864 	-0.001707329692 	2.179800894e-09 	0.003094744414 	-3.568315131e-09 	5.899442992e-06
0.4730625996 	0.008590044715 	-0.002095338791 	2.504547162e-09 	0.003623778543 	-4.369858768e-09 	6.90792908e-06
0.4732381623 	0.01010153618 	-0.002463018532 	2.872303618e-09 	0.004258624598 	-5.017682815e-09 	8.118122107e-06
0.4734137249 	0.01160795274 	-0.002830333463 	3.22711906e-09 	0.004893747796 	-5.644535133e-09 	9.328843446e-06
0.4735892875 	0.01308836876 	-0.00319169364 	3.564493542e-09 	0.005518976843 	-6.241022292e-09 	1.052070378e-05
0.4737648501 	0.01452712784 	-0.003542519834 	3.884360087e-09 	0.00612560819 	-6.808679645e-09 	1.167711174e-05
0.4739404128 	0.01591310214 	-0.003880459453 	4.185707241e-09 	0.006709945694 	-7.345299836e-09 	1.279102142e-05
0.4741159754 	0.01723910638 	-0.004203788975 	4.468321909e-09 	0.007269032989 	-7.850283262e-09 	1.38567972e-05
0.474291538 	0.01850105852 	-0.004511512239 	4.732440312e-09 	0.007801122842 	-8.323664402e-09 	1.487110835e-05
0.4744671006 	0.01969724004 	-0.004803231909 	4.978745729e-09 	0.008305474939 	-8.765763575e-09 	1.583254362e-05
0.4746426632 	0.02082766601 	-0.005079021804 	5.208554327e-09 	0.008782097167 	-9.176959888e-09 	1.674111806e-05
0.4748182259 	0.02189357123 	-0.005339330445 	5.424144837e-09 	0.00923151128 	-9.557604697e-09 	1.759782626e-05
0.4749937885 	0.02289700359 	-0.005584923272 	5.629078092e-09 	0.009654580963 	-9.907965045e-09 	1.840431467e-05
0.4751693511 	0.02384051486 	-0.00581684509 	5.828397637e-09 	0.01005238251 	-1.022822549e-08 	1.916263497e-05
0.4753449137 	0.02472694617 	-0.006036390264 	6.028707368e-09 	0.01042611417 	-1.051863605e-08 	1.98750714e-05
0.4755204764 	0.02555933577 	-0.006243178686 	6.171430579e-09 	0.01077705736 	-1.078033295e-08 	2.054406665e-05
0.475696039 	0.02634096675 	-0.006434303047 	6.268062019e-09 	0.01110658318 	-1.10161673e-08 	2.117223446e-05
0.4758716016 	0.02707528808 	-0.006611306222 	6.371996264e-09 	0.01141606324 	-1.122802537e-08 	2.176218946e-05
0.4760471642 	0.02776551043 	-0.006777923194 	6.463180301e-09 	0.01170693695 	-1.141658651e-08 	2.23166756e-05
0.4762227269 	0.02850157431 	-0.006955944794 	6.552486097e-09 	0.01201742402 	-1.160519664e-08 	2.290855026e-05
0.4764955107 	0.02935166805 	-0.007161820888 	6.643702529e-09 	0.01237603524 	-1.180407855e-08 	2.359216291e-05
0.4767734216 	0.03021510415 	-0.0073710613 	6.720278526e-09 	0.01273992265 	-1.198027099e-08 	2.428583346e-05
0.4770565557 	0.03101373275 	-0.007564756622 	6.772339678e-09 	0.01307640939 	-1.211323926e-08 	2.49272707e-05
0.4773450114 	0.03175172691 	-0.00774391998 	6.799343181e-09 	0.01338745337 	-1.220218074e-08 	2.552020698e-05
0.4776388886 	0.03243298378 	-0.007909405208 	6.800209086e-09 	0.01367458198 	-1.224524536e-08 	2.606755391e-05
0.4779382892 	0.03306105731 	-0.008062030904 	6.773542279e-09 	0.01393926994 	-1.224005926e-08 	2.657212273e-05
0.4782433171 	0.03363915546 	-0.00820255267 	6.717790582e-09 	0.0141828759 	-1.218394171e-08 	2.703650339e-05
0.4785540779 	0.03417019528 	-0.008331657567 	6.631591219e-09 	0.0144066222 	-1.207446792e-08 	2.746302603e-05
0.4788706795 	0.03465724895 	-0.008450073905 	6.516499099e-09 	0.01461179557 	-1.191450394e-08 	2.78541435e-05
0.4791932316 	0.0351039132 	-0.008558666957 	6.375993544e-09 	0.01479992481 	-1.171049571e-08 	2.821277011e-05
0.4795218461 	0.03551364414 	-0.00865827071 	6.210822485e-09 	0.01497247806 	-1.146392645e-08 	2.854170457e-05
0.4798566368 	0.03588914325 	-0.00874953271 	6.020513381e-09 	0.01513058507 	-1.117400459e-08 	2.884310048e-05
0.48019772 	0.03623263538 	-0.008832987375 	5.805330173e-09 	0.01527517566 	-1.084129725e-08 	2.911873032e-05
0.4805452138 	0.03654613757 	-0.008909123154 	5.565447216e-09 	0.01540710191 	-1.046619437e-08 	2.937021843e-05
0.4808992388 	0.03683147454 	-0.0089783822 	5.300909512e-09 	0.01552713434 	-1.004882607e-08 	2.95990336e-05
0.4812599177 	0.03709029346 	-0.009041163168 	5.011658056e-09 	0.01563596642 	-9.58914732e-09 	2.980649779e-05
0.4816273755 	0.03732407862 	-0.009097825413 	4.697518224e-09 	0.01573422296 	-9.086911064e-09 	2.999380205e-05
0.4820017397 	0.03753416569 	-0.009148692382 	4.358197492e-09 	0.01582246613 	-8.541663368e-09 	3.016201808e-05
0.48238314 	0.03772175527 	-0.009194054814 	3.993286092e-09 	0.01590120118 	-7.952744398e-09 	3.031210897e-05
0.4827717088 	0.03788792557 	-0.009234173764 	3.602258808e-09 	0.01597088168 	-7.319291218e-09 	3.044493935e-05
0.4831675807 	0.03803364398 	-0.009269283388 	3.184477069e-09 	0.01603191443 	-6.640240903e-09 	3.056128475e-05
0.4835708931 	0.03815977761 	-0.009299593484 	2.739191126e-09 	0.01608466396 	-5.914333709e-09 	3.066184001e-05
0.4839817856 	0.03826710274 	-0.009325291775 	2.26554212e-09 	0.01612945646 	-5.14011603e-09 	3.074722696e-05
0.4844004009 	0.0383563133 	-0.009346545964 	1.762563974e-09 	0.01616658337 	-4.315943004e-09 	3.081800118e-05
0.4848268841 	0.03842802835 	-0.009363505553 	1.22918505e-09 	0.01619630459 	-3.439980703e-09 	3.087465808e-05
0.485261383 	0.03848279877 	-0.009376303464 	6.642296103e-10 	0.01621885125 	-2.510207971e-09 	3.091763828e-05
0.4857040484 	0.03852111309 	-0.009385057472 	6.641910742e-11 	0.01623442822 	-1.52441796e-09 	3.094733231e-05
0.4861550336 	0.03854340271 	-0.009389871465 	-5.65626622e-10 	0.01624321628 	-4.802194786e-10 	3.09640848e-05
0.4866144951 	0.03855004637 	-0.009390836554 	-1.233388165e-09 	0.01624537407 	6.249616674e-10 	3.096819815e-05
0.4870825921 	0.03854137414 	-0.009388032047 	-1.938445195e-09 	0.01624103975 	1.793881125e-09 	3.095993573e-05
0.487559487 	0.03851767087 	-0.009381526306 	-2.682474928e-09 	0.01623033248 	3.029474037e-09 	3.093952469e-05
0.4880453452 	0.03847917921 	-0.009371377492 	-3.467250137e-09 	0.01621335369 	4.334852362e-09 	3.090715841e-05
0.4885403351 	0.03842610222 	-0.009357634218 	-4.294636592e-09 	0.01619018825 	5.713301177e-09 	3.086299864e-05
0.4890446283 	0.03835860566 	-0.009340336125 	-5.166589706e-09 	0.01616090539 	7.168273583e-09 	3.080717736e-05
0.4895583997 	0.03827681995 	-0.00931951438 	-6.085150188e-09 	0.01612555959 	8.703383838e-09 	3.073979844e-05
0.4900818274 	0.03818084193 	-0.009295192121 	-7.05243841e-09 	0.01608419132 	1.032239828e-08 	3.066093903e-05
0.4906150929 	0.03807073634 	-0.009267384842 	-8.070647297e-09 	0.01603682771 	1.202922359e-08 	3.057065082e-05
0.4911583811 	0.03794653717 	-0.009236100744 	-9.142033417e-09 	0.01598348312 	1.382789197e-08 	3.046896121e-05
0.4917118805 	0.03780824886 	-0.009201341051 	-1.026890603e-08 	0.01592415968 	1.572254267e-08 	3.035587423e-05
0.4922757829 	0.0376558474 	-0.009163100299 	-1.145361388e-08 	0.01585884775 	1.771739961e-08 	3.023137155e-05
0.4928502838 	0.03748928132 	-0.009121366613 	-1.269852959e-08 	0.01578752643 	1.981674456e-08 	3.009541329e-05
0.4934355824 	0.03730847276 	-0.009076121973 	-1.400603139e-08 	0.01571016395 	2.202488577e-08 	2.994793889e-05
0.4940318817 	0.03711331843 	-0.009027342485 	-1.537848232e-08 	0.01562671814 	2.434612168e-08 	2.9788868e-05
0.4946393885 	0.03690369067 	-0.008974998664 	-1.681820671e-08 	0.01553713693 	2.678469978e-08 	2.961810131e-05
0.4952583133 	0.03667943864 	-0.008919055733 	-1.832746414e-08 	0.0154413588 	2.934477069e-08 	2.943552157e-05
0.4958888709 	0.03644038959 	-0.008859473955 	-1.990842095e-08 	0.01533931337 	3.203033782e-08 	2.924099462e-05
0.4965312797 	0.03618635035 	-0.008796209016 	-2.156311971e-08 	0.01523092205 	3.484520305e-08 	2.903437064e-05
0.4971857627 	0.03591710909 	-0.008729212455 	-2.329344707e-08 	0.01511609876 	3.779290919e-08 	2.881548554e-05
0.4978525466 	0.03563243734 	-0.008658432169 	-2.510110049e-08 	0.01499475083 	4.087668031e-08 	2.858416265e-05
0.4985318627 	0.03533209247 	-0.008583813014 	-2.69875546e-08 	0.01486677997 	4.409936096e-08 	2.834021464e-05
0.4992239466 	0.03501582056 	-0.008505297496 	-2.895402757e-08 	0.01473208356 	4.74633554e-08 	2.808344583e-05
0.4999290382 	0.03468335974 	-0.008422826588 	-3.100144812e-08 	0.01459055596 	5.09705677e-08 	2.78136549e-05
0.5006473819 	0.03433444401 	-0.008336340654 	-3.313042334e-08 	0.01444209017 	5.462234366e-08 	2.753063784e-05
0.501379227 	0.03396880735 	-0.008245780462 	-3.534120683e-08 	0.01428657952 	5.841941412e-08 	2.723419131e-05
0.502124827 	0.03358618757 	-0.008151088345 	-3.763366282e-08 	0.01412391971 	6.236183335e-08 	2.692411652e-05
0.5028844406 	0.03318632926 	-0.008052209225 	-4.000721942e-08 	0.01395401073 	6.644890249e-08 	2.660022277e-05
0.5036583311 	0.03276898415 	-0.007949088811 	-4.246084908e-08 	0.01377675126 	7.0679187e-08 	2.626231696e-05
0.5044467669 	0.03233390688 	-0.007841665862 	-4.499322711e-08 	0.01359201785 	7.505102772e-08 	2.591016373e-05
0.5052500214 	0.03188083701 	-0.007729896915 	-4.760259945e-08 	0.01339973605 	7.956227164e-08 	2.554362118e-05
0.506068373 	0.03134820223 	-0.007598665403 	-5.063285148e-08 	0.01317391106 	8.48093771e-08 	2.511313598e-05
0.507324668 	0.03066779485 	-0.007431204777 	-5.444481484e-08 	0.0128856089 	9.142170947e-08 	2.456355193e-05
0.5085949819 	0.02989657021 	-0.0072415645 	-5.869277222e-08 	0.0125589226 	9.880451555e-08 	2.394079705e-05
0.5098794711 	0.02909665478 	-0.007045093792 	-6.302636064e-08 	0.01222028794 	1.0635066e-07 	2.329526527e-05
0.5111782938 	0.02826851699 	-0.006841940819 	-6.7451105e-08 	0.01186996225 	1.140684379e-07 	2.262744713e-05
0.5124916099 	0.02741232709 	-0.006632151879 	-7.198037004e-08 	0.01150799755 	1.219790259e-07 	2.193744181e-05
0.5138195812 	0.02652790202 	-0.006415709858 	-7.662301832e-08 	0.01113435855 	1.300891238e-07 	2.122518203e-05
0.5151623712 	0.02561470986 	-0.00619251289 	-8.139216383e-08 	0.01074886549 	1.384269561e-07 	2.049032512e-05
0.5165201452 	0.02467204831 	-0.005962365817 	-8.629798392e-08 	0.01035113529 	1.470388166e-07 	1.973214081e-05
0.5178930705 	0.02370369325 	-0.005726176101 	-9.063181835e-08 	0.009942709694 	1.546800486e-07 	1.895356811e-05
0.5192813161 	0.02272080148 	-0.005486725883 	-9.350888216e-08 	0.009528439835 	1.597820508e-07 	1.816385462e-05
0.520685053 	0.02173488905 	-0.005246850487 	-9.519672102e-08 	0.009113246273 	1.628285839e-07 	1.737238029e-05
0.522104454 	0.02075434815 	-0.00500854689 	-9.604861092e-08 	0.008700570622 	1.644330203e-07 	1.65857058e-05
0.523539694 	0.01978732862 	-0.004773751425 	-9.592062307e-08 	0.008293793562 	1.642973371e-07 	1.581027567e-05
0.5249909497 	0.01884298324 	-0.004544659204 	-9.465361692e-08 	0.007896782191 	1.621079192e-07 	1.505346165e-05
0.5264583998 	0.0179320015 	-0.004323858566 	-9.200331102e-08 	0.007514105252 	1.574079603e-07 	1.432397305e-05
0.527942225 	0.01706642387 	-0.004114055001 	-8.862969165e-08 	0.007150312728 	1.521828007e-07 	1.363048339e-05
0.5294426081 	0.01625813757 	-0.003917318325 	-8.231875181e-08 	0.006808211245 	1.402665728e-07 	1.297834288e-05
0.5309597337 	0.01551533917 	-0.003738334183 	-7.365589831e-08 	0.006498730311 	1.229147886e-07 	1.23883862e-05
0.5324937889 	0.01481374481 	-0.003572946045 	-8.591515938e-08 	0.006245429443 	4.144066983e-08 	1.190552435e-05
0.5340449624 	0.01400801236 	-0.003387272835 	-9.677822108e-08 	0.006136640378 	-1.616934261e-08 	1.169814215e-05
0.5356134452 	0.01315556953 	-0.003190102579 	-8.836132724e-08 	0.006113916568 	3.194828358e-10 	1.165482425e-05
0.5371994306 	0.01239933292 	-0.003009849172 	-8.534476644e-08 	0.006069572731 	4.53919518e-09 	1.157029258e-05
0.5388031139 	0.01170147441 	-0.002836213843 	-8.409690383e-08 	0.006024453017 	6.838239172e-09 	1.148428186e-05
0.5404246925 	0.01105558542 	-0.002666838314 	-8.196762538e-08 	0.005981468758 	2.883499081e-09 	1.140234192e-05
0.5420643661 	0.01045936397 	-0.00250296008 	-8.013695386e-08 	0.005948468475 	-1.861844966e-09 	1.133943421e-05
0.5437223366 	0.009912265555 	-0.002344105359 	-7.821353487e-08 	0.005925306206 	-6.902272774e-09 	1.129528048e-05
0.5453988083 	0.00941429915 	-0.002190355501 	-7.617686701e-08 	0.005911558677 	-1.201641561e-08 	1.126907387e-05
0.5470939875 	0.008964865697 	-0.002041769131 	-7.404323503e-08 	0.005906681404 	-1.704700186e-08 	1.125977643e-05
0.5488080831 	0.008562734209 	-0.001898356049 	-7.182723761e-08 	0.005910008726 	-2.188852885e-08 	1.126611923e-05
0.5505413061 	0.00820613276 	-0.001760099286 	-6.95361909e-08 	0.005920788911 	-2.642895487e-08 	1.128666926e-05
0.5522938699 	0.007892897561 	-0.001626965222 	-6.718701239e-08 	0.005938175437 	-3.062687769e-08 	1.131981281e-05
0.5540659904 	0.007620725127 	-0.001499003992 	-6.454612644e-08 	0.005961337769 	-3.436042701e-08 	1.136396666e-05
0.5558578859 	0.0073877901 	-0.001376770826 	-6.153803432e-08 	0.005989427256 	-3.796356121e-08 	1.141751303e-05
0.5576697768 	0.007191624377 	-0.001259921712 	-5.915042784e-08 	0.006023032272 	-4.248179959e-08 	1.148157352e-05
0.5595018865 	0.00702854494 	-0.001146738618 	-5.761264772e-08 	0.006063525609 	-4.745122949e-08 	1.155876508e-05
0.5613544406 	0.006895460087 	-0.001036635613 	-5.603981498e-08 	0.006110110533 	-5.154040046e-08 	1.164756889e-05
0.563227667 	0.006789637793 	-0.0009298572259 	-5.437907992e-08 	0.006160918302 	-5.467012099e-08 	1.174442262e-05
0.5651217966 	0.006708089513 	-0.0008261869187 	-5.287884816e-08 	0.00621463415 	-5.715490962e-08 	1.184681996e-05
0.5670370626 	0.006648082626 	-0.000725330885 	-5.153626571e-08 	0.006270313735 	-5.916491054e-08 	1.195296072e-05
0.5689737009 	0.006607217456 	-0.0006270312013 	-5.032924746e-08 	0.006327257896 	-6.079990932e-08 	1.206151212e-05
0.5709319499 	0.006583393842 	-0.0005310600247 	-4.922769233e-08 	0.006384899907 	-6.210765693e-08 	1.217139381e-05
0.5729120508 	0.006574773027 	-0.0004372154219 	-4.8223953e-08 	0.006442784368 	-6.314833498e-08 	1.228173768e-05
0.5749142474 	0.006579744725 	-0.0003453194631 	-4.731569719e-08 	0.006500544413 	-6.397323517e-08 	1.239184438e-05
0.5769387863 	0.00659689751 	-0.0002552167953 	-4.649245158e-08 	0.006557882044 	-6.461622426e-08 	1.250114585e-05
0.5789859169 	0.006624991834 	-0.0001667709005 	-4.574505431e-08 	0.00661455623 	-6.510756685e-08 	1.26091826e-05
0.5810558911 	0.006662936993 	-7.986275095e-05 	-4.505878215e-08 	0.006670367059 	-6.546899591e-08 	1.271557355e-05
0.583148964 	0.006709771166 	5.604722866e-06 	-4.443504659e-08 	0.006725153346 	-6.571941139e-08 	1.282001144e-05
0.5852653933 	0.006764642462 	8.972830345e-05 	-4.388439764e-08 	0.006778786253 	-6.587685518e-08 	1.292225066e-05
0.5874054395 	0.006826797576 	0.0001726095619 	-4.338656289e-08 	0.006831151448 	-6.595323338e-08 	1.302207328e-05
0.5895693664 	0.006895568178 	0.0002543185678 	-4.29275465e-08 	0.006882157727 	-6.595868032e-08 	1.311930542e-05
0.5917574402 	0.006970356569 	0.0003349086319 	-4.251049257e-08 	0.006931732007 	-6.590225077e-08 	1.321380778e-05
0.5939699306 	0.007050628617 	0.0004144360802 	-4.213193113e-08 	0.006979810062 	-6.579096339e-08 	1.330545792e-05
0.5962071099 	0.007135905248 	0.0004929504686 	-4.17886977e-08 	0.007026340119 	-6.563112406e-08 	1.339415714e-05
0.5984692536 	0.00722575541 	0.0005704952319 	-4.147786356e-08 	0.007071278487 	-6.542794206e-08 	1.347982216e-05
0.6007566404 	0.007319789992 	0.0006471083064 	-4.119673826e-08 	0.007114588566 	-6.518583728e-08 	1.356238321e-05
0.6030695519 	0.007417656563 	0.000722822642 	-4.094284761e-08 	0.007156239679 	-6.490860078e-08 	1.36417818e-05
0.6054082729 	0.00751903482 	0.0007976666437 	-4.071391025e-08 	0.007196206149 	-6.459951993e-08 	1.3717969e-05
0.6077730914 	0.007623632616 	0.0008716645496 	-4.050781352e-08 	0.007234466576 	-6.426147771e-08 	1.379090401e-05
0.6101642987 	0.007731182499 	0.0009448367544 	-4.032259114e-08 	0.007271003267 	-6.389703401e-08 	1.38605531e-05
0.6125821893 	0.007841438681 	0.001017200087 	-4.015640313e-08 	0.007305801811 	-6.350849158e-08 	1.392688879e-05
0.6150270608 	0.007954174363 	0.001088768047 	-4.000751799e-08 	0.007338850744 	-6.30979498e-08 	1.398988925e-05
0.6174992144 	0.008069179372 	0.001159551014 	-3.98742968e-08 	0.007370141322 	-6.266734865e-08 	1.404953778e-05
0.6199989545 	0.008186258059 	0.001229556417 	-3.975517896e-08 	0.007399667352 	-6.221850489e-08 	1.41058226e-05
0.622526589 	0.008305227422 	0.001298788896 	-3.96486692e-08 	0.007427425088 	-6.175314218e-08 	1.415873656e-05
0.625082429 	0.008425915414 	0.001367250429 	-3.955332584e-08 	0.007453413175 	-6.127291621e-08 	1.420827708e-05
0.6276667894 	0.008548159421 	0.001434940456 	-3.946774979e-08 	0.007477632632 	-6.077943627e-08 	1.42544461e-05
0.6302799884 	0.008671804875 	0.001501855981 	-3.93905745e-08 	0.007500086868 	-6.027428377e-08 	1.429725011e-05
0.6329223478 	0.008796703992 	0.001567991671 	-3.932045667e-08 	0.007520781724 	-5.975902859e-08 	1.433670026e-05
0.6355941931 	0.008922714614 	0.00163333994 	-3.925606752e-08 	0.007539725528 	-5.923524378e-08 	1.437281242e-05
0.6382958531 	0.009049699147 	0.001697891041 	-3.919608473e-08 	0.007556929182 	-5.870451906e-08 	1.440560736e-05
0.6410276607 	0.009177523581 	0.001761633135 	-3.913918476e-08 	0.00757240624 	-5.816847352e-08 	1.443511094e-05
0.6437899523 	0.009306056581 	0.001824552383 	-3.908403574e-08 	0.007586173016 	-5.762876776e-08 	1.446135424e-05
0.646583068 	0.009435168658 	0.001886633016 	-3.902929064e-08 	0.007598248678 	-5.708711568e-08 	1.44843738e-05
0.6494073518 	0.009564731399 	0.001947857422 	-3.897358084e-08 	0.007608655359 	-5.654529623e-08 	1.450421183e-05
0.6522631514 	0.009694616758 	0.002008206232 	-3.891550986e-08 	0.007617418256 	-5.600516499e-08 	1.452091635e-05
0.6551508186 	0.009824696412 	0.002067658407 	-3.885364753e-08 	0.007624565735 	-5.546866584e-08 	1.453454143e-05
0.658070709 	0.009954841182 	0.002126191342 	-3.878652427e-08 	0.007630129424 	-5.493784243e-08 	1.454514737e-05
0.6610231822 	0.01008492051 	0.002183780967 	-3.871262571e-08 	0.007634144293 	-5.44148497e-08 	1.455280082e-05
0.6640086017 	0.01021480201 	0.002240401867 	-3.863038756e-08 	0.007636648727 	-5.390196491e-08 	1.455757497e-05
0.6670273351 	0.01034435108 	0.002296027404 	-3.853819085e-08 	0.007637684576 	-5.340159822e-08 	1.455954959e-05
0.6700797543 	0.01047343062 	0.002350629862 	-3.843435748e-08 	0.007637297183 	-5.29163023e-08 	1.455881111e-05
0.6731662352 	0.0106019008 	0.002404180597 	-3.831714627e-08 	0.007635535386 	-5.244878058e-08 	1.455545263e-05
0.6762871577 	0.01072961892 	0.002456650209 	-3.818474945e-08 	0.007632451482 	-5.200189373e-08 	1.454957386e-05
0.6794429063 	0.0108564394 	0.002508008731 	-3.803528985e-08 	0.00762810116 	-5.157866352e-08 	1.454128093e-05
0.6826338695 	0.01098221388 	0.002558225834 	-3.78668188e-08 	0.007622543374 	-5.118227327e-08 	1.453068625e-05
0.6858604404 	0.01110679142 	0.002607271059 	-3.767731482e-08 	0.007615840177 	-5.081606424e-08 	1.451790809e-05
0.6891230163 	0.01123001887 	0.002655114066 	-3.746468343e-08 	0.00760805648 	-5.04835266e-08 	1.45030702e-05
0.6924219988 	0.01135174137 	0.002701724912 	-3.72267581e-08 	0.007599259753 	-5.018828398e-08 	1.448630119e-05
0.6957577944 	0.01147180303 	0.002747074356 	-3.696130254e-08 	0.00758951964 	-4.993407014e-08 	1.446773383e-05
0.6991308138 	0.0115900478 	0.002791134188 	-3.666601471e-08 	0.007578907495 	-4.972469629e-08 	1.444750413e-05
0.7025414724 	0.01170632055 	0.002833877593 	-3.633853263e-08 	0.007567495828 	-4.956400759e-08 	1.442575032e-05
0.7059901901 	0.01182046831 	0.002875279543 	-3.597644234e-08 	0.007555357648 	-4.945582718e-08 	1.440261158e-05
0.7094773917 	0.01193234183 	0.002915317225 	-3.557728828e-08 	0.007542565725 	-4.940388649e-08 	1.437822662e-05
0.7130035066 	0.01204179726 	0.002953970497 	-3.513858615e-08 	0.00752919173 	-4.941174117e-08 	1.435273207e-05
0.7165689691 	0.01214869824 	0.002991222382 	-3.465783779e-08 	0.007515305302 	-4.948267262e-08 	1.432626068e-05
0.7201742182 	0.01225291805 	0.003027059594 	-3.413254968e-08 	0.007500972967 	-4.961958052e-08 	1.429893926e-05
0.7238196978 	0.01235434205 	0.003061472979 	-3.356025476e-08 	0.007486256997 	-4.982483846e-08 	1.427088653e-05
0.727505857 	0.01245286968 	0.003094458088 	-3.293848623e-08 	0.007471215644 	-5.009997599e-08 	1.424221354e-05
0.7312331497 	0.01254841454 	0.003126014797 	-3.226491618e-08 	0.007455904805 	-5.044594667e-08 	1.421302682e-05
0.7350020349 	0.0126406547 	0.003156065272 	-3.153941711e-08 	0.007440426039 	-5.086101753e-08 	1.418351999e-05
0.7387709215 	0.01272881164 	0.003184388194 	-3.076458749e-08 	0.007424976526 	-5.134067284e-08 	1.415406892e-05
0.7424982157 	0.01281227372 	0.00321082708 	-2.994593364e-08 	0.007409739135 	-5.187898756e-08 	1.412502222e-05
0.7461843763 	0.01289105834 	0.003235431886 	-2.909690942e-08 	0.00739477987 	-5.245738314e-08 	1.40965057e-05
0.7498298574 	0.01296544276 	0.003258331492 	-2.822517801e-08 	0.007380103385 	-5.305682955e-08 	1.406852825e-05
0.7534351078 	0.01303571571 	0.00327965218 	-2.732300719e-08 	0.007365702975 	-5.367716485e-08 	1.404107706e-05
0.7570005716 	0.01310217332 	0.003299516767 	-2.638605451e-08 	0.007351565103 	-5.431780178e-08 	1.401412635e-05
0.7605266877 	0.01316511875 	0.003318045403 	-2.541811163e-08 	0.007337669859 	-5.496921606e-08 	1.398763815e-05
0.7640138905 	0.0132248612 	0.003335355774 	-2.44232154e-08 	0.007323992003 	-5.562053923e-08 	1.396156436e-05
0.7674626093 	0.01328171447 	0.003351562941 	-2.340438059e-08 	0.007310502247 	-5.62609522e-08 	1.393584913e-05
0.770873269 	0.01333599547 	0.003366779193 	-2.236404267e-08 	0.007297168666 	-5.688074418e-08 	1.391043162e-05
0.7742462894 	0.01338802293 	0.003381113938 	-2.130436484e-08 	0.007283958003 	-5.747073437e-08 	1.388524843e-05
0.777582086 	0.01343811619 	0.003394673626 	-2.02276552e-08 	0.007270836875 	-5.802162846e-08 	1.386023591e-05
0.7808810695 	0.01348659405 	0.003407561686 	-1.913604308e-08 	0.007257772837 	-5.852491317e-08 	1.383533222e-05
0.7841436462 	0.01353377419 	0.003419878546 	-1.803121609e-08 	0.007244735117 	-5.897378393e-08 	1.38104787e-05
0.787370218 	0.01357997267 	0.003431721689 	-1.691499445e-08 	0.007231695199 	-5.936149006e-08 	1.3785621e-05
0.7905611821 	0.0136255031 	0.003443185605 	-1.578930249e-08 	0.007218627655 	-5.968106762e-08 	1.376071062e-05
0.7937169314 	0.01367067603 	0.003454361764 	-1.465585463e-08 	0.007205510829 	-5.992631281e-08 	1.373570631e-05
0.7968378547 	0.01371579861 	0.003465338668 	-1.351619613e-08 	0.007192327284 	-6.009177159e-08 	1.371057481e-05
0.7999243362 	0.01376117433 	0.003476201874 	-1.23717421e-08 	0.007179064184 	-6.017267386e-08 	1.368529165e-05
0.8029767561 	0.01380710282 	0.003487034037 	-1.122376262e-08 	0.007165713625 	-6.016487119e-08 	1.365984178e-05
0.8059954902 	0.01385387962 	0.00349791494 	-1.007338437e-08 	0.007152272919 	-6.006479629e-08 	1.363422006e-05
0.8089809102 	0.01390179608 	0.003508921535 	-8.921596465e-09 	0.007138744847 	-5.986941954e-08 	1.360843179e-05
0.8119333839 	0.01395113922 	0.003520127979 	-7.76925912e-09 	0.007125137888 	-5.957618269e-08 	1.358249314e-05
0.8148532749 	0.01400219152 	0.003531605665 	-6.617118389e-09 	0.007111466445 	-5.918291104e-08 	1.355643157e-05
0.8177409426 	0.01405523078 	0.003543423242 	-5.465827228e-09 	0.007097751096 	-5.868770225e-08 	1.353028631e-05
0.8205967427 	0.01411052984 	0.003555646631 	-4.315972708e-09 	0.007084018875 	-5.808878942e-08 	1.350410888e-05
0.8234210268 	0.01416835615 	0.003568339019 	-3.168109068e-09 	0.00707030362 	-5.738437546e-08 	1.347796379e-05
0.8262141429 	0.0142289713 	0.003581560841 	-2.022796264e-09 	0.00705664642 	-5.657243469e-08 	1.345192937e-05
0.8289764348 	0.0142926303 	0.003595369741 	-8.806437601e-10 	0.007043096183 	-5.565047605e-08 	1.342609885e-05
0.8317082427 	0.01435958062 	0.003609820503 	2.576407017e-10 	0.007029710369 	-5.461526166e-08 	1.340058177e-05
0.8344099031 	0.01443006098 	0.003624964956 	1.391197807e-09 	0.007016555942 	-5.346247344e-08 	1.337550578e-05
0.8370817486 	0.01450429975 	0.003640851844 	2.518959537e-09 	0.007003710597 	-5.218632043e-08 	1.335101898e-05
0.8397241082 	0.01458251289 	0.003657526651 	3.639589055e-09 	0.006991264332 	-5.077907928e-08 	1.332729294e-05
0.8423373074 	0.0146649014 	0.003675031386 	4.751419027e-09 	0.006979321448 	-4.923056149e-08 	1.330452648e-05
0.844921668 	0.014751648 	0.003693404304 	5.85239021e-09 	0.006968003094 	-4.752750375e-08 	1.328295055e-05
0.8474775082 	0.01484291317 	0.003712679573 	6.939992635e-09 	0.006957450465 	-4.565288155e-08 	1.326283431e-05
0.8500051427 	0.01493883004 	0.003732886865 	8.011212622e-09 	0.006947828796 	-4.358515442e-08 	1.324449273e-05
0.8525048829 	0.01503949832 	0.003754050875 	9.062490019e-09 	0.006939332311 	-4.129746526e-08 	1.322829607e-05
0.8549770366 	0.01514497684 	0.003776190739 	1.008969067e-08 	0.006932190283 	-3.875684311e-08 	1.321468138e-05
0.8574219081 	0.01525527463 	0.003799319374 	1.108809903e-08 	0.00692667439 	-3.592351266e-08 	1.320416656e-05
0.8598397987 	0.01537034041 	0.003823442689 	1.205245139e-08 	0.0069231075 	-3.275050996e-08 	1.319736707e-05
0.862231006 	0.01549005037 	0.003848558686 	1.297700229e-08 	0.006921874001 	-2.91841545e-08 	1.319501568e-05
0.8645958245 	0.01561419453 	0.003874656452 	1.385577359e-08 	0.006923431615 	-2.516608048e-08 	1.319798493e-05
0.8669345455 	0.01574246343 	0.00390171575 	1.468434919e-08 	0.006928324515 	-2.063800004e-08 	1.320731215e-05
0.8692474569 	0.01587444021 	0.003929706324 	1.545934863e-08 	0.006937189619 	-1.55646034e-08 	1.322421151e-05
0.8715348435 	0.01600961452 	0.003958593289 	1.619304437e-08 	0.006950753411 	-9.948396259e-09 	1.325006786e-05
0.8737969871 	0.01614752785 	0.003988383532 	1.698532224e-08 	0.006969772697 	-3.918997815e-09 	1.328632391e-05
0.8760341663 	0.01628801653 	0.004018974921 	1.759389552e-08 	0.006994348596 	1.198627121e-09 	1.33331724e-05
0.8782466565 	0.0164316564 	0.004050509185 	1.870144702e-08 	0.007024338493 	5.985327425e-09 	1.339034148e-05
0.8804347301 	0.01658282258 	0.004084114126 	2.166839129e-08 	0.007057406096 	6.764825983e-09 	1.345337752e-05
0.8825986568 	0.0167364211 	0.004118493399 	2.071808421e-08 	0.007097630703 	1.943192601e-08 	1.35300568e-05
0.8847387028 	0.01688555332 	0.004151811396 	1.860526777e-08 	0.007150462589 	3.583542776e-08 	1.363076906e-05
0.8868551318 	0.01703808488 	0.004185867997 	2.070392344e-08 	0.007211342322 	4.021376416e-08 	1.374682275e-05
0.8889482045 	0.01720026985 	0.004222129372 	2.277710557e-08 	0.007276557056 	4.419775824e-08 	1.387114016e-05
0.8910181784 	0.01737284537 	0.004260609246 	2.473400512e-08 	0.007345809695 	4.752774969e-08 	1.400315494e-05
0.8930653087 	0.01755648775 	0.004301499801 	2.704360621e-08 	0.007419369939 	5.158275732e-08 	1.414338121e-05
0.8950898473 	0.01775190169 	0.004345081286 	2.951698026e-08 	0.007497739174 	5.58746914e-08 	1.429277475e-05
0.8970920436 	0.01795982493 	0.004391584315 	3.213419747e-08 	0.007581277388 	6.037597201e-08 	1.445202181e-05
0.8990721441 	0.01818100545 	0.004441240124 	3.488315643e-08 	0.007670343403 	6.506274827e-08 	1.462180639e-05
0.9010303927 	0.01841617968 	0.004494281456 	3.775328104e-08 	0.007765300615 	6.992327751e-08 	1.480282123e-05
0.9029670306 	0.01866604635 	0.004550931072 	4.071193173e-08 	0.007866496808 	7.492403079e-08 	1.49957293e-05
0.9048822962 	0.01893123658 	0.004611388733 	4.371985462e-08 	0.007974237652 	7.999058133e-08 	1.520111329e-05
0.9067764254 	0.01921227545 	0.004675828902 	4.676392823e-08 	0.008088789293 	8.509293466e-08 	1.541948055e-05
0.9086496514 	0.0195095439 	0.004744387427 	4.981265791e-08 	0.008210354417 	9.018337598e-08 	1.565121747e-05
0.910502205 	0.01982324642 	0.004817149792 	5.281553489e-08 	0.008339050554 	9.517762082e-08 	1.589654808e-05
0.9123343142 	0.02015338171 	0.004894145669 	5.572480026e-08 	0.008474904911 	1.00000563e-07 	1.615552424e-05
0.9141462048 	0.02049972132 	0.004975341991 	5.849179963e-08 	0.008617841497 	1.045732016e-07 	1.64280011e-05
0.9159380997 	0.02086179776 	0.005060640424 	6.106999748e-08 	0.008767676849 	1.088189789e-07 	1.671362892e-05
0.9177102197 	0.02123890553 	0.005149878333 	6.341718452e-08 	0.008924121201 	1.126680116e-07 	1.701185534e-05
0.9194627831 	0.02163011617 	0.005242833403 	6.549724397e-08 	0.009086785808 	1.160603579e-07 	1.732193929e-05
0.9211960055 	0.02203430291 	0.005339230665 	6.728081432e-08 	0.009255194395 	1.189472315e-07 	1.764297286e-05
0.9229101006 	0.02245016866 	0.00543875018 	6.874517012e-08 	0.009428795795 	1.21290836e-07 	1.797390538e-05
0.9246052793 	0.02287627446 	0.00554103468 	6.987429192e-08 	0.009606976561 	1.23064544e-07 	1.831356745e-05
0.9262817504 	0.02331107063 	0.005645697759 	7.065956034e-08 	0.009789074567 	1.242541737e-07 	1.866069686e-05
0.9279397204 	0.02375293304 	0.005752333322 	7.110045218e-08 	0.009974394881 	1.248592553e-07 	1.901396888e-05
0.9295793934 	0.02420020301 	0.005860525887 	7.120424803e-08 	0.01016222715 	1.248925449e-07 	1.937202939e-05
0.9312009714 	0.0246512245 	0.005969860129 	7.098455758e-08 	0.01035186176 	1.243774619e-07 	1.973352567e-05
0.9328046541 	0.02510437361 	0.0060799284 	7.045949068e-08 	0.0105426026 	1.23344932e-07 	2.009713071e-05
0.9343906389 	0.02555807992 	0.00619033611 	6.965026039e-08 	0.01073377609 	1.218310331e-07 	2.046156052e-05
0.9359591211 	0.02601084186 	0.006300705595 	6.858021765e-08 	0.01092473783 	1.198754324e-07 	2.082558669e-05
0.937510294 	0.02646123796 	0.006410678927 	6.727401618e-08 	0.01111487739 	1.175200536e-07 	2.118804553e-05
0.9390443485 	0.02690793443 	0.00651991976 	6.575684452e-08 	0.01130362149 	1.148078435e-07 	2.154784424e-05
0.9405614735 	0.02734968941 	0.006628114357 	6.405378594e-08 	0.01149043579 	1.117817355e-07 	2.190396422e-05
0.942061856 	0.02778535467 	0.006734971937 	6.218932595e-08 	0.01167482556 	1.084838526e-07 	2.225546236e-05
0.9435456805 	0.02821387519 	0.006840224518 	6.01870267e-08 	0.01185633542 	1.049549564e-07 	2.260147061e-05
0.9450131299 	0.02863428737 	0.006943626405 	5.806943005e-08 	0.01203454853 	1.012341885e-07 	2.294119433e-05
0.946464385 	0.02904571612 	0.007044953428 	5.585818733e-08 	0.0122090853 	9.735895167e-08 	2.327390993e-05
0.9478996243 	0.02944737123 	0.00714400206 	5.3573965e-08 	0.01237960187 	9.336479774e-08 	2.359896189e-05
0.9493190246 	0.02983854306 	0.0072405884 	5.123635377e-08 	0.01254578829 	8.928530127e-08 	2.39157594e-05
0.9507227608 	0.030218598 	0.007334547046 	4.886387721e-08 	0.01270736664 	8.515191496e-08 	2.422377265e-05
0.9521110058 	0.03058697327 	0.007425729904 	4.64737699e-08 	0.0128640889 	8.099381399e-08 	2.452252884e-05
0.9534839303 	0.03094317145 	0.007514004889 	4.408184905e-08 	0.01301573464 	7.68377842e-08 	2.481160776e-05
0.9548417036 	0.03128675422 	0.007599254463 	4.170252946e-08 	0.0131621085 	7.270822837e-08 	2.509063703e-05
0.9561844929 	0.03161733533 	0.00768137395 	3.934885024e-08 	0.01330303727 	6.862720141e-08 	2.535928642e-05
0.9575124634 	0.03193457226 	0.007760269433 	3.703247078e-08 	0.01343836611 	6.461444437e-08 	2.56172608e-05
0.9588257788 	0.03223815596 	0.007835855168 	3.476372278e-08 	0.01356795398 	6.068748814e-08 	2.58642913e-05
0.9601246008 	0.03252779765 	0.007908052067 	3.255176105e-08 	0.01369167271 	5.686179796e-08 	2.610013358e-05
0.9614090893 	0.03280321139 	0.007976787728 	3.040463661e-08 	0.01380941134 	5.315079795e-08 	2.632457614e-05
0.9626794024 	0.03306409427 	0.008041968157 	2.832957036e-08 	0.01392100323 	4.956669624e-08 	2.653730129e-05
0.9639356968 	0.03328993223 	0.008098436921 	2.649856402e-08 	0.01401761366 	4.640627079e-08 	2.672146763e-05
0.9647540487 	0.03346353633 	0.008141894989 	2.506725687e-08 	0.0140919295 	4.393651935e-08 	2.686313428e-05
0.9655573034 	0.0336088489 	0.008178326167 	2.385266184e-08 	0.0141542198 	4.184034933e-08 	2.698187691e-05
0.9663457395 	0.03374605363 	0.008212754483 	2.268920255e-08 	0.0142130631 	3.983237079e-08 	2.709404859e-05
0.9671196303 	0.03387519675 	0.008245180421 	2.157543448e-08 	0.01426845843 	3.791016024e-08 	2.719964748e-05
0.9678792442 	0.03399630046 	0.008275612171 	2.050961106e-08 	0.01432042821 	3.607060242e-08 	2.729871633e-05
0.9686248445 	0.03410937989 	0.008304052594 	1.948992574e-08 	0.01436897955 	3.431051325e-08 	2.739126867e-05
0.9693566897 	0.03421444969 	0.008330504222 	1.851454772e-08 	0.01441411723 	3.262667468e-08 	2.747731364e-05
0.9700750337 	0.03431152585 	0.008354970627 	1.758165211e-08 	0.01445584764 	3.101587518e-08 	2.75568634e-05
0.9707801255 	0.034400625 	0.008377455945 	1.668944602e-08 	0.01449417795 	2.947496062e-08 	2.762993162e-05
0.9714722095 	0.03448176233 	0.008397964181 	1.583618283e-08 	0.01452911493 	2.800086451e-08 	2.769653121e-05
0.9721515258 	0.03455494904 	0.008416498528 	1.50201686e-08 	0.01456066382 	2.65906222e-08 	2.775667217e-05
0.9728183099 	0.03462018993 	0.008433060732 	1.423976472e-08 	0.01458882728 	2.524137645e-08 	2.781035954e-05
0.9734727929 	0.03467748111 	0.008447650521 	1.349338882e-08 	0.01461360439 	2.395037824e-08 	2.78575916e-05
0.9741152019 	0.03472680812 	0.008460265143 	1.277951482e-08 	0.01463498987 	2.271498552e-08 	2.789835828e-05
0.9747457596 	0.03476814443 	0.00847089897 	1.209667262e-08 	0.01465297343 	2.153266074e-08 	2.793263993e-05
0.9753646845 	0.03480145017 	0.008479543194 	1.144344731e-08 	0.0146675392 	2.040096791e-08 	2.796040634e-05
0.9759721914 	0.03482667119 	0.008486185576 	1.081847836e-08 	0.01467866535 	1.931756964e-08 	2.798161588e-05
0.9765684907 	0.0348437382 	0.008490810235 	1.022045852e-08 	0.01468632372 	1.828022407e-08 	2.799621485e-05
0.9771537895 	0.03485256608 	0.008493397474 	9.648132719e-09 	0.01469047949 	1.728678187e-08 	2.800413692e-05
0.9777282904 	0.03485305331 	0.008493923615 	9.100296823e-09 	0.01469109098 	1.633518325e-08 	2.800530259e-05
0.9782921928 	0.03484508128 	0.00849236084 	8.57579639e-09 	0.01468810929 	1.542345487e-08 	2.799961866e-05
0.9788456922 	0.03482851369 	0.008488677028 	8.073525224e-09 	0.0146814781 	1.454970669e-08 	2.798697776e-05
0.9793889805 	0.03480319582 	0.008482835575 	7.592423769e-09 	0.0146711333 	1.371212849e-08 	2.79672577e-05
0.979922246 	0.03476895376 	0.008474795195 	7.131477262e-09 	0.0146570027 	1.290898626e-08 	2.794032085e-05
0.9804456737 	0.03472559347 	0.00846450969 	6.689713713e-09 	0.01463900561 	1.21386183e-08 	2.79060134e-05
0.9809594451 	0.03467289974 	0.008451927689 	6.266201674e-09 	0.0146170524 	1.139943116e-08 	2.786416448e-05
0.9814637383 	0.03461063492 	0.008436992342 	5.860047896e-09 	0.01459104397 	1.068989554e-08 	2.781458518e-05
0.9819587281 	0.03453853753 	0.008419640969 	5.470394955e-09 	0.01456087113 	1.00085421e-08 	2.775706736e-05
0.9824445862 	0.03445632057 	0.008399804661 	5.096418897e-09 	0.01452641393 	9.353957464e-09 	2.769138236e-05
0.9829214811 	0.03436366969 	0.008377407813 	4.737326965e-09 	0.01448754084 	8.72478042e-09 	2.761727945e-05
0.9833895781 	0.03426024091 	0.008352367597 	4.392355552e-09 	0.01444410784 	8.119698527e-09 	2.753448407e-05
0.9838490396 	0.03414565827 	0.008324593362 	4.060768397e-09 	0.01439595735 	7.537445114e-09 	2.744269586e-05
0.9843000247 	0.0340195109 	0.008293985943 	3.741855092e-09 	0.01434291709 	6.976796867e-09 	2.734158638e-05
0.98474269 	0.03388134984 	0.008260436887 	3.434929942e-09 	0.01428479866 	6.436572009e-09 	2.723079649e-05
0.9851771888 	0.03373068444 	0.008223827572 	3.139331245e-09 	0.01422139603 	5.915629141e-09 	2.710993347e-05
0.9856036719 	0.03356697815 	0.008184028208 	2.854420933e-09 	0.01415248385 	5.412866692e-09 	2.697856769e-05
0.9860222871 	0.03338964398 	0.008140896716 	2.5795846e-09 	0.01407781538 	4.927222991e-09 	2.683622884e-05
0.9864331796 	0.03319803916 	0.008094277466 	2.314231869e-09 	0.01399712039 	4.457676862e-09 	2.668240177e-05
0.9868364919 	0.03299145931 	0.00804399986 	2.057797016e-09 	0.01391010263 	4.003248606e-09 	2.651652172e-05
0.9872323637 	0.0327691319 	0.007989876763 	1.809739792e-09 	0.01381643705 	3.563001297e-09 	2.633796909e-05
0.9876209323 	0.032530209 	0.007931702759 	1.569546386e-09 	0.01371576678 	3.136042209e-09 	2.614606359e-05
0.9880023326 	0.0322737593 	0.007869252254 	1.336730493e-09 	0.01360769979 	2.721524404e-09 	2.594005786e-05
0.9883766967 	0.03199875955 	0.007802277433 	1.110834555e-09 	0.01349180521 	2.318648552e-09 	2.571913059e-05
0.9887441544 	0.03170408546 	0.007730506129 	8.914314234e-10 	0.01336760963 	1.926665438e-09 	2.548237929e-05
0.9891048331 	0.03138850224 	0.007653639605 	6.781266904e-10 	0.01323459307 	1.544879386e-09 	2.522881275e-05
0.9894588579 	0.0310506552 	0.007571349831 	4.705606297e-10 	0.0130921835 	1.172648993e-09 	2.495734054e-05
0.9898063516 	0.03068906046 	0.007483277478 	2.684129806e-10 	0.01293975321 	8.093926848e-10 	2.466676604e-05
0.9901474347 	0.03030209544 	0.007389032965 	7.142316752e-11 	0.01277662338 	4.546321095e-10 	2.435579524e-05
0.9904822253 	0.02988781924 	0.007288152431 	-1.207112016e-10 	0.01260198499 	1.078064772e-10 	2.402288593e-05
0.9908108397 	0.02944367694 	0.007180020046 	-3.086588857e-10 	0.01241475345 	-2.323424583e-10 	2.366597058e-05
0.9911333916 	0.02896691148 	0.007063971955 	-4.931837194e-10 	0.01221375316 	-5.672881833e-10 	2.328280816e-05
0.9914499931 	0.0284552545 	0.006939471666 	-6.74386874e-10 	0.01199803324 	-8.973370864e-10 	2.287158604e-05
0.9917607538 	0.02790668636 	0.006806047496 	-8.5177787e-10 	0.0117667517 	-1.221771111e-09 	2.243069913e-05
0.9920657815 	0.02731900894 	0.006663185775 	-1.024624462e-09 	0.01151898079 	-1.539501343e-09 	2.195837893e-05
0.9923651819 	0.0266898071 	0.006510326394 	-1.191943075e-09 	0.0112536984 	-1.84905612e-09 	2.145267696e-05
0.992659059 	0.02601645078 	0.006346867525 	-1.352476524e-09 	0.01096979197 	-2.148557793e-09 	2.091147239e-05
0.9929475145 	0.02529613299 	0.00617218794 	-1.504647929e-09 	0.01066609879 	-2.435682078e-09 	2.033254879e-05
0.9932306485 	0.02452593377 	0.005985684829 	-1.646484959e-09 	0.01034147728 	-2.707596144e-09 	1.971372996e-05
0.9935085592 	0.02370291245 	0.005786689779 	-1.775389713e-09 	0.009994525732 	-2.960505013e-09 	1.905234388e-05
0.9937813429 	0.02290151955 	0.005593216452 	-1.879208154e-09 	0.009656428818 	-3.171112879e-09 	1.840783719e-05
0.9939569055 	0.02221420099 	0.005427634111 	-1.951942283e-09 	0.009366489614 	-3.324782665e-09 	1.785513248e-05
0.9941324681 	0.02157466028 	0.005270582194 	-2.033352554e-09 	0.009096930886 	-3.446796145e-09 	1.734127863e-05
0.9943080307 	0.02089912142 	0.005102011578 	-2.116332424e-09 	0.008812178918 	-3.554892625e-09 	1.679846224e-05
0.9944835934 	0.02018556801 	0.004925264788 	-2.172001381e-09 	0.008511319 	-3.646764873e-09 	1.622493961e-05
0.994659156 	0.01943213925 	0.004739964723 	-2.213635626e-09 	0.008193638758 	-3.720076858e-09 	1.561935278e-05
0.9948347186 	0.01863708248 	0.004545263528 	-2.241101328e-09 	0.007858409661 	-3.772613242e-09 	1.498031295e-05
0.9950102812 	0.01779880214 	0.004340459744 	-2.254112676e-09 	0.007504955906 	-3.802256666e-09 	1.430653185e-05
0.9951858439 	0.01691597671 	0.004125023581 	-2.25216262e-09 	0.007132719368 	-3.806996206e-09 	1.359694555e-05
0.9953614065 	0.0159877254 	0.003898617111 	-2.234540337e-09 	0.006741328575 	-3.784925177e-09 	1.285084592e-05
0.9955369691 	0.01501382359 	0.003661121164 	-2.200409849e-09 	0.006330687918 	-3.734250613e-09 	1.20680507e-05
0.9957125317 	0.01399497156 	0.003412677444 	-2.14891152e-09 	0.00590109137 	-3.653325022e-09 	1.124912027e-05
0.9958880943 	0.01293312023 	0.003153755303 	-2.07925386e-09 	0.005453373424 	-3.540688101e-09 	1.039564543e-05
0.996063657 	0.0118318553 	0.002885233103 	-1.990833838e-09 	0.004989066051 	-3.395238545e-09 	9.510546532e-06
0.9962392196 	0.01069683105 	0.002608468608 	-1.883415907e-09 	0.004510497553 	-3.216588115e-09 	8.598261964e-06
0.9964147822 	0.009536248167 	0.002325180979 	-1.757709096e-09 	0.004020351511 	-3.006492953e-09 	7.663907378e-06
0.9965903448 	0.008361116415 	0.00203864559 	-1.612320067e-09 	0.003524901609 	-2.760223554e-09 	6.719442162e-06
0.9967659075 	0.007185654622 	0.001752710921 	-1.449888224e-09 	0.003031197233 	-2.483376679e-09 	5.778304404e-06
0.9969414701 	0.005927541389 	0.001450785301 	-1.338734465e-09 	0.002622490363 	-1.977486414e-09 	4.999195515e-06
0.9971170327 	0.004629654313 	0.001135837853 	-1.202850698e-09 	0.002287995199 	-1.567720506e-09 	4.361554765e-06
0.9972925953 	0.00345593267 	0.0008378971002 	-9.740710033e-10 	0.001932265655 	-1.449021828e-09 	3.683435384e-06
0.997468158 	0.002454971237 	0.000574087484 	-7.327135652e-10 	0.001557997209 	-1.280591513e-09 	2.969975704e-06
0.9976437206 	0.001651300651 	0.0003589960421 	-5.005007246e-10 	0.00118356769 	-1.062726597e-09 	2.256208974e-06
0.9978192832 	0.001045855474 	0.0002009062599 	-3.029057768e-10 	0.0008351930796 	-8.098438125e-10 	1.59211014e-06
0.9979948458 	0.0006180821682 	9.8262823e-05 	-1.582023116e-10 	0.0005385420732 	-5.552360623e-10 	1.026610872e-06
0.9981704085 	0.0003349174993 	4.070135604e-05 	-6.902149651e-11 	0.0003106755062 	-3.347106674e-10 	5.922338627e-07
0.9983459711 	0.0001609399167 	1.361772141e-05 	-2.401423702e-11 	0.0001552727447 	-1.720000687e-10 	2.959930072e-07
0.9985215337 	6.45249946e-05 	3.399977963e-06 	-6.17071992e-12 	6.357410409e-05 	-7.149004264e-11 	1.211899119e-07
0.9986970963 	1.929142296e-05 	5.479710088e-07 	-1.016309913e-12 	1.91829254e-05 	-2.171552966e-11 	3.656798743e-08
0.998872659 	3.454480575e-06 	4.204582362e-08 	-7.93925878e-14 	3.445610828e-06 	-3.909134817e-12 	6.568291896e-09
0.9990482216 	3.561145572e-07 	1.109447166e-09 	-2.13072816e-15 	3.554220289e-07 	-4.034326967e-13 	6.775331714e-10
