0.4709558481 	5.673440654e-07 	-2.266610074e-09 	4.594230625e-14 	5.662253671e-07 	-8.040718885e-12 	1.079382924e-09
0.4709558481 	5.673440654e-07 	-2.266610074e-09 	4.594230625e-14 	5.662253671e-07 	-8.040718885e-12 	1.079382924e-09
0.4711314108 	6.373017622e-06 	-9.937591275e-08 	2.012943252e-12 	6.353930591e-06 	-9.018899263e-11 	1.211235769e-08
0.4713069734 	3.560582867e-05 	-1.291789515e-06 	2.60914521e-11 	3.532138704e-05 	-5.001460694e-10 	6.733238077e-08
0.471482536 	0.0001193106617 	-7.96655045e-06 	1.595912944e-10 	0.0001166063047 	-1.638645677e-09 	2.222840258e-07
0.4716580986 	0.0002987355535 	-3.15172803e-05 	6.20289342e-10 	0.0002824058853 	-3.899416671e-09 	5.383441081e-07
0.4718336613 	0.0006250678683 	-9.222064325e-05 	1.758843173e-09 	0.0005564597653 	-7.43518211e-09 	1.060766973e-06
0.4720092239 	0.001158981967 	-0.0002157060564 	3.921450062e-09 	0.0009421588428 	-1.195391489e-08 	1.796016614e-06
0.4721847865 	0.001961469651 	-0.0004231115691 	7.210364692e-09 	0.001416290995 	-1.674241209e-08 	2.699844274e-06
0.4723603491 	0.003073696597 	-0.0007201240596 	1.133796946e-08 	0.001935499821 	-2.098894151e-08 	3.689600603e-06
0.4725359118 	0.004496333626 	-0.001093335235 	1.576570344e-08 	0.002453867125 	-2.426334542e-08 	4.677752758e-06
0.4727114744 	0.006184719038 	-0.001516892678 	1.998266013e-08 	0.002939113442 	-2.653958839e-08 	5.602767105e-06
0.472887037 	0.007971979807 	-0.001948822707 	2.268675147e-08 	0.003453431832 	-3.393842991e-08 	6.583200903e-06
0.4730625996 	0.009680663833 	-0.002360327256 	2.496407875e-08 	0.004082069825 	-4.316744018e-08 	7.781559639e-06
0.4732381623 	0.01132608138 	-0.002760794223 	2.80114928e-08 	0.004774057178 	-4.847750402e-08 	9.100679862e-06
0.4734137249 	0.01295443794 	-0.003157834947 	3.076890364e-08 	0.005460923416 	-5.327564856e-08 	1.041003782e-05
0.4735892875 	0.01454400153 	-0.003545447591 	3.319979074e-08 	0.006131563176 	-5.747780727e-08 	1.168846359e-05
0.4737648501 	0.01607901805 	-0.003919497265 	3.534796037e-08 	0.006778522108 	-6.120552542e-08 	1.292174713e-05
0.4739404128 	0.01754884844 	-0.004277629954 	3.721392722e-08 	0.007397971239 	-6.444716392e-08 	1.410258934e-05
0.4741159754 	0.01894707577 	-0.004618302187 	3.881514792e-08 	0.007987238941 	-6.723001804e-08 	1.522589736e-05
0.474291538 	0.02027052216 	-0.004940760946 	4.017512111e-08 	0.008544962057 	-6.959026649e-08 	1.628907263e-05
0.4744671006 	0.02151840375 	-0.005244895789 	4.132191107e-08 	0.009070802167 	-7.156553797e-08 	1.729147003e-05
0.4746426632 	0.02269163165 	-0.0055311189 	4.228896336e-08 	0.009565145688 	-7.319126311e-08 	1.823382618e-05
0.4748182259 	0.02379225437 	-0.005800291274 	4.311687349e-08 	0.01002885761 	-7.449976346e-08 	1.911778998e-05
0.4749937885 	0.02482302888 	-0.006053681552 	4.385423484e-08 	0.01046310106 	-7.55197317e-08 	1.99455787e-05
0.4751693511 	0.02578711346 	-0.006292932549 	4.45574236e-08 	0.01086920815 	-7.627680827e-08 	2.071973168e-05
0.4753449137 	0.02668789861 	-0.006519705721 	4.479747096e-08 	0.01124860553 	-7.679869234e-08 	2.144296853e-05
0.4755204764 	0.02752905636 	-0.006727402038 	4.474206871e-08 	0.01160284818 	-7.712080769e-08 	2.211825347e-05
0.475696039 	0.02831474496 	-0.006915668696 	4.480229327e-08 	0.01193368558 	-7.72673015e-08 	2.274892151e-05
0.4758716016 	0.02904897863 	-0.007091846818 	4.476667458e-08 	0.01224271544 	-7.724903733e-08 	2.333801831e-05
0.4760471642 	0.0297351586 	-0.007256688457 	4.46441163e-08 	0.01253145663 	-7.708125229e-08 	2.388843928e-05
0.4762227269 	0.03046218228 	-0.007431622824 	4.440956538e-08 	0.01283765724 	-7.672902875e-08 	2.447214275e-05
0.4764955107 	0.03129477198 	-0.007632153596 	4.398612693e-08 	0.01318828211 	-7.606490801e-08 	2.514053119e-05
0.4767734216 	0.0321313353 	-0.007833670375 	4.336176883e-08 	0.01354011642 	-7.506005978e-08 	2.581122518e-05
0.4770565557 	0.03289514502 	-0.00801771029 	4.257433457e-08 	0.01386116239 	-7.377440412e-08 	2.642322802e-05
0.4773450114 	0.03359034554 	-0.008185287629 	4.16261522e-08 	0.01415338267 	-7.221092291e-08 	2.698028109e-05
0.4776388886 	0.03422059829 	-0.008337198646 	4.051513213e-08 	0.01441819725 	-7.036411888e-08 	2.748509129e-05
0.4779382892 	0.03478909447 	-0.008474177845 	3.923843837e-08 	0.01465692984 	-6.822758469e-08 	2.794018196e-05
0.4782433171 	0.03529868917 	-0.00859689805 	3.779503335e-08 	0.01487078877 	-6.579803643e-08 	2.834785652e-05
0.4785540779 	0.03575211305 	-0.008706000356 	3.618821418e-08 	0.015060907 	-6.307960132e-08 	2.87102747e-05
0.4788706795 	0.03615300126 	-0.008802348103 	3.44348753e-08 	0.01522882006 	-6.010275525e-08 	2.903036366e-05
0.4791932316 	0.03650579344 	-0.008887000858 	3.25496935e-08 	0.01537643247 	-5.68965445e-08 	2.931175394e-05
0.4795218461 	0.03681398317 	-0.008960786341 	3.052646168e-08 	0.01550521609 	-5.345066042e-08 	2.955725132e-05
0.4798566368 	0.03708009412 	-0.009024303314 	2.835870482e-08 	0.0156162141 	-4.975290352e-08 	2.976884437e-05
0.48019772 	0.03730640675 	-0.009078101894 	2.604745904e-08 	0.01571038929 	-4.580549927e-08 	2.994836847e-05
0.4805452138 	0.03749497266 	-0.009122680014 	2.359311913e-08 	0.01578861298 	-4.160920214e-08 	3.009748456e-05
0.4808992388 	0.03764762627 	-0.009158481932 	2.099550051e-08 	0.01585165927 	-3.71635132e-08 	3.021766831e-05
0.4812599177 	0.03776599783 	-0.009185903149 	1.825408884e-08 	0.01590021621 	-3.246738916e-08 	3.031023134e-05
0.4816273755 	0.03785152795 	-0.00920529384 	1.536796402e-08 	0.01593489226 	-2.751903347e-08 	3.037633352e-05
0.4820017397 	0.03790548239 	-0.009216962269 	1.233581024e-08 	0.01595622233 	-2.231591608e-08 	3.041699457e-05
0.48238314 	0.03792896661 	-0.009221178224 	9.155941742e-09 	0.01596467396 	-1.685482677e-08 	3.043310572e-05
0.4827717088 	0.03792293967 	-0.009218176346 	5.82633353e-09 	0.01596065313 	-1.113193313e-08 	3.04254409e-05
0.4831675807 	0.03788822721 	-0.009208159259 	2.344656007e-09 	0.01594450982 	-5.142840785e-09 	3.039466726e-05
0.4835708931 	0.03782553356 	-0.009191300495 	-1.291685356e-09 	0.01591654306 	1.117340539e-09 	3.034135485e-05
0.4839817856 	0.03773545283 	-0.009167747186 	-5.085504797e-09 	0.0158770057 	7.653923223e-09 	3.026598565e-05
0.4844004009 	0.03761847908 	-0.009137622557 	-9.039784654e-09 	0.01582610866 	1.447255799e-08 	3.016896174e-05
0.4848268841 	0.03747501576 	-0.009101028217 	-1.315761629e-08 	0.01576402492 	2.157913747e-08 	3.005061289e-05
0.485261383 	0.03730538432 	-0.009058046276 	-1.74421322e-08 	0.01569089322 	2.89796842e-08 	2.991120354e-05
0.4857040484 	0.03710983229 	-0.009008741333 	-2.189642765e-08 	0.01560682142 	3.668021999e-08 	2.975093931e-05
0.4861550336 	0.03688854083 	-0.008953162323 	-2.652347024e-08 	0.01551188971 	4.468661333e-08 	2.956997309e-05
0.4866144951 	0.03664163187 	-0.008891344297 	-3.132599562e-08 	0.01540615367 	5.300440157e-08 	2.936841082e-05
0.4870825921 	0.03636917508 	-0.008823310117 	-3.630638775e-08 	0.01528964718 	6.163858448e-08 	2.914631707e-05
0.487559487 	0.03607119462 	-0.008749072129 	-4.14665424e-08 	0.01516238528 	7.059338618e-08 	2.89037205e-05
0.4880453452 	0.03574767586 	-0.008668633814 	-4.680771308e-08 	0.01502436701 	7.9871983e-08 	2.864061933e-05
0.4885403351 	0.03539857219 	-0.008581991457 	-5.233033978e-08 	0.01487557833 	8.947619641e-08 	2.835698674e-05
0.4890446283 	0.035023812 	-0.008489135841 	-5.803386285e-08 	0.014715995 	9.940615297e-08 	2.805277657e-05
0.4895583997 	0.03462330587 	-0.008390053984 	-6.391652728e-08 	0.01454558569 	1.096599176e-07 	2.772792907e-05
0.4900818274 	0.03419695412 	-0.008284730928 	-6.997518799e-08 	0.0143643151 	1.202331145e-07 	2.738237693e-05
0.4906150929 	0.03374465457 	-0.00817315158 	-7.620513378e-08 	0.01417214725 	1.311185585e-07 	2.701605159e-05
0.4911583811 	0.03326631067 	-0.008055302563 	-8.259995585e-08 	0.0139690489 	1.423059349e-07 	2.662888969e-05
0.4917118805 	0.03276183968 	-0.007931174061 	-8.915149528e-08 	0.01375499298 	1.537815732e-07 	2.622083962e-05
0.4922757829 	0.03223118068 	-0.007800761547 	-9.584990734e-08 	0.01352996194 	1.655283733e-07 	2.579186792e-05
0.4928502838 	0.03167430196 	-0.007664067299 	-1.026838769e-07 	0.01329395088 	1.77525939e-07 	2.534196524e-05
0.4934355824 	0.03109120702 	-0.007521101484 	-1.096410052e-07 	0.01304697003 	1.897509666e-07 	2.487115109e-05
0.4940318817 	0.03048193804 	-0.007371882544 	-1.167083688e-07 	0.01278904628 	2.021779206e-07 	2.437947674e-05
0.4946393885 	0.02984657543 	-0.007216436516 	-1.238732556e-07 	0.01252022309 	2.147800496e-07 	2.386702502e-05
0.4952583133 	0.02918523167 	-0.007054794771 	-1.311242227e-07 	0.0122405579 	2.275311359e-07 	2.333390544e-05
0.4958888709 	0.02849803812 	-0.006886989655 	-1.384525698e-07 	0.01195011617 	2.404081001e-07 	2.278024279e-05
0.4965312797 	0.02778512483 	-0.006713048224 	-1.458534315e-07 	0.01164896271 	2.533920575e-07 	2.220616059e-05
0.4971857627 	0.02704659721 	-0.006532989965 	-1.533167231e-07 	0.01133716528 	2.664411364e-07 	2.161178802e-05
0.4978525466 	0.02628252522 	-0.006346820407 	-1.60856384e-07 	0.01101478444 	2.795702197e-07 	2.099724054e-05
0.4985318627 	0.02549298464 	-0.006154513434 	-1.685115031e-07 	0.01068181868 	2.928599732e-07 	2.036251527e-05
0.4992239466 	0.02467983485 	-0.005956490187 	-1.752301347e-07 	0.01033899423 	3.045367607e-07 	1.970899658e-05
0.4999290382 	0.02384932712 	-0.005754352782 	-1.798888041e-07 	0.009989014754 	3.126991861e-07 	1.904183843e-05
0.5006473819 	0.02300901037 	-0.005550025878 	-1.832784334e-07 	0.009635146543 	3.186694264e-07 	1.836726726e-05
0.501379227 	0.02216343166 	-0.005344576586 	-1.860064902e-07 	0.00927925276 	3.234254234e-07 	1.768883479e-05
0.502124827 	0.02131608986 	-0.005138776605 	-1.877697218e-07 	0.008922752148 	3.263859771e-07 	1.700924554e-05
0.5028844406 	0.02047145299 	-0.004933649669 	-1.883798833e-07 	0.008567530657 	3.272098959e-07 	1.633209465e-05
0.5036583311 	0.01963492876 	-0.004730449285 	-1.875232843e-07 	0.008215882756 	3.253777998e-07 	1.566175602e-05
0.5044467669 	0.01881323342 	-0.004530817704 	-1.848029036e-07 	0.007870826169 	3.202327724e-07 	1.500398226e-05
0.5052500214 	0.01801454758 	-0.004336739679 	-1.798510091e-07 	0.007535914059 	3.111632097e-07 	1.43655467e-05
0.506068373 	0.01715322839 	-0.004125746205 	-1.727381877e-07 	0.007170961593 	2.9955431e-07 	1.366984586e-05
0.507324668 	0.01618168554 	-0.003888248626 	-1.583998211e-07 	0.006761536831 	2.732204572e-07 	1.288936847e-05
0.5085949819 	0.01524516953 	-0.003663512356 	-1.381487564e-07 	0.006378717268 	2.345008863e-07 	1.215960798e-05
0.5098794711 	0.01426556814 	-0.003435338766 	-1.543730775e-07 	0.006178401747 	9.316167898e-08 	1.177775093e-05
0.5111782938 	0.01320519439 	-0.003187792826 	-1.708345847e-07 	0.006158623443 	-1.305954235e-08 	1.174004798e-05
0.5124916099 	0.01224706759 	-0.002954993377 	-1.560431167e-07 	0.00617185916 	-4.277863668e-09 	1.176527894e-05
0.5138195812 	0.01141722585 	-0.002739196778 	-1.500646826e-07 	0.006187439412 	-1.298599962e-08 	1.179497923e-05
0.5151623712 	0.01069420909 	-0.002533756053 	-1.463147133e-07 	0.006210909698 	-2.148896327e-08 	1.183972012e-05
0.5165201452 	0.01006931703 	-0.002338946445 	-1.409808924e-07 	0.006248288799 	-3.58802927e-08 	1.191097507e-05
0.5178930705 	0.009535163385 	-0.002154347839 	-1.358554018e-07 	0.006299630367 	-4.806032649e-08 	1.200884637e-05
0.5192813161 	0.009085120431 	-0.001979714926 	-1.295365253e-07 	0.00636181834 	-5.72930438e-08 	1.212739393e-05
0.520685053 	0.008714597313 	-0.00181681638 	-1.212447339e-07 	0.006431006459 	-6.4378294e-08 	1.225928572e-05
0.522104454 	0.008416161207 	-0.001665362928 	-1.146214479e-07 	0.006507465527 	-7.389120795e-08 	1.240503795e-05
0.523539694 	0.008177137044 	-0.001520641969 	-1.114353898e-07 	0.006595036234 	-8.526886826e-08 	1.257197206e-05
0.5249909497 	0.007988355612 	-0.001380692506 	-1.084054226e-07 	0.006691920247 	-9.356223175e-08 	1.275665991e-05
0.5264583998 	0.007843788561 	-0.001246249121 	-1.04905045e-07 	0.0067933889 	-9.851593333e-08 	1.295008737e-05
0.527942225 	0.007736802212 	-0.00111689767 	-1.018422921e-07 	0.006896547359 	-1.014776965e-07 	1.314673606e-05
0.5294426081 	0.007661548997 	-0.0009920118157 	-9.917332471e-08 	0.006999608114 	-1.031141078e-07 	1.334319851e-05
0.5309597337 	0.007613178471 	-0.0008710542782 	-9.684757716e-08 	0.00710150767 	-1.038316609e-07 	1.353744738e-05
0.5324937889 	0.007587699965 	-0.0007535532191 	-9.482652361e-08 	0.007201492976 	-1.038326565e-07 	1.372804716e-05
0.5340449624 	0.007581835456 	-0.0006391041505 	-9.307259556e-08 	0.007299039739 	-1.032891893e-07 	1.39139984e-05
0.5356134452 	0.007592887346 	-0.0005273599949 	-9.155434782e-08 	0.007393793606 	-1.023296536e-07 	1.409462561e-05
0.5371994306 	0.007618629796 	-0.0004180222135 	-9.024421114e-08 	0.007485521239 	-1.010483211e-07 	1.426948397e-05
0.5388031139 	0.007657220101 	-0.0003108334598 	-8.911771676e-08 	0.007574074585 	-9.951426598e-08 	1.443829126e-05
0.5404246925 	0.007707126862 	-0.0002055714149 	-8.815298943e-08 	0.007659366908 	-9.778022856e-08 	1.460088214e-05
0.5420643661 	0.007767072089 	-0.0001020448172 	-8.731817455e-08 	0.007741351024 	-9.588032027e-08 	1.475716665e-05
0.5437223366 	0.00783598474 	-1.042249764e-07 	-8.661472135e-08 	0.007820012105 	-9.384187771e-08 	1.490711653e-05
0.5453988083 	0.007912959764 	0.0001004003166 	-8.605995256e-08 	0.007895359873 	-9.169152342e-08 	1.505075032e-05
0.5470939875 	0.007997235103 	0.0001996344742 	-8.560866457e-08 	0.007967408232 	-8.94428439e-08 	1.518809452e-05
0.5488080831 	0.008088165957 	0.0002977055841 	-8.523146777e-08 	0.008036182373 	-8.710634451e-08 	1.531919714e-05
0.5505413061 	0.00818519837 	0.0003946893273 	-8.493432377e-08 	0.008101716368 	-8.469138852e-08 	1.544412315e-05
0.5522938699 	0.00828785811 	0.0004906708609 	-8.470930997e-08 	0.008164043441 	-8.220346656e-08 	1.556293588e-05
0.5540659904 	0.008395737048 	0.0005857248767 	-8.454937337e-08 	0.008223199367 	-7.964736617e-08 	1.567570351e-05
0.5558578859 	0.008508482495 	0.0006799167647 	-8.44481228e-08 	0.008279218665 	-7.702641385e-08 	1.578249187e-05
0.5576697768 	0.008625788376 	0.0007733035274 	-8.439961631e-08 	0.008332134605 	-7.43426376e-08 	1.588336435e-05
0.5595018865 	0.008747388088 	0.0008659348665 	-8.439853507e-08 	0.008381978311 	-7.15971362e-08 	1.597838031e-05
0.5613544406 	0.008873048754 	0.0009578543467 	-8.444016844e-08 	0.008428777749 	-6.879089621e-08 	1.606759305e-05
0.563227667 	0.00900256606 	0.001049099614 	-8.451983577e-08 	0.00847255854 	-6.592400525e-08 	1.61510514e-05
0.5651217966 	0.009135759861 	0.001139702524 	-8.463329698e-08 	0.008513343631 	-6.299605157e-08 	1.622879912e-05
0.5670370626 	0.009272470779 	0.001229689891 	-8.477690964e-08 	0.008551152896 	-6.000660531e-08 	1.630087409e-05
0.5689737009 	0.009412557293 	0.001319084023 	-8.49471793e-08 	0.008586003615 	-5.695482338e-08 	1.636730925e-05
0.5709319499 	0.00955589317 	0.001407902981 	-8.514077172e-08 	0.008617910435 	-5.383965211e-08 	1.642813251e-05
0.5729120508 	0.009702365265 	0.00149616082 	-8.535450907e-08 	0.008646885549 	-5.065989199e-08 	1.648336713e-05
0.5749142474 	0.009851871614 	0.001583867814 	-8.558535141e-08 	0.008672938909 	-4.74142119e-08 	1.653303208e-05
0.5769387863 	0.01000431978 	0.001671030638 	-8.58303749e-08 	0.008696078456 	-4.410117045e-08 	1.657714249e-05
0.5789859169 	0.01015962535 	0.001757652523 	-8.608674841e-08 	0.008716310358 	-4.071923785e-08 	1.661571011e-05
0.5810558911 	0.01031771069 	0.001843733388 	-8.635171004e-08 	0.008733639267 	-3.726681619e-08 	1.664874383e-05
0.583148964 	0.01047850368 	0.001929269939 	-8.662254417e-08 	0.008748068596 	-3.374225932e-08 	1.667625014e-05
0.5852653933 	0.01064193669 	0.002014255755 	-8.689655942e-08 	0.008759600801 	-3.014389342e-08 	1.669823373e-05
0.5874054395 	0.01080794554 	0.002098681353 	-8.717106756e-08 	0.008768237679 	-2.647003928e-08 	1.671469802e-05
0.5895693664 	0.01097646859 	0.002182534235 	-8.744336359e-08 	0.008773980695 	-2.271903709e-08 	1.672564581e-05
0.5917574402 	0.0111474458 	0.002265798919 	-8.771070685e-08 	0.008776831312 	-1.888927467e-08 	1.673107987e-05
0.5939699306 	0.01132081785 	0.002348456962 	-8.797030296e-08 	0.008776791357 	-1.49792202e-08 	1.673100371e-05
0.5962071099 	0.01149652531 	0.00243048696 	-8.821928663e-08 	0.008773863417 	-1.098746057e-08 	1.672542224e-05
0.5984692536 	0.01167450771 	0.002511864543 	-8.845470507e-08 	0.008768051264 	-6.912746669e-09 	1.671434266e-05
0.6007566404 	0.01185470266 	0.002592562356 	-8.867350195e-08 	0.008759360335 	-2.754047491e-09 	1.669777534e-05
0.6030695519 	0.01203704491 	0.002672550028 	-8.887250176e-08 	0.008747798257 	1.489385107e-09 	1.66757348e-05
0.6054082729 	0.01222146536 	0.002751794129 	-8.904839465e-08 	0.008733375441 	5.817938267e-09 	1.664824091e-05
0.6077730914 	0.01240788997 	0.002830258121 	-8.919772156e-08 	0.008716105762 	1.023154315e-08 	1.66153201e-05
0.6101642987 	0.01259623858 	0.002907902287 	-8.931685963e-08 	0.008696007322 	1.472955863e-08 	1.657700689e-05
0.6125821893 	0.01278642366 	0.002984683664 	-8.940200801e-08 	0.008673103338 	1.931062767e-08 	1.653334553e-05
0.6150270608 	0.0129783488 	0.003060555951 	-8.944917354e-08 	0.008647423165 	2.397249787e-08 	1.648439198e-05
0.6174992144 	0.0131719071 	0.00313546942 	-8.945415607e-08 	0.008619003475 	2.871179448e-08 	1.643021615e-05
0.6199989545 	0.01336697935 	0.003209370805 	-8.941253289e-08 	0.008587889639 	3.352372989e-08 	1.637090453e-05
0.622526589 	0.01356343183 	0.003282203194 	-8.931964046e-08 	0.008554137332 	3.840172607e-08 	1.630656326e-05
0.625082429 	0.01376111394 	0.003353905906 	-8.91705516e-08 	0.008517814407 	4.333691731e-08 	1.623732166e-05
0.6276667894 	0.01395985537 	0.003424414368 	-8.896004412e-08 	0.008479003079 	4.831748663e-08 	1.616333649e-05
0.6302799884 	0.01415946287 	0.003493659987 	-8.868255481e-08 	0.008437802467 	5.332776896e-08 	1.608479667e-05
0.6329223478 	0.01435971653 	0.003561570031 	-8.833210928e-08 	0.008394331533 	5.834702791e-08 	1.600192899e-05
0.6355941931 	0.01456036559 	0.00362806752 	-8.790221242e-08 	0.008348732462 	6.334777548e-08 	1.591500448e-05
0.6382958531 	0.01476112367 	0.003693071139 	-8.738567621e-08 	0.008301174476 	6.829345648e-08 	1.582434574e-05
0.6410276607 	0.01496166352 	0.003756495198 	-8.67743467e-08 	0.008251858072 	7.313525903e-08 	1.573033497e-05
0.6437899523 	0.01516161142 	0.003818249658 	-8.605866753e-08 	0.008201019551 	7.780774217e-08 	1.563342262e-05
0.646583068 	0.0153605415 	0.00387824027 	-8.522697398e-08 	0.008148935592 	8.222289984e-08 	1.553413612e-05
0.6494073518 	0.01555797067 	0.00393636888 	-8.426436727e-08 	0.008095927383 	8.626222609e-08 	1.543308774e-05
0.6522631514 	0.01575335501 	0.003992534007 	-8.31509344e-08 	0.008042363463 	8.976666818e-08 	1.533098002e-05
0.6551508186 	0.0159460898 	0.004046631852 	-8.185912916e-08 	0.007988659633 	9.252545665e-08 	1.522860559e-05
0.658070709 	0.01613551622 	0.004098558239 	-8.035178546e-08 	0.007935273575 	9.426837876e-08 	1.512683693e-05
0.6610231822 	0.01632094305 	0.004148213349 	-7.857808263e-08 	0.007882688885 	9.469471196e-08 	1.502659589e-05
0.6640086017 	0.01650169434 	0.004195506761 	-7.648057357e-08 	0.007831365584 	9.356531759e-08 	1.492875942e-05
0.6670273351 	0.01667721865 	0.004240388981 	-7.409115457e-08 	0.007781680285 	9.091354098e-08 	1.483404543e-05
0.6700797543 	0.0168474097 	0.004282931806 	-7.118305231e-08 	0.007733680879 	8.843908151e-08 	1.474254522e-05
0.6731662352 	0.01701253189 	0.004322830882 	-6.796669562e-08 	0.007685786787 	8.701757085e-08 	1.465124577e-05
0.6762871577 	0.01717311435 	0.004360906729 	-6.691393048e-08 	0.007639259187 	8.29437565e-08 	1.456255123e-05
0.6794429063 	0.0173319339 	0.004398848962 	-6.289687438e-08 	0.007594322395 	5.841981881e-08 	1.447688922e-05
0.6826338695 	0.01744636401 	0.004426699042 	-4.685008251e-08 	0.007580554216 	-6.515090368e-09 	1.445064324e-05
0.6858604404 	0.01751133859 	0.004443799671 	-3.506166124e-08 	0.007601736084 	-5.212640638e-08 	1.449102177e-05
0.6891230163 	0.01756961642 	0.004461360284 	-3.27720055e-08 	0.007628443097 	-5.377752632e-08 	1.454193276e-05
0.6924219988 	0.01762348309 	0.004479835613 	-2.624131087e-08 	0.007655988031 	-4.741340397e-08 	1.459444106e-05
0.6957577944 	0.01767212077 	0.004499103146 	-1.948505638e-08 	0.007683611023 	-3.838295863e-08 	1.464709816e-05
0.6991308138 	0.01771531951 	0.00451830614 	-2.801341693e-08 	0.007712901572 	-8.444636776e-09 	1.470293409e-05
0.7025414724 	0.01772766869 	0.004528180822 	-4.148646096e-08 	0.007761109103 	1.650203061e-08 	1.479483104e-05
0.7059901901 	0.01771965153 	0.004530446207 	-4.158769001e-08 	0.007820764333 	5.351330478e-09 	1.490855049e-05
0.7094773917 	0.01772148569 	0.004534114392 	-3.969835667e-08 	0.00787075988 	-4.857153561e-09 	1.50038559e-05
0.7130035066 	0.01772527887 	0.004537785585 	-4.096907971e-08 	0.007915606706 	-6.972699904e-09 	1.508934641e-05
0.7165689691 	0.01772832931 	0.00454063819 	-4.140491293e-08 	0.007956551497 	-7.833511368e-09 	1.516739856e-05
0.7201742182 	0.01772956864 	0.004542865729 	-4.106662947e-08 	0.007995507387 	-8.443206488e-09 	1.524165932e-05
0.7238196978 	0.01772843616 	0.00454432325 	-4.064883463e-08 	0.008032834249 	-9.636013247e-09 	1.531281469e-05
0.727505857 	0.01772472109 	0.00454495823 	-4.029970919e-08 	0.008068654227 	-1.082993838e-08 	1.538109752e-05
0.7312331497 	0.01771825343 	0.004544741953 	-4.009432791e-08 	0.008103086824 	-1.191602004e-08 	1.544673562e-05
0.7350020349 	0.01770886968 	0.004543634852 	-3.997857215e-08 	0.008136164684 	-1.298819198e-08 	1.550979122e-05
0.7387709215 	0.01769652888 	0.004541617939 	-3.988288924e-08 	0.008167739137 	-1.412596251e-08 	1.55699809e-05
0.7424982157 	0.0176813479 	0.004538714955 	-3.977871843e-08 	0.008197659479 	-1.534242306e-08 	1.562701739e-05
0.7461843763 	0.01766345181 	0.004534960325 	-3.967048571e-08 	0.008225954015 	-1.661127601e-08 	1.568095464e-05
0.7498298574 	0.0176429316 	0.004530382117 	-3.957081446e-08 	0.008252722381 	-1.790519545e-08 	1.573198258e-05
0.7534351078 	0.01761988212 	0.004525008987 	-3.948531386e-08 	0.00827804856 	-1.921235283e-08 	1.578026132e-05
0.7570005716 	0.01759440247 	0.004518869953 	-3.941129318e-08 	0.008302002379 	-2.053408382e-08 	1.582592396e-05
0.7605266877 	0.01756659623 	0.00451199406 	-3.934261458e-08 	0.008324639603 	-2.187545593e-08 	1.58690768e-05
0.7640138905 	0.01753657137 	0.004504410799 	-3.927388865e-08 	0.008346003544 	-2.323879891e-08 	1.590980241e-05
0.7674626093 	0.01750443971 	0.004496150357 	-3.920190731e-08 	0.008366126726 	-2.462233188e-08 	1.594816279e-05
0.770873269 	0.01747031595 	0.004487243651 	-3.912516417e-08 	0.008385032666 	-2.602164018e-08 	1.598420276e-05
0.7742462894 	0.01743431659 	0.004477722218 	-3.904289855e-08 	0.00840273766 	-2.743149647e-08 	1.60179534e-05
0.777582086 	0.01739655882 	0.004467618036 	-3.895446766e-08 	0.008419252425 	-2.884689062e-08 	1.604943513e-05
0.7808810695 	0.01735715967 	0.004456963349 	-3.885915719e-08 	0.008434583508 	-3.026328527e-08 	1.607866044e-05
0.7841436462 	0.01731623528 	0.004445790524 	-3.87562274e-08 	0.008448734451 	-3.167651893e-08 	1.610563607e-05
0.787370218 	0.0172739004 	0.004434131937 	-3.864499366e-08 	0.008461706749 	-3.308268678e-08 	1.613036487e-05
0.7905611821 	0.01723026796 	0.004422019872 	-3.852485469e-08 	0.008473500632 	-3.447811243e-08 	1.615284729e-05
0.7937169314 	0.01718544887 	0.004409486441 	-3.839527042e-08 	0.008484115701 	-3.58593862e-08 	1.617308256e-05
0.7968378547 	0.0171395518 	0.004396563521 	-3.825572176e-08 	0.008493551433 	-3.722341349e-08 	1.619106969e-05
0.7999243362 	0.01709268315 	0.004383282701 	-3.810567705e-08 	0.008501807577 	-3.856743961e-08 	1.62068082e-05
0.8029767561 	0.01704494703 	0.004369675253 	-3.794457273e-08 	0.008508884473 	-3.98890459e-08 	1.622029873e-05
0.8059954902 	0.01699644531 	0.004355772084 	-3.777180449e-08 	0.008514783304 	-4.118612815e-08 	1.623154354e-05
0.8089809102 	0.01694727772 	0.004341603741 	-3.758672628e-08 	0.008519506214 	-4.245686386e-08 	1.624054672e-05
0.8119333839 	0.01689754241 	0.004327200504 	-3.738864923e-08 	0.00852305621 	-4.369968334e-08 	1.6247314e-05
0.8148532749 	0.01684733611 	0.004312592426 	-3.717683497e-08 	0.008525437186 	-4.491325293e-08 	1.62518528e-05
0.8177409426 	0.01679675421 	0.004297809275 	-3.695049245e-08 	0.00852665412 	-4.609645144e-08 	1.625417261e-05
0.8205967427 	0.01674589093 	0.004282880571 	-3.670877702e-08 	0.00852671311 	-4.724834414e-08 	1.625428507e-05
0.8234210268 	0.01669483973 	0.004267835653 	-3.645078733e-08 	0.008525621298 	-4.836816126e-08 	1.625220377e-05
0.8262141429 	0.0166436936 	0.004252703738 	-3.61755636e-08 	0.00852338681 	-4.945527567e-08 	1.624794421e-05
0.8289764348 	0.01659254541 	0.004237513979 	-3.588208672e-08 	0.0085200187 	-5.050918132e-08 	1.624152366e-05
0.8317082427 	0.01654148821 	0.004222295524 	-3.556927801e-08 	0.0085155269 	-5.152947177e-08 	1.623296104e-05
0.8344099031 	0.01649061556 	0.004207077574 	-3.523599943e-08 	0.008509922171 	-5.251581946e-08 	1.622227687e-05
0.8370817486 	0.01644002182 	0.004191889454 	-3.48810543e-08 	0.008503216057 	-5.346795536e-08 	1.620949315e-05
0.8397241082 	0.0163898025 	0.004176760667 	-3.450318862e-08 	0.008495420848 	-5.438564917e-08 	1.619463332e-05
0.8423373074 	0.01634005455 	0.004161720967 	-3.410109267e-08 	0.008486549543 	-5.526868992e-08 	1.617772214e-05
0.844921668 	0.01629087671 	0.004146800415 	-3.367340319e-08 	0.008476615826 	-5.611686709e-08 	1.615878572e-05
0.8474775082 	0.0162423698 	0.004132029443 	-3.321870604e-08 	0.008465634054 	-5.692995187e-08 	1.613785141e-05
0.8500051427 	0.01619463704 	0.004117438916 	-3.273553912e-08 	0.008453619245 	-5.770767905e-08 	1.611494784e-05
0.8525048829 	0.01614778437 	0.004103060189 	-3.222239579e-08 	0.008440587088 	-5.844972909e-08 	1.609010493e-05
0.8549770366 	0.01610192081 	0.00408892517 	-3.167772864e-08 	0.008426553953 	-5.915571058e-08 	1.606335387e-05
0.8574219081 	0.0160571587 	0.004075066366 	-3.10999535e-08 	0.008411536923 	-5.982514299e-08 	1.603472724e-05
0.8598397987 	0.01601361415 	0.004061516948 	-3.048745386e-08 	0.008395553824 	-6.045743958e-08 	1.600425901e-05
0.862231006 	0.01597140726 	0.004048310792 	-2.983858541e-08 	0.00837862328 	-6.105189066e-08 	1.597198469e-05
0.8645958245 	0.01593066256 	0.004035482538 	-2.915168102e-08 	0.00836076477 	-6.16076467e-08 	1.593794141e-05
0.8669345455 	0.01589150931 	0.00402306763 	-2.842505587e-08 	0.008341998701 	-6.212370154e-08 	1.590216806e-05
0.8692474569 	0.01585408188 	0.004011102363 	-2.765701284e-08 	0.008322346493 	-6.25988753e-08 	1.586470549e-05
0.8715348435 	0.01581852013 	0.003999623929 	-2.684584818e-08 	0.008301830677 	-6.303179681e-08 	1.582559664e-05
0.8737969871 	0.01578496981 	0.003988670452 	-2.598985746e-08 	0.008280475008 	-6.342088548e-08 	1.57848868e-05
0.8760341663 	0.01575358293 	0.003978281032 	-2.508734187e-08 	0.008258304593 	-6.376433189e-08 	1.574262383e-05
0.8782466565 	0.0157245182 	0.003968495775 	-2.413661491e-08 	0.008235346033 	-6.406007706e-08 	1.569885844e-05
0.8804347301 	0.01569794144 	0.003959355829 	-2.313600944e-08 	0.008211627594 	-6.430578964e-08 	1.56536445e-05
0.8825986568 	0.015674026 	0.003950903411 	-2.208388533e-08 	0.008187179385 	-6.449884044e-08 	1.560703942e-05
0.8847387028 	0.01565295325 	0.003943181838 	-2.097863777e-08 	0.008162033575 	-6.463627343e-08 	1.555910451e-05
0.8868551318 	0.01563491298 	0.003936235544 	-1.981870637e-08 	0.008136224633 	-6.471477219e-08 	1.55099055e-05
0.8889482045 	0.01562010386 	0.003930110104 	-1.860258518e-08 	0.0081097896 	-6.473062048e-08 	1.545951298e-05
0.8910181784 	0.01560873391 	0.003924852243 	-1.732883386e-08 	0.008082768416 	-6.467965547e-08 	1.540800309e-05
0.8930653087 	0.01560102089 	0.003920509845 	-1.599609031e-08 	0.008055204278 	-6.455721133e-08 	1.535545818e-05
0.8950898473 	0.01559719276 	0.003917131955 	-1.460308491e-08 	0.008027144078 	-6.435805094e-08 	1.530196764e-05
0.8970920436 	0.01559748799 	0.00391476877 	-1.314865663e-08 	0.007998638903 	-6.407628264e-08 	1.524762886e-05
0.8990721441 	0.01560215595 	0.00391347162 	-1.163177155e-08 	0.007969744632 	-6.370525803e-08 	1.519254834e-05
0.9010303927 	0.01561145712 	0.003913292944 	-1.00515438e-08 	0.007940522643 	-6.323744668e-08 	1.513684311e-05
0.9029670306 	0.01562566322 	0.003914286241 	-8.407259291e-09 	0.007911040663 	-6.2664282e-08 	1.508064226e-05
0.9048822962 	0.01564505726 	0.003916506014 	-6.698402478e-09 	0.007881373789 	-6.197597155e-08 	1.502408896e-05
0.9067764254 	0.01566993329 	0.003920007687 	-4.924686136e-09 	0.007851605723 	-6.116126301e-08 	1.496734275e-05
0.9086496514 	0.01570059605 	0.003924847508 	-3.086084453e-09 	0.007821830282 	-6.020715366e-08 	1.491058248e-05
0.910502205 	0.01573736015 	0.00393108241 	-1.182869812e-09 	0.00779215325 	-5.909852511e-08 	1.485400981e-05
0.9123343142 	0.01578054895 	0.003938769851 	7.843451662e-10 	0.007762694653 	-5.781767419e-08 	1.479785354e-05
0.9141462048 	0.01583049283 	0.003947967608 	2.814556474e-09 	0.007733591579 	-5.634369189e-08 	1.474237499e-05
0.9159380997 	0.01588752679 	0.003958733529 	4.906300007e-09 	0.007705001693 	-5.465161072e-08 	1.468787472e-05
0.9177102197 	0.01595198717 	0.003971125226 	7.057549091e-09 	0.007677107622 	-5.271119433e-08 	1.463470087e-05
0.9194627831 	0.01602420712 	0.003985199706 	9.265550544e-09 	0.007650122476 	-5.048518363e-08 	1.458325968e-05
0.9211960055 	0.01610451063 	0.004001012915 	1.152655688e-08 	0.007624296832 	-4.792676549e-08 	1.453402882e-05
0.9229101006 	0.01619320446 	0.004018619173 	1.383540072e-08 	0.007599927637 	-4.497603893e-08 	1.448757437e-05
0.9246052793 	0.01629056741 	0.004038070466 	1.618490015e-08 	0.007577369693 	-4.155540352e-08 	1.444457266e-05
0.9262817504 	0.01639683584 	0.004059415507 	1.856504202e-08 	0.007557050627 	-3.756464894e-08 	1.440583887e-05
0.9279397204 	0.01651218431 	0.00408269851 	2.096242039e-08 	0.007539490741 	-3.287694295e-08 	1.437236485e-05
0.9295793934 	0.01663670144 	0.004107958728 	2.336349043e-08 	0.00752533005 	-2.733947202e-08 	1.434537063e-05
0.9312009714 	0.01677036835 	0.004135230763 	2.575150012e-08 	0.007515353229 	-2.082203746e-08 	1.432635204e-05
0.9328046541 	0.01691306938 	0.004164552913 	2.814580581e-08 	0.00751049457 	-1.325272476e-08 	1.431709008e-05
0.9343906389 	0.01706484552 	0.004196059107 	3.078279076e-08 	0.00751175169 	-4.919446113e-09 	1.431948651e-05
0.9359591211 	0.01722655611 	0.004229816351 	3.294188485e-08 	0.007518931617 	6.047490296e-10 	1.433317344e-05
0.937510294 	0.01740074393 	0.004265933035 	3.642068234e-08 	0.007529926052 	4.982499906e-09 	1.435413189e-05
0.9390443485 	0.01759716925 	0.004307053344 	4.487933322e-08 	0.007540253275 	-1.170202877e-09 	1.437381845e-05
0.9405614735 	0.01781594078 	0.004353351029 	4.29173585e-08 	0.007552663791 	2.623681228e-08 	1.439747634e-05
0.942061856 	0.01801996206 	0.00439636011 	3.767438824e-08 	0.007595234466 	6.754306533e-08 	1.447862788e-05
0.9435456805 	0.0182125848 	0.004437345222 	4.364597525e-08 	0.007669312487 	7.935552853e-08 	1.461984118e-05
0.9450131299 	0.01842776466 	0.004484340509 	4.987524121e-08 	0.007755020674 	9.077590244e-08 	1.47832248e-05
0.946464385 	0.01866813456 	0.004537602517 	5.594877736e-08 	0.007851881855 	1.007677132e-07 	1.496786913e-05
0.9478996243 	0.01893601187 	0.004597396015 	6.296575323e-08 	0.00795968156 	1.126761049e-07 	1.517336533e-05
0.9493190246 	0.01923336844 	0.004664646089 	7.0354151e-08 	0.008080186039 	1.251663288e-07 	1.540308036e-05
0.9507227608 	0.01956184067 	0.004739854612 	7.793165326e-08 	0.008214181346 	1.379461542e-07 	1.565851266e-05
0.9521110058 	0.01992257744 	0.004823352928 	8.554168074e-08 	0.008362185572 	1.507669545e-07 	1.594064985e-05
0.9534839303 	0.02031613362 	0.004915302315 	9.30180549e-08 	0.008524452903 	1.633526432e-07 	1.624997648e-05
0.9548417036 	0.02074238465 	0.005015680666 	1.001845015e-07 	0.008700938149 	1.754048178e-07 	1.658640641e-05
0.9561844929 	0.02120049494 	0.005124280617 	1.068752873e-07 	0.008891284435 	1.86642816e-07 	1.694925934e-05
0.9575124634 	0.02168895677 	0.005240725562 	1.12950008e-07 	0.009094847058 	1.968283492e-07 	1.733730627e-05
0.9588257788 	0.0222056424 	0.005364486595 	1.182880379e-07 	0.009310720503 	2.057549426e-07 	1.774882106e-05
0.9601246008 	0.02274781004 	0.005494883191 	1.22778396e-07 	0.009537735425 	2.132309299e-07 	1.81815746e-05
0.9614090893 	0.02331209506 	0.005631080186 	1.2632675e-07 	0.009774451336 	2.190940436e-07 	1.863282091e-05
0.9626794024 	0.02389455018 	0.00577212602 	1.288645771e-07 	0.01001925123 	2.232216982e-07 	1.909947756e-05
0.9639356968 	0.02443985114 	0.005904551359 	1.30277923e-07 	0.01024882606 	2.254309103e-07 	1.953711099e-05
0.9647540487 	0.02488784801 	0.006013581236 	1.307781002e-07 	0.01043763523 	2.261145197e-07 	1.989703374e-05
0.9655573034 	0.02528313406 	0.006109946583 	1.307563289e-07 	0.01060434866 	2.259315308e-07 	2.021483586e-05
0.9663457395 	0.02567498235 	0.006205640698 	1.303133711e-07 	0.0107697813 	2.250281225e-07 	2.053019646e-05
0.9671196303 	0.02606208032 	0.006300340419 	1.294740869e-07 	0.01093338566 	2.234458772e-07 	2.084207185e-05
0.9678792442 	0.02644320685 	0.006393729514 	1.282687334e-07 	0.01109461194 	2.212389057e-07 	2.114941395e-05
0.9686248445 	0.02681722877 	0.006485521991 	1.267273339e-07 	0.01125297205 	2.184593073e-07 	2.145129232e-05
0.9693566897 	0.02718310068 	0.006575454024 	1.248802068e-07 	0.01140801737 	2.151593847e-07 	2.174685181e-05
0.9700750337 	0.02753986366 	0.006663282443 	1.227577402e-07 	0.01155933477 	2.113916186e-07 	2.203530481e-05
0.9707801255 	0.02788664348 	0.006748784605 	1.203899194e-07 	0.01170654646 	2.072078164e-07 	2.231593122e-05
0.9714722095 	0.02822264833 	0.006831757986 	1.178059683e-07 	0.01184930947 	2.026584646e-07 	2.258807719e-05
0.9721515258 	0.02854716594 	0.006912019508 	1.150340873e-07 	0.01198731437 	1.977922669e-07 	2.285115288e-05
0.9728183099 	0.02885956012 	0.00698940472 	1.121012518e-07 	0.01212028389 	1.926557879e-07 	2.310462975e-05
0.9734727929 	0.02915926683 	0.007063766862 	1.09033057e-07 	0.01224797125 	1.872931785e-07 	2.334803734e-05
0.9741152019 	0.02944578967 	0.007134975813 	1.058536028e-07 	0.01237015831 	1.81745971e-07 	2.358095985e-05
0.9747457596 	0.02971869519 	0.007202916965 	1.025854127e-07 	0.01248665363 	1.76052936e-07 	2.380303231e-05
0.9753646845 	0.02997760774 	0.007267490021 	9.924938319e-08 	0.01259729032 	1.702499926e-07 	2.401393659e-05
0.9759721914 	0.03022220422 	0.007328607753 	9.586475879e-08 	0.01270192389 	1.643701667e-07 	2.421339726e-05
0.9765684907 	0.03045220872 	0.007386194723 	9.244913098e-08 	0.01280043001 	1.584435915e-07 	2.440117729e-05
0.9771537895 	0.03066738696 	0.00744018598 	8.901845772e-08 	0.0128927022 	1.524975463e-07 	2.457707374e-05
0.9777282904 	0.03086754083 	0.007490525752 	8.558710163e-08 	0.01297864961 	1.465565285e-07 	2.474091338e-05
0.9782921928 	0.03105250286 	0.007537166131 	8.216788449e-08 	0.01305819462 	1.406423544e-07 	2.489254829e-05
0.9788456922 	0.03122213066 	0.007580065759 	7.877215588e-08 	0.01313127067 	1.34774284e-07 	2.503185154e-05
0.9793889805 	0.03137630158 	0.007619188522 	7.540987337e-08 	0.01319781988 	1.289691661e-07 	2.515871283e-05
0.979922246 	0.03151490724 	0.007654502255 	7.208969202e-08 	0.01325779086 	1.232415973e-07 	2.527303419e-05
0.9804456737 	0.03163784819 	0.007685977454 	6.881906043e-08 	0.01331113645 	1.176040918e-07 	2.537472572e-05
0.9809594451 	0.03174502869 	0.007713585996 	6.560432102e-08 	0.01335781152 	1.120672581e-07 	2.546370136e-05
0.9814637383 	0.03183635143 	0.007737299871 	6.245081228e-08 	0.01339777073 	1.066399775e-07 	2.553987473e-05
0.9819587281 	0.03191171231 	0.007757089907 	5.936297104e-08 	0.01343096638 	1.013295825e-07 	2.560315485e-05
0.9824445862 	0.03197099528 	0.007772924503 	5.634443308e-08 	0.01345734617 	9.614203189e-08 	2.565344207e-05
0.9829214811 	0.03201406707 	0.007784768348 	5.339813071e-08 	0.01347685102 	9.108208056e-08 	2.569062374e-05
0.9833895781 	0.0320407719 	0.007792581118 	5.052638628e-08 	0.01348941281 	8.615344205e-08 	2.571457001e-05
0.9838490396 	0.03205092612 	0.007796316154 	4.773100085e-08 	0.0134949521 	8.135894261e-08 	2.572512943e-05
0.9843000247 	0.03204431267 	0.007795919102 	4.501333737e-08 	0.01349337577 	7.670066585e-08 	2.572212451e-05
0.98474269 	0.03202067537 	0.007791326508 	4.237439799e-08 	0.01348457461 	7.218008717e-08 	2.570534706e-05
0.9851771888 	0.03197971297 	0.007782464347 	3.98148951e-08 	0.01346842079 	6.77981974e-08 	2.567455339e-05
0.9856036719 	0.03192107293 	0.007769246498 	3.733531598e-08 	0.0134447652 	6.355561539e-08 	2.562945925e-05
0.9860222871 	0.0318443449 	0.007751573127 	3.493598084e-08 	0.01341343466 	5.945268915e-08 	2.556973454e-05
0.9864331796 	0.03174905376 	0.007729328992 	3.261709411e-08 	0.013374229 	5.548958553e-08 	2.549499766e-05
0.9868364919 	0.03163465231 	0.007702381649 	3.037878862e-08 	0.01332691792 	5.166636777e-08 	2.540480958e-05
0.9872323637 	0.03150051358 	0.007670579564 	2.822116262e-08 	0.01327123771 	4.798306087e-08 	2.529866763e-05
0.9876209323 	0.03134592267 	0.007633750145 	2.614430877e-08 	0.01320688781 	4.443970363e-08 	2.517599883e-05
0.9880023326 	0.03117006831 	0.007591697687 	2.414833444e-08 	0.01313352719 	4.103638625e-08 	2.503615309e-05
0.9883766967 	0.03097203421 	0.007544201307 	2.223337133e-08 	0.01305077069 	3.777326996e-08 	2.487839622e-05
0.9887441544 	0.03075079033 	0.007491012915 	2.039957218e-08 	0.01295818547 	3.465058533e-08 	2.470190304e-05
0.9891048331 	0.03050518455 	0.007431855233 	1.864709458e-08 	0.01285528727 	3.166861345e-08 	2.450575048e-05
0.9894588579 	0.03023393507 	0.00736641911 	1.697609679e-08 	0.01274153461 	2.882772492e-08 	2.42889063e-05
0.9898063516 	0.02993562358 	0.007294363233 	1.538658942e-08 	0.012616329 	2.612804979e-08 	2.405022961e-05
0.9901474347 	0.029608689 	0.007215316894 	1.387827131e-08 	0.01247902329 	2.356914613e-08 	2.378848675e-05
0.9904822253 	0.02925109634 	0.007128797441 	1.245359501e-08 	0.01232876794 	2.115623954e-08 	2.35020583e-05
0.9908108397 	0.02886012977 	0.007034155027 	1.111599769e-08 	0.01216440507 	1.8897009e-08 	2.318873698e-05
0.9911333916 	0.02843317459 	0.006930766901 	9.862678416e-09 	0.01198482335 	1.678734163e-08 	2.284640432e-05
0.9914499931 	0.02796826084 	0.006818172417 	8.687931131e-09 	0.01178920306 	1.481723279e-08 	2.247349768e-05
0.9917607538 	0.02746362404 	0.006695961718 	7.586703467e-09 	0.01157680855 	1.297782041e-08 	2.206861471e-05
0.9920657815 	0.02691733387 	0.006563686408 	6.552890819e-09 	0.01134682495 	1.125839037e-08 	2.163020203e-05
0.9923651819 	0.02632721985 	0.006420846793 	5.580376628e-09 	0.0110983348 	9.648246618e-09 	2.115651076e-05
0.992659059 	0.02569084863 	0.006266889851 	4.663962178e-09 	0.0108303094 	8.138450738e-09 	2.064557985e-05
0.9929475145 	0.02500554993 	0.006101228709 	3.79985496e-09 	0.01054164457 	6.722642304e-09 	2.009530445e-05
0.9932306485 	0.02426847814 	0.005923279533 	2.985831969e-09 	0.01023123121 	5.397250075e-09 	1.950357031e-05
0.9935085592 	0.02347670583 	0.005732376731 	2.221293795e-09 	0.009897673681 	4.161550075e-09 	1.886771695e-05
0.9937813429 	0.0227022205 	0.00554589906 	1.564909497e-09 	0.00957110342 	3.110609954e-09 	1.824518327e-05
0.9939569055 	0.02203550918 	0.005385698908 	1.062888114e-09 	0.009289989668 	2.314361257e-09 	1.770930233e-05
0.9941324681 	0.02141324004 	0.005232298109 	7.390307926e-10 	0.009027828289 	1.652592794e-09 	1.720954987e-05
0.9943080307 	0.02075408724 	0.00506675649 	5.039877025e-10 	0.008750093505 	1.031587512e-09 	1.668011018e-05
0.9944835934 	0.02005601776 	0.004893405887 	2.436484899e-10 	0.008455862961 	4.533543517e-10 	1.611922499e-05
0.994659156 	0.01931716758 	0.004711474338 	-2.405875695e-11 	0.008144423731 	-8.118376732e-11 	1.552553526e-05
0.9948347186 	0.01853578185 	0.004520042052 	-2.874014043e-10 	0.007815046272 	-5.708661427e-10 	1.489765027e-05
0.9950102812 	0.01771026623 	0.004318356255 	-5.370251179e-10 	0.007467055442 	-1.014193042e-09 	1.423428303e-05
0.9951858439 	0.01683930425 	0.004105853677 	-7.658762013e-10 	0.007099895443 	-1.409293329e-09 	1.353437403e-05
0.9953614065 	0.01592202407 	0.003882177341 	-9.689090334e-10 	0.006713198757 	-1.753974809e-09 	1.279722267e-05
0.9955369691 	0.01495821374 	0.003647199694 	-1.142622557e-09 	0.006306875356 	-2.045827595e-09 	1.202265733e-05
0.9957125317 	0.01394858943 	0.003401060983 	-1.284547613e-09 	0.005881226109 	-2.282333953e-09 	1.121125157e-05
0.9958880943 	0.01289512015 	0.003144232532 	-1.392783662e-09 	0.005437092132 	-2.46085996e-09 	1.036460877e-05
0.996063657 	0.01180141047 	0.002877596453 	-1.465853469e-09 	0.004976012626 	-2.579057133e-09 	9.485663077e-06
0.9962392196 	0.01067313264 	0.002602517255 	-1.503005531e-09 	0.004500330143 	-2.636033735e-09 	8.578880054e-06
0.9964147822 	0.009518501023 	0.002320741236 	-1.506696593e-09 	0.004012799483 	-2.639277362e-09 	7.649511115e-06
0.9965903448 	0.008348550351 	0.002035476754 	-1.467390576e-09 	0.003519502479 	-2.561864096e-09 	6.70914992e-06
0.9967659075 	0.007177517506 	0.001750588511 	-1.388862642e-09 	0.003027528084 	-2.412733744e-09 	5.771309985e-06
0.9969414701 	0.005931185164 	0.001451432533 	-1.546216364e-09 	0.002614098273 	-1.344381403e-09 	4.983197858e-06
0.9971170327 	0.004642360524 	0.001139083478 	-1.658306032e-09 	0.002276460541 	-5.602078621e-10 	4.339566501e-06
0.9972925953 	0.003466846427 	0.0008414674296 	-1.432106984e-09 	0.001925104309 	-8.878484343e-10 	3.669783867e-06
0.997468158 	0.002463454608 	0.0005773937717 	-1.132022687e-09 	0.001554307607 	-1.059989603e-09 	2.962942297e-06
0.9976437206 	0.001657194111 	0.0003616060498 	-8.012967803e-10 	0.001182311094 	-1.063312173e-09 	2.253813552e-06
0.9978192832 	0.001049507855 	0.0002026493601 	-4.959637523e-10 	0.0008352708568 	-9.120096074e-10 	1.592258405e-06
0.9979948458 	0.0006201072192 	9.923525021e-05 	-2.621183058e-10 	0.0005390996902 	-6.728007413e-10 	1.027673845e-06
0.9981704085 	0.0003359269713 	4.114358066e-05 	-1.147319425e-10 	0.00031121091 	-4.234844744e-10 	5.93254491e-07
0.9983459711 	0.0001613891797 	1.377521377e-05 	-3.978689051e-11 	0.0001556084361 	-2.227789138e-10 	2.966329283e-07
0.9985215337 	6.46958755e-05 	3.44087784e-06 	-1.014381326e-11 	6.372663622e-05 	-9.364064215e-11 	1.214806805e-07
0.9986970963 	1.934115012e-05 	5.54723857e-07 	-1.652965592e-12 	1.923095773e-05 	-2.857159224e-11 	3.66595504e-08
0.998872659 	3.463297422e-06 	4.257226977e-08 	-1.27537369e-13 	3.454358765e-06 	-5.150221365e-12 	6.584967896e-09
0.9990482216 	3.570217718e-07 	1.123517935e-09 	-3.376649933e-15 	3.563271722e-07 	-5.315948131e-13 	6.792586262e-10
