0.4706627813 	4.80427212e-07 	-1.811652976e-09 	-8.969669861e-14 	4.795040651e-07 	9.5027293e-12 	9.140680194e-10
0.4708355793 	5.366906515e-06 	-7.833560514e-08 	-2.604125279e-12 	5.352452029e-06 	6.596279749e-11 	1.02032612e-08
0.4710083775 	2.977935547e-05 	-1.008154771e-06 	-2.392916392e-11 	2.957674927e-05 	2.522037555e-10 	5.638150455e-08
0.4711811759 	9.932340345e-05 	-6.191629976e-06 	-1.072687821e-10 	9.741695501e-05 	6.198552837e-10 	1.857037919e-07
0.4713539745 	0.0002477030315 	-2.450304839e-05 	-3.089449165e-10 	0.000236142046 	1.195786275e-09 	4.501523719e-07
0.4715267733 	0.0005163521941 	-7.204829559e-05 	-6.6393062e-10 	0.000467304336 	2.020237716e-09 	8.90811945e-07
0.4716995723 	0.0009546764997 	-0.0001701440096 	-1.199654121e-09 	0.0007974437284 	3.248256794e-09 	1.520149384e-06
0.4718723715 	0.001614611826 	-0.0003383580099 	-2.042379345e-09 	0.001211942089 	5.217620256e-09 	2.310298463e-06
0.4720451709 	0.002536528858 	-0.0005855971469 	-3.519722651e-09 	0.001677845107 	8.332234123e-09 	3.198439108e-06
0.4722179705 	0.003732127883 	-0.0009051717318 	-6.076374803e-09 	0.002155465005 	1.27421107e-08 	4.108915381e-06
0.4723907703 	0.00517573092 	-0.001277964323 	-1.00322553e-08 	0.002613472107 	1.828427497e-08 	4.982004212e-06
0.4725635703 	0.006804722392 	-0.001679183999 	-1.646200599e-08 	0.003040647401 	1.929518276e-08 	5.79631905e-06
0.4727363705 	0.008397428427 	-0.002065605713 	-2.245046399e-08 	0.003559616166 	1.868051711e-08 	6.785617757e-06
0.4729091709 	0.009885940779 	-0.002430816676 	-2.62556233e-08 	0.004187848679 	2.136239445e-08 	7.983203535e-06
0.4730819714 	0.01137191366 	-0.002796266488 	-3.003769792e-08 	0.004817369023 	2.401971508e-08 	9.183244277e-06
0.4732547721 	0.01283443009 	-0.003156369075 	-3.377747953e-08 	0.005438074477 	2.668158746e-08 	1.036648139e-05
0.4734275731 	0.01425768185 	-0.00350647198 	-3.742003074e-08 	0.006041131354 	2.924503507e-08 	1.151607541e-05
0.4736003742 	0.01563028443 	-0.003844131649 	-4.093753588e-08 	0.006622705741 	3.172024528e-08 	1.262471783e-05
0.4737731754 	0.01694475725 	-0.004167537869 	-4.431066633e-08 	0.007179703276 	3.410652993e-08 	1.368650994e-05
0.4739459769 	0.01819672237 	-0.004475613031 	-4.752361209e-08 	0.007710244122 	3.639480136e-08 	1.469786825e-05
0.4741187785 	0.01938418841 	-0.00476788662 	-5.054532663e-08 	0.008213470988 	3.851655327e-08 	1.565715852e-05
0.4742915803 	0.02050693349 	-0.005044365559 	-5.336429714e-08 	0.008689291971 	4.043996949e-08 	1.656420556e-05
0.4744643823 	0.0215659961 	-0.005305433837 	-5.598849725e-08 	0.009138147793 	4.216386875e-08 	1.741984951e-05
0.4746371844 	0.02256326765 	-0.005551789725 	-5.842804455e-08 	0.00956084146 	4.366369552e-08 	1.822562112e-05
0.4748099867 	0.02350117818 	-0.005784401595 	-6.070641069e-08 	0.009958405261 	4.492387621e-08 	1.898348822e-05
0.4749827891 	0.02438246829 	-0.006004472058 	-6.285851164e-08 	0.01033200481 	4.594216569e-08 	1.969567279e-05
0.4751555917 	0.02521005613 	-0.006213391952 	-6.525187259e-08 	0.01068288073 	4.673411819e-08 	2.036453983e-05
0.4753283945 	0.02598710179 	-0.00640669084 	-6.746761588e-08 	0.01101230797 	4.725123767e-08 	2.09925197e-05
0.4755011974 	0.02671704888 	-0.006584221899 	-6.882575037e-08 	0.0113216565 	4.749847673e-08 	2.158222398e-05
0.4756740004 	0.02740315718 	-0.006751418423 	-6.974668945e-08 	0.01161243402 	4.756751861e-08 	2.213652676e-05
0.4758468036 	0.02813484549 	-0.006930156475 	-7.069580368e-08 	0.01192284451 	4.748263898e-08 	2.272825542e-05
0.4761153003 	0.02897990929 	-0.007136992285 	-7.170333811e-08 	0.01228141428 	4.71319935e-08 	2.341178906e-05
0.4763888437 	0.02983831325 	-0.007347373586 	-7.270484018e-08 	0.01264534712 	4.652402236e-08 	2.41055462e-05
0.4766675287 	0.0306324449 	-0.007542298554 	-7.361304551e-08 	0.01298198883 	4.574992538e-08 	2.474727887e-05
0.4769514519 	0.03136655759 	-0.007722785663 	-7.444969258e-08 	0.01329332933 	4.486043352e-08 	2.53407804e-05
0.4772407118 	0.03204465469 	-0.00788970786 	-7.523497114e-08 	0.01358094603 	4.390045935e-08 	2.588905776e-05
0.4775354087 	0.03267041519 	-0.00804390831 	-7.598649456e-08 	0.01384636769 	4.291187829e-08 	2.639502521e-05
0.4778356448 	0.03324717551 	-0.008186170486 	-7.672055829e-08 	0.0140910104 	4.193467976e-08 	2.686138222e-05
0.4781415242 	0.03377795944 	-0.008317207311 	-7.74531778e-08 	0.01431614974 	4.100806705e-08 	2.729056037e-05
0.4784531529 	0.03426564774 	-0.008437698678 	-7.817722273e-08 	0.01452298884 	4.012717302e-08 	2.768485318e-05
0.478770639 	0.03471356218 	-0.008548442515 	-7.888892146e-08 	0.0147129349 	3.928880854e-08 	2.804694316e-05
0.4790940926 	0.0351252938 	-0.008650311922 	-7.962717384e-08 	0.01488752528 	3.856300106e-08 	2.837976097e-05
0.4794236259 	0.03550372375 	-0.008744002968 	-8.042346682e-08 	0.01504797523 	3.800520546e-08 	2.868562316e-05
0.4797593531 	0.0358510848 	-0.008830052376 	-8.128358553e-08 	0.01519521521 	3.762466255e-08 	2.896630349e-05
0.4801013905 	0.0361693966 	-0.008908950777 	-8.221057227e-08 	0.01533009917 	3.742673114e-08 	2.92234298e-05
0.4804498569 	0.03646048267 	-0.008981142531 	-8.320516219e-08 	0.01545340053 	3.741293502e-08 	2.945847645e-05
0.480804873 	0.03672598651 	-0.00904702666 	-8.4265437e-08 	0.01556581136 	3.757835558e-08 	2.967276275e-05
0.4811665619 	0.03696738656 	-0.009106963473 	-8.539278537e-08 	0.0156679576 	3.792676913e-08 	2.986748186e-05
0.4815350489 	0.03718607548 	-0.009161293505 	-8.659674474e-08 	0.01576043033 	3.847093484e-08 	3.00437606e-05
0.4819109242 	0.03738332277 	-0.009210324275 	-8.787726357e-08 	0.01584376037 	3.920340143e-08 	3.020261081e-05
0.4822941986 	0.03756013013 	-0.009254298027 	-8.922731139e-08 	0.01591836751 	4.011501466e-08 	3.034483276e-05
0.482684677 	0.03771733909 	-0.009293420353 	-9.063162961e-08 	0.01598460992 	4.118247749e-08 	3.047110921e-05
0.4830824948 	0.0378557753 	-0.009327892735 	-9.207653051e-08 	0.01604283705 	4.238077711e-08 	3.058210629e-05
0.4834877901 	0.03797621478 	-0.009357904041 	-9.355735269e-08 	0.01609337584 	4.370219814e-08 	3.067844727e-05
0.4839007033 	0.03807935243 	-0.009383623447 	-9.506920227e-08 	0.01613651941 	4.513803064e-08 	3.076069091e-05
0.4843213776 	0.03816581011 	-0.009405202302 	-9.660611426e-08 	0.01617253026 	4.667767159e-08 	3.08293376e-05
0.484749959 	0.03823614376 	-0.009422775735 	-9.816136467e-08 	0.01620164296 	4.831028112e-08 	3.08848345e-05
0.485186596 	0.03829084965 	-0.009436464042 	-9.972907622e-08 	0.01622406674 	5.002567663e-08 	3.092758046e-05
0.48563144 	0.03833036975 	-0.009446374009 	-1.013042151e-07 	0.01623998776 	5.181448523e-08 	3.095793034e-05
0.4860846455 	0.03835509633 	-0.009452600182 	-1.02881187e-07 	0.0162495712 	5.366776041e-08 	3.097619904e-05
0.4865463694 	0.03836537608 	-0.009455225896 	-1.044544044e-07 	0.01625296304 	5.55773139e-08 	3.098266482e-05
0.4870167719 	0.03836151376 	-0.009454324158 	-1.060194467e-07 	0.01625029162 	5.753639233e-08 	3.097757236e-05
0.4874960162 	0.03834377538 	-0.009449958585 	-1.075708971e-07 	0.01624166951 	5.953111528e-08 	3.096113622e-05
0.4879842685 	0.03831239103 	-0.009442183416 	-1.091151508e-07 	0.01622719273 	6.157688643e-08 	3.093353947e-05
0.488481698 	0.03826755713 	-0.009431044651 	-1.106584973e-07 	0.01620694327 	6.368801565e-08 	3.089493836e-05
0.4889884774 	0.03820943814 	-0.009416581557 	-1.121846826e-07 	0.01618099268 	6.582387669e-08 	3.084546933e-05
0.4895047822 	0.0381381683 	-0.009398825462 	-1.136849414e-07 	0.0161493982 	6.797589571e-08 	3.078524146e-05
0.4900307917 	0.03805385302 	-0.00937780028 	-1.151585751e-07 	0.0161122038 	7.016004521e-08 	3.071433859e-05
0.4905666881 	0.03795657003 	-0.009353523803 	-1.165973097e-07 	0.01606944359 	7.236675461e-08 	3.063282575e-05
0.4911126574 	0.03784637063 	-0.009326006962 	-1.179957675e-07 	0.01602113962 	7.458882456e-08 	3.054074496e-05
0.4916688889 	0.03772328047 	-0.009295254495 	-1.193525261e-07 	0.01596730351 	7.682595544e-08 	3.043811838e-05
0.4922355755 	0.03758728131 	-0.009261262701 	-1.206679683e-07 	0.01590793469 	7.90834656e-08 	3.03249449e-05
0.4928132114 	0.03743826969 	-0.009224003199 	-1.219257738e-07 	0.01584298584 	8.133497495e-08 	3.020113434e-05
0.4934025382 	0.0372761402 	-0.009183446801 	-1.231078774e-07 	0.0157724092 	8.355377449e-08 	3.006659566e-05
0.4940029419 	0.03710087957 	-0.009139591427 	-1.242384609e-07 	0.01569620749 	8.578078634e-08 	2.9921334e-05
0.4946146306 	0.03691244848 	-0.009092427423 	-1.253241015e-07 	0.01561436737 	8.80305483e-08 	2.9765324e-05
0.4952378166 	0.03671073099 	-0.009041926087 	-1.263651441e-07 	0.01552684263 	9.030568729e-08 	2.959847752e-05
0.4958727159 	0.03649558961 	-0.008988053886 	-1.273626923e-07 	0.01543357856 	9.261018222e-08 	2.942069028e-05
0.4965195487 	0.03626686637 	-0.008930772752 	-1.283181808e-07 	0.01533451247 	9.494833439e-08 	2.923184277e-05
0.4971785393 	0.03602438412 	-0.008870040327 	-1.292330922e-07 	0.01522957389 	9.732416747e-08 	2.903180068e-05
0.4978499162 	0.03576794823 	-0.008805810429 	-1.301088802e-07 	0.01511868539 	9.974134266e-08 	2.882041638e-05
0.4985339123 	0.03549734858 	-0.008738033584 	-1.309468936e-07 	0.01500176338 	1.022030033e-07 	2.859753053e-05
0.4992307647 	0.03521236209 	-0.008666657671 	-1.317483168e-07 	0.0148787192 	1.047116249e-07 	2.836297413e-05
0.4999407151 	0.03491275557 	-0.008591628681 	-1.325141139e-07 	0.01474946041 	1.072689043e-07 	2.811657094e-05
0.5006640096 	0.03459828894 	-0.008512891543 	-1.332449128e-07 	0.01461389216 	1.098756236e-07 	2.785814018e-05
0.5014008992 	0.03426871816 	-0.008430390747 	-1.339404259e-07 	0.01447191814 	1.12530555e-07 	2.758749824e-05
0.5021516393 	0.03392379728 	-0.008344070715 	-1.34598438e-07 	0.01432344103 	1.152287094e-07 	2.73044596e-05
0.5029164903 	0.03356325152 	-0.008253872077 	-1.352153834e-07 	0.01416835925 	1.179673912e-07 	2.700883062e-05
0.503695936 	0.03318665231 	-0.008159690207 	-1.357685746e-07 	0.01400648491 	1.207147543e-07 	2.670025314e-05
0.5044912129 	0.03279358442 	-0.008061434689 	-1.362286689e-07 	0.01383766641 	1.234350642e-07 	2.637843815e-05
0.5053014374 	0.03233056744 	-0.007945778049 	-1.369064114e-07 	0.01363904054 	1.267620602e-07 	2.599980204e-05
0.5065452568 	0.03173803078 	-0.007797864921 	-1.371501885e-07 	0.01338507995 	1.303520684e-07 	2.551568257e-05
0.5078029565 	0.03106502833 	-0.007629966027 	-1.375517136e-07 	0.0130968257 	1.343947121e-07 	2.496618986e-05
0.5090746915 	0.03036563073 	-0.007455617452 	-1.378336404e-07 	0.01279753407 	1.383192362e-07 	2.439565683e-05
0.5103606185 	0.02964031291 	-0.007274965585 	-1.380063941e-07 	0.01248745638 	1.421438624e-07 	2.380456258e-05
0.5116608957 	0.02888938787 	-0.007088097745 	-1.380764005e-07 	0.01216672421 	1.45864822e-07 	2.31931579e-05
0.5129756833 	0.02811297157 	-0.006895062807 	-1.380559321e-07 	0.0118354151 	1.49496512e-07 	2.256159065e-05
0.5143051433 	0.02731063237 	-0.006695771608 	-1.379302248e-07 	0.01149336598 	1.530079265e-07 	2.190954998e-05
0.5156513952 	0.02648155779 	-0.006490046491 	-1.376446292e-07 	0.0111402663 	1.56307523e-07 	2.123644385e-05
0.5170128819 	0.02562519173 	-0.006277787845 	-1.372715331e-07 	0.01077594532 	1.595063164e-07 	2.05419468e-05
0.5183895608 	0.02474082583 	-0.006058830253 	-1.368679445e-07 	0.01040006836 	1.62714347e-07 	1.982542084e-05
0.5197816015 	0.02382988209 	-0.005833528298 	-1.358982249e-07 	0.01001314279 	1.649602584e-07 	1.908783317e-05
0.5211891754 	0.02289995743 	-0.005603825551 	-1.33632276e-07 	0.009618406504 	1.648870357e-07 	1.833535609e-05
0.5226124558 	0.02196178786 	-0.005372450808 	-1.302434138e-07 	0.009220434843 	1.627333342e-07 	1.75767115e-05
0.5240516179 	0.02102396068 	-0.005141532974 	-1.260882592e-07 	0.008822745106 	1.590465332e-07 	1.681860433e-05
0.5255072092 	0.02009352795 	-0.004912781884 	-1.211510947e-07 	0.008428151501 	1.537190714e-07 	1.606639924e-05
0.5269808209 	0.01917833514 	-0.004688098686 	-1.153912974e-07 	0.008039842865 	1.466367569e-07 	1.532617506e-05
0.5284708748 	0.01828806013 	-0.004469824053 	-1.088259201e-07 	0.007661788881 	1.377681574e-07 	1.460549909e-05
0.5299775543 	0.0174340551 	-0.004260706095 	-1.014825722e-07 	0.007298675334 	1.270841134e-07 	1.391330375e-05
0.5315010449 	0.01662864399 	-0.004062560315 	-9.38767931e-08 	0.006952434717 	1.157552612e-07 	1.32532729e-05
0.5330415342 	0.0158825956 	-0.003879734732 	-8.53147421e-08 	0.006632327203 	1.014955835e-07 	1.264305901e-05
0.5345992119 	0.01520116941 	-0.003716282229 	-7.649890818e-08 	0.006348429573 	8.588603598e-08 	1.210187122e-05
0.5361744585 	0.01444813583 	-0.003540040416 	-7.726252117e-08 	0.006188076037 	4.807179385e-08 	1.179619281e-05
0.5377691979 	0.0136024056 	-0.003341243536 	-7.513436845e-08 	0.006147104811 	2.614001129e-08 	1.171809027e-05
0.5393817296 	0.01281186123 	-0.003151102228 	-6.436373293e-08 	0.006112184935 	3.315613869e-08 	1.165152328e-05
0.5410122523 	0.01209186659 	-0.002971703455 	-5.732528886e-08 	0.006065567845 	3.271640465e-08 	1.156265815e-05
0.5426609666 	0.01142281297 	-0.002796576548 	-5.143438672e-08 	0.006016800543 	3.060292933e-08 	1.146969412e-05
0.5443280756 	0.01080033143 	-0.002626003406 	-4.560660328e-08 	0.005973973123 	2.603352825e-08 	1.138805315e-05
0.5460137845 	0.01022312269 	-0.002459905267 	-4.022558958e-08 	0.005939843381 	2.140528552e-08 	1.132299238e-05
0.5477194288 	0.00969127548 	-0.002298139465 	-3.510044776e-08 	0.005914190064 	1.691570818e-08 	1.127409003e-05
0.5494450171 	0.009204988331 	-0.002140821798 	-3.023700059e-08 	0.005896696664 	1.266889007e-08 	1.124074274e-05
0.5511898565 	0.00876402166 	-0.001988069848 	-2.566208197e-08 	0.005886947574 	8.731745182e-09 	1.122215827e-05
0.5529541618 	0.008367480435 	-0.001839930205 	-2.138897565e-08 	0.005884411589 	5.139047181e-09 	1.121732398e-05
0.5547381503 	0.008013923229 	-0.001696399816 	-1.742300747e-08 	0.005888469149 	1.908267588e-09 	1.122505881e-05
0.5565420416 	0.007701508905 	-0.001557449378 	-1.376308865e-08 	0.005898402904 	-9.533442679e-10 	1.124399531e-05
0.5583670057 	0.007428130081 	-0.001423021493 	-1.039085129e-08 	0.005913517681 	-3.479754829e-09 	1.127280828e-05
0.5602133451 	0.007191998866 	-0.001293458675 	-7.186640588e-09 	0.005933054509 	-5.667038352e-09 	1.13100509e-05
0.5620802817 	0.006991353364 	-0.00116895528 	-4.372548291e-09 	0.005956996188 	-7.813787663e-09 	1.13556904e-05
0.5639680453 	0.006823451334 	-0.001048407554 	-2.186186337e-09 	0.005986504452 	-9.98382189e-09 	1.141194135e-05
0.5658768684 	0.006685377467 	-0.000930886783 	-3.38270658e-10 	0.006021687493 	-1.168657958e-08 	1.147901e-05
0.567806986 	0.00657455465 	-0.0008165030816 	1.281599058e-09 	0.006061107807 	-1.279702437e-08 	1.155415608e-05
0.5697601668 	0.006488263744 	-0.0007052444244 	2.583042818e-09 	0.006103404765 	-1.34532529e-08 	1.163478584e-05
0.571735477 	0.006423898457 	-0.0005968929457 	3.58001302e-09 	0.006147619897 	-1.373384342e-08 	1.171907217e-05
0.5737328224 	0.006379136668 	-0.0004912617544 	4.290814466e-09 	0.006193017329 	-1.369699374e-08 	1.180561229e-05
0.5757524488 	0.006351906836 	-0.0003881642581 	4.736357943e-09 	0.006239028705 	-1.33760175e-08 	1.189332276e-05
0.5777946049 	0.006340379691 	-0.0002874197596 	4.939078701e-09 	0.006285196021 	-1.279766506e-08 	1.19813305e-05
0.5798604356 	0.006342948967 	-0.0001888576103 	4.919419396e-09 	0.006331153729 	-1.197777675e-08 	1.206893866e-05
0.581950188 	0.006358203048 	-9.234756122e-05 	4.698473059e-09 	0.006376604687 	-1.093470781e-08 	1.215558082e-05
0.5840632515 	0.006384888389 	2.20494034e-06 	4.297685158e-09 	0.006421293418 	-9.684215928e-09 	1.224076996e-05
0.5861998861 	0.006421890665 	9.486201298e-05 	3.738698207e-09 	0.006465020192 	-8.236914388e-09 	1.232412535e-05
0.5883603551 	0.006468225846 	0.000185724981 	3.04082236e-09 	0.006507631085 	-6.60236452e-09 	1.240535355e-05
0.5905457595 	0.0065230337 	0.0002749554264 	2.218707762e-09 	0.006548995397 	-4.780315429e-09 	1.248420543e-05
0.5927563685 	0.006585543761 	0.0003626207892 	1.293667279e-09 	0.006589007609 	-2.781617401e-09 	1.256047982e-05
0.5949916363 	0.006655050738 	0.0004487318877 	2.871538147e-10 	0.006627573957 	-6.191053911e-10 	1.2633998e-05
0.5956145471 	0.006675961747 	0.0004720489154 	9.978194778e-07 	0.006637784463 	1.422362951e-07 	1.265346206e-05
0.597251833 	0.006730926355 	0.0005333375525 	7.13609244e-10 	0.006664622533 	-1.640594581e-09 	1.270462288e-05
0.5995372403 	0.006812621482 	0.0006164968416 	1.741550264e-09 	0.006700099444 	-4.018715983e-09 	1.277225174e-05
0.6018493437 	0.006899648643 	0.0006982655678 	2.811718075e-09 	0.006733965327 	-6.537734957e-09 	1.283680952e-05
0.6041875845 	0.006991546835 	0.0007786720776 	3.904496348e-09 	0.006766184761 	-9.180075431e-09 	1.289822872e-05
0.6065519077 	0.007087889673 	0.0008577360538 	5.004477519e-09 	0.006796722139 	-1.193661508e-08 	1.295644145e-05
0.6089426045 	0.007188303101 	0.0009354868782 	6.098505266e-09 	0.006825558313 	-1.480052052e-08 	1.301141121e-05
0.6113603927 	0.007292461271 	0.001011960612 	7.175878986e-09 	0.006852678715 	-1.776805333e-08 	1.306311023e-05
0.6138061608 	0.007400059162 	0.001087182073 	8.22415324e-09 	0.006878076709 	-2.082893016e-08 	1.311152587e-05
0.6162792104 	0.007510794375 	0.001161157075 	9.227936189e-09 	0.006901741734 	-2.396376725e-08 	1.315663799e-05
0.6187798463 	0.007624392042 	0.001233893788 	1.017710191e-08 	0.006923670668 	-2.716360114e-08 	1.319844063e-05
0.6213084247 	0.007740622886 	0.001305413804 	1.106339234e-08 	0.006943864051 	-3.042010847e-08 	1.323693483e-05
0.6238664781 	0.007859274819 	0.001375734735 	1.188035487e-08 	0.006962330232 	-3.372762827e-08 	1.32721365e-05
0.6264530657 	0.007980120239 	0.001444853334 	1.261445823e-08 	0.006979076615 	-3.705830468e-08 	1.330405976e-05
0.6290685061 	0.008102947078 	0.001512766984 	1.325912895e-08 	0.00699411099 	-4.040171807e-08 	1.333271946e-05
0.6317131215 	0.008227582894 	0.001579486398 	1.380979725e-08 	0.007007446728 	-4.374745835e-08 	1.335814108e-05
0.6343884117 	0.008353866124 	0.001645019979 	1.426348917e-08 	0.007019103225 	-4.708817226e-08 	1.33803616e-05
0.6370935724 	0.008481614744 	0.001709359366 	1.461112273e-08 	0.007029101983 	-5.039315386e-08 	1.339942202e-05
0.6398289089 	0.008610657262 	0.001772496955 	1.48501316e-08 	0.00703746166 	-5.365110616e-08 	1.341535789e-05
0.642594864 	0.008740852714 	0.001834435715 	1.498025246e-08 	0.007044208439 	-5.685169691e-08 	1.342821912e-05
0.6453926582 	0.008872063274 	0.001895175822 	1.500078157e-08 	0.007049373017 	-5.99812462e-08 	1.343806424e-05
0.6482216616 	0.009004131438 	0.001954705714 	1.490842453e-08 	0.007052989282 	-6.301092741e-08 	1.344495785e-05
0.6510822229 	0.009136911282 	0.00201301644 	1.470504899e-08 	0.007055087166 	-6.593023396e-08 	1.3448957e-05
0.6539750699 	0.009270276144 	0.00207010607 	1.439463341e-08 	0.007055707037 	-6.873016191e-08 	1.345013864e-05
0.6569007941 	0.009404092525 	0.002125967933 	1.397842493e-08 	0.007054891977 	-7.13868471e-08 	1.344858491e-05
0.6598591553 	0.009538215206 	0.002180589748 	1.345957515e-08 	0.007052685938 	-7.388017148e-08 	1.344437959e-05
0.6628505183 	0.009672512965 	0.002233964023 	1.284432194e-08 	0.007049133259 	-7.620103413e-08 	1.34376072e-05
0.6658759722 	0.009806862155 	0.002286086382 	1.213961675e-08 	0.007044287116 	-7.833915382e-08 	1.34283691e-05
0.6689353345 	0.009941122754 	0.002336946256 	1.135024936e-08 	0.007038204077 	-8.026534312e-08 	1.341677314e-05
0.6720288258 	0.01007515709 	0.002386533377 	1.048456916e-08 	0.007030935254 	-8.197115092e-08 	1.340291674e-05
0.6751571363 	0.01020883777 	0.002434842859 	9.552560716e-09 	0.007022542994 	-8.345041398e-08 	1.338691876e-05
0.6783208177 	0.01034203201 	0.00248186835 	8.562402641e-09 	0.007013091986 	-8.467998473e-08 	1.336890251e-05
0.6815197924 	0.01047459897 	0.002527600917 	7.524024542e-09 	0.007002644392 	-8.564693989e-08 	1.33489865e-05
0.6847545243 	0.01060640652 	0.002572036037 	6.449086777e-09 	0.006991267329 	-8.634865266e-08 	1.332729865e-05
0.6880259633 	0.01073732534 	0.002615171539 	5.348550788e-09 	0.006979033189 	-8.677139406e-08 	1.330397698e-05
0.6913338986 	0.01086721476 	0.002657002115 	4.233597119e-09 	0.006966013088 	-8.689833337e-08 	1.327915705e-05
0.6946787382 	0.01099594246 	0.002697525947 	3.116638678e-09 	0.00695227709 	-8.673103966e-08 	1.325297242e-05
0.6980614523 	0.01112338276 	0.002736745628 	2.009998372e-09 	0.006937903325 	-8.62635173e-08 	1.322557203e-05
0.7014819514 	0.01124940285 	0.00277466183 	9.256151442e-10 	0.006922966928 	-8.547923023e-08 	1.31970991e-05
0.7049406118 	0.01137387872 	0.002811278272 	-1.242754425e-10 	0.006907539081 	-8.438427707e-08 	1.316768934e-05
0.7084383096 	0.01149669548 	0.002846603975 	-1.127464639e-09 	0.006891699142 	-8.297765534e-08 	1.313749401e-05
0.7119751059 	0.01161773853 	0.002880647672 	-2.072191035e-09 	0.0068755204 	-8.124699015e-08 	1.310665284e-05
0.7155513621 	0.01173690546 	0.002913421686 	-2.947476327e-09 	0.006859071027 	-7.920313453e-08 	1.307529576e-05
0.7191679237 	0.01185410731 	0.002944944347 	-3.742468657e-09 	0.006842424976 	-7.684841339e-08 	1.304356376e-05
0.7228248847 	0.01196926313 	0.002975234767 	-4.446835412e-09 	0.006825646348 	-7.417641445e-08 	1.301157903e-05
0.726522657 	0.01208230932 	0.003004317156 	-5.052032513e-09 	0.006808796868 	-7.12032415e-08 	1.297945924e-05
0.7302620662 	0.012193198 	0.003032221434 	-5.549419285e-09 	0.006791945203 	-6.793122488e-08 	1.294733528e-05
0.7340431982 	0.0123015936 	0.003058903078 	-5.929779972e-09 	0.006775202609 	-6.436298808e-08 	1.291541924e-05
0.7378244042 	0.01240659598 	0.003084188282 	-6.187852832e-09 	0.006758786727 	-6.056207782e-08 	1.288412601e-05
0.7415641218 	0.0125074489 	0.003107957015 	-6.322380985e-09 	0.006742900882 	-5.658088063e-08 	1.285384317e-05
0.7452625656 	0.01260410746 	0.003130265165 	-6.336552109e-09 	0.006727613152 	-5.244513941e-08 	1.282470051e-05
0.7489202967 	0.01269683384 	0.003151237491 	-6.236971184e-09 	0.006712930192 	-4.818667199e-08 	1.279671071e-05
0.7525378085 	0.01278590472 	0.003170994974 	-6.028701674e-09 	0.0066988452 	-4.381666204e-08 	1.27698608e-05
0.7561153968 	0.0128716056 	0.003189653194 	-5.71941992e-09 	0.006685339783 	-3.93605384e-08 	1.274411572e-05
0.7596536012 	0.01295422975 	0.003207325551 	-5.317355388e-09 	0.006672396803 	-3.484403946e-08 	1.27194428e-05
0.7631528582 	0.01303407671 	0.003224120843 	-4.828705103e-09 	0.006659992351 	-3.027524749e-08 	1.269579647e-05
0.7666134977 	0.01311145128 	0.003240143112 	-4.262138574e-09 	0.006648095086 	-2.567631714e-08 	1.267311698e-05
0.7700360208 	0.01318666271 	0.003255494616 	-3.626367962e-09 	0.006636677042 	-2.106853795e-08 	1.265135101e-05
0.7734208538 	0.01326002319 	0.003270273503 	-2.927688153e-09 	0.006625706719 	-1.645763054e-08 	1.263043853e-05
0.7767683331 	0.01333184679 	0.00328457375 	-2.174488007e-09 	0.006615149116 	-1.186144297e-08 	1.26103128e-05
0.7800789143 	0.01340244898 	0.003298487709 	-1.375199489e-09 	0.006604974422 	-7.298162919e-09 	1.259091701e-05
0.7833530369 	0.01347214529 	0.003312104115 	-5.356141044e-10 	0.00659515269 	-2.771919838e-09 	1.257219405e-05
0.7853498442 	0.01351476051 	0.003320370012 	-4.446746136e-09 	0.006589294618 	-6.109719781e-07 	1.256102694e-05
0.7865910269 	0.01354125132 	0.003325507187 	-3.665809855e-10 	0.006585652203 	-1.7723747e-09 	1.255408349e-05
0.7897932947 	0.01361008097 	0.003338779628 	-1.342704762e-09 	0.006576447977 	-6.357870515e-09 	1.253653767e-05
0.7929603021 	0.01367894286 	0.0033520026 	-2.339911429e-09 	0.006567521641 	-1.086882043e-08 	1.25195216e-05
0.796092361 	0.01374814365 	0.003365252635 	-3.352420824e-09 	0.006558855194 	-1.529779203e-08 	1.250300094e-05
0.7991898574 	0.01381798626 	0.003378603832 	-4.373483458e-09 	0.006550436467 	-1.963177981e-08 	1.248695251e-05
0.8022532251 	0.01388876911 	0.003392127969 	-5.397771493e-09 	0.006542260204 	-2.386305934e-08 	1.247136628e-05
0.8052828028 	0.01396078381 	0.003405893373 	-6.421739016e-09 	0.006534326613 	-2.798968462e-08 	1.245624265e-05
0.8082789493 	0.0140343145 	0.003419965163 	-7.440191348e-09 	0.006526642637 	-3.200072253e-08 	1.244159485e-05
0.8112420487 	0.01410963738 	0.003434406438 	-8.448333301e-09 	0.006519225901 	-3.588560748e-08 	1.242745649e-05
0.8141724845 	0.0141870176 	0.003449276632 	-9.444010083e-09 	0.006512102931 	-3.964137395e-08 	1.241387813e-05
0.8170705834 	0.01426670664 	0.00346463162 	-1.042446798e-08 	0.006505311649 	-4.325775063e-08 	1.240093206e-05
0.8199367024 	0.01434894002 	0.003480524179 	-1.138682737e-08 	0.006498904913 	-4.671896449e-08 	1.238871904e-05
0.8227712189 	0.01443393226 	0.003497003415 	-1.232954845e-08 	0.006492954172 	-5.000717907e-08 	1.237737527e-05
0.8255744682 	0.01452186804 	0.003514113471 	-1.32534279e-08 	0.00648755457 	-5.310111302e-08 	1.236708213e-05
0.8283467843 	0.0146128925 	0.003531893088 	-1.415925023e-08 	0.006482833214 	-5.595762704e-08 	1.235808192e-05
0.8310885089 	0.01470709711 	0.00355037548 	-1.504992343e-08 	0.00647896248 	-5.85053015e-08 	1.235070322e-05
0.8338000025 	0.01480449331 	0.003569586109 	-1.593228462e-08 	0.00647618012 	-6.062591261e-08 	1.234539927e-05
0.8364815777 	0.01490497047 	0.003589540335 	-1.681817837e-08 	0.006474823996 	-6.211320079e-08 	1.234281412e-05
0.8391335626 	0.0150082341 	0.003610240975 	-1.772165197e-08 	0.006475385407 	-6.25993218e-08 	1.234388433e-05
0.841756284 	0.01511372358 	0.003631679457 	-1.863372535e-08 	0.006478588457 	-6.148967588e-08 	1.234999023e-05
0.8443500818 	0.0152205578 	0.003653838298 	-1.967953729e-08 	0.006485439482 	-5.838851827e-08 	1.236305019e-05
0.8469152583 	0.01532755596 	0.00367662815 	-2.077074156e-08 	0.006497044007 	-5.269262905e-08 	1.238517164e-05
0.8494521292 	0.01543379888 	0.003700079172 	-2.134997869e-08 	0.006514472113 	-4.678879553e-08 	1.241839445e-05
0.8519610068 	0.01553994658 	0.003724307528 	-2.367253899e-08 	0.006537638484 	-3.676169414e-08 	1.246255599e-05
0.8544422104 	0.01564366227 	0.003748293457 	-2.782965568e-08 	0.006568509488 	-2.416012622e-08 	1.252140471e-05
0.8568960364 	0.01574573957 	0.003771715702 	-2.994081093e-08 	0.006606734593 	-1.879288309e-08 	1.259427238e-05
0.8593227856 	0.01585179215 	0.003795811811 	-3.02689916e-08 	0.006648463752 	-1.78365233e-08 	1.267381976e-05
0.8617227567 	0.0159635977 	0.003821138915 	-3.046748211e-08 	0.006692594173 	-1.722310422e-08 	1.27579446e-05
0.8640962496 	0.01608144827 	0.003847784283 	-3.044329426e-08 	0.006739080835 	-1.635831483e-08 	1.28465611e-05
0.8664435555 	0.0162056354 	0.003875895798 	-3.014527813e-08 	0.0067881682 	-1.504817398e-08 	1.294013526e-05
0.8687649599 	0.01633651247 	0.003905606221 	-2.967787725e-08 	0.00684007877 	-1.352649907e-08 	1.303909124e-05
0.8710607488 	0.01647447222 	0.003937023383 	-2.904839851e-08 	0.006894984252 	-1.179315757e-08 	1.314375635e-05
0.8733312048 	0.01661994033 	0.003970257704 	-2.82552461e-08 	0.006953066379 	-9.839900518e-09 	1.325447702e-05
0.8755766123 	0.01677337481 	0.004005426086 	-2.729425858e-08 	0.00701452064 	-7.659412115e-09 	1.337162592e-05
0.8777972426 	0.01693526644 	0.004042653054 	-2.615878565e-08 	0.007079556322 	-5.243143796e-09 	1.349560201e-05
0.8799933693 	0.01710613915 	0.004082071882 	-2.484008253e-08 	0.007148398111 	-2.580485799e-09 	1.362683359e-05
0.8821652628 	0.0172865492 	0.004123824779 	-2.332945022e-08 	0.007221286075 	3.390945372e-10 	1.376577831e-05
0.8843131913 	0.01747708243 	0.00416806258 	-2.161967351e-08 	0.007298475091 	3.524528767e-09 	1.391292203e-05
0.8864374205 	0.01767834901 	0.004214943501 	-1.970662935e-08 	0.007380232591 	6.981634373e-09 	1.406877455e-05
0.8885382098 	0.01789097495 	0.004264630989 	-1.758972189e-08 	0.007466834803 	1.071173226e-08 	1.423386243e-05
0.8906158179 	0.01811559019 	0.00431729074 	-1.527294931e-08 	0.007558561818 	1.471034359e-08 	1.440871962e-05
0.8926705004 	0.01835281254 	0.004373086135 	-1.276596923e-08 	0.007655689662 	1.896560112e-08 	1.459387228e-05
0.8947025109 	0.01860322744 	0.004432172847 	-1.008457099e-08 	0.007758481299 	2.345741185e-08 	1.478982171e-05
0.8967121004 	0.0188673638 	0.004494692223 	-7.251055656e-09 	0.007867175351 	2.815687817e-08 	1.499702279e-05
0.8986995148 	0.01914566699 	0.004560764056 	-4.293801299e-09 	0.007981973799 	3.30258218e-08 	1.521586054e-05
0.900664999 	0.01943847045 	0.004630479304 	-1.246752207e-09 	0.008103029616 	3.801722543e-08 	1.544662657e-05
0.9026087948 	0.01974596768 	0.004703892846 	1.851343155e-09 	0.008230434146 	4.307601817e-08 	1.568949501e-05
0.9045311417 	0.02006818666 	0.004781017235 	4.958212477e-09 	0.008364206287 	4.814068272e-08 	1.594450189e-05
0.9064322771 	0.02040496893 	0.00486181776 	8.029540532e-09 	0.008504283769 	5.314542143e-08 	1.621152851e-05
0.9083124343 	0.0207559555 	0.004946209266 	1.102067467e-08 	0.008650517353 	5.802248537e-08 	1.649029036e-05
0.9101718447 	0.02112058249 	0.005034055577 	1.388850115e-08 	0.008802669645 	6.270486098e-08 	1.678033492e-05
0.9120107372 	0.02149808789 	0.005125171552 	1.659320673e-08 	0.008960418415 	6.712947728e-08 	1.708104792e-05
0.9138293381 	0.02188752783 	0.005219327384 	1.909945941e-08 	0.009123363874 	7.123926223e-08 	1.739166725e-05
0.9156278716 	0.02228779879 	0.005316254352 	2.137702358e-08 	0.009291038647 	7.49843565e-08 	1.771130197e-05
0.9174065593 	0.02269766238 	0.005415650927 	2.340111169e-08 	0.009462918293 	7.832299718e-08 	1.803895235e-05
0.9191656197 	0.02311577242 	0.005517189408 	2.5152685e-08 	0.009638432853 	8.122186586e-08 	1.837353188e-05
0.9209052695 	0.02354070547 	0.005620523388 	2.661907862e-08 	0.009816979916 	8.365744284e-08 	1.871389221e-05
0.9226257228 	0.02397099453 	0.00572529584 	2.779425148e-08 	0.009997938708 	8.561669722e-08 	1.905884996e-05
0.9243271915 	0.02440516237 	0.005831147187 	2.867835961e-08 	0.01018068423 	8.709661356e-08 	1.940721371e-05
0.926009885 	0.02484175045 	0.005937722268 	2.927672819e-08 	0.01036459944 	8.810266338e-08 	1.975780723e-05
0.9276740106 	0.02527934112 	0.006044675614 	2.959876993e-08 	0.0105490845 	8.864728281e-08 	2.010948702e-05
0.9293197732 	0.0257165741 	0.006151675352 	2.96568823e-08 	0.01073356354 	8.874800022e-08 	2.046115535e-05
0.9309473751 	0.02615215841 	0.006258406085 	2.946571619e-08 	0.0109174898 	8.842640314e-08 	2.081176992e-05
0.9325570169 	0.02658488086 	0.006364570824 	2.904151826e-08 	0.01110034896 	8.770715409e-08 	2.116035029e-05
0.9341488968 	0.02701361109 	0.006469892187 	2.840159583e-08 	0.01128166126 	8.661712809e-08 	2.150598193e-05
0.9357232106 	0.02743730399 	0.006574112948 	2.756393182e-08 	0.01146098247 	8.518473268e-08 	2.184781801e-05
0.9372801523 	0.02785499982 	0.00667699607 	2.654692007e-08 	0.01163790395 	8.343938816e-08 	2.218507952e-05
0.9388199136 	0.02826582274 	0.006778324343 	2.536916558e-08 	0.0118120519 	8.141108873e-08 	2.251705392e-05
0.9403426839 	0.02866897814 	0.006877899821 	2.404925663e-08 	0.01198308642 	7.912978721e-08 	2.284309323e-05
0.9418486508 	0.02906374917 	0.006975543043 	2.260569604e-08 	0.01215070002 	7.662531315e-08 	2.316261134e-05
0.9433379996 	0.02944949271 	0.007071092117 	2.10567284e-08 	0.01231461599 	7.392705047e-08 	2.347508075e-05
0.9448109137 	0.02982563508 	0.007164401756 	1.942021733e-08 	0.01247458667 	7.106378116e-08 	2.378002933e-05
0.9462675745 	0.03019166749 	0.007255342257 	1.771350888e-08 	0.0126303916 	6.806348694e-08 	2.407703682e-05
0.9477081614 	0.03054714143 	0.007343798429 	1.595332075e-08 	0.0127818356 	6.495319857e-08 	2.436573119e-05
0.9491328516 	0.03089166391 	0.007429668496 	1.41556572e-08 	0.01292874687 	6.17588557e-08 	2.46457849e-05
0.9505418206 	0.0312248927 	0.00751286301 	1.233576685e-08 	0.01307097499 	5.850513706e-08 	2.491691123e-05
0.9519352418 	0.03154653137 	0.007593303701 	1.050817052e-08 	0.01320838893 	5.521553502e-08 	2.517886039e-05
0.9533132867 	0.03185632413 	0.007670922266 	8.686668882e-09 	0.01334087487 	5.191232988e-08 	2.54314154e-05
0.9546761252 	0.03215405032 	0.00774565908 	6.884403267e-09 	0.01346833393 	4.861669089e-08 	2.567438779e-05
0.9560239248 	0.03243951828 	0.007817461726 	5.113913162e-09 	0.01359067966 	4.534875352e-08 	2.590761276e-05
0.9573568517 	0.03271255822 	0.007886283163 	3.387187475e-09 	0.01370783471 	4.212766959e-08 	2.613094286e-05
0.9586750698 	0.03297301335 	0.007952079466 	1.715682168e-09 	0.01381972682 	3.897160813e-08 	2.634424031e-05
0.9599787416 	0.03322072818 	0.008014809067 	1.105351472e-10 	0.01392628939 	3.589818072e-08 	2.654737818e-05
0.9612680274 	0.03345553245 	0.008074433492 	-1.417226644e-09 	0.01402746707 	3.292490881e-08 	2.674025096e-05
0.962543086 	0.03367722242 	0.008130886143 	-2.858569302e-09 	0.01412313473 	3.006489658e-08 	2.692262011e-05
0.9638040745 	0.03386848968 	0.008179718002 	-4.10103556e-09 	0.0142057528 	2.757013821e-08 	2.708011312e-05
0.9646254847 	0.03401505852 	0.008217278208 	-5.020279793e-09 	0.0142691962 	2.562147356e-08 	2.720105387e-05
0.9654317418 	0.03413738168 	0.008248778474 	-5.752609987e-09 	0.0143223225 	2.401499888e-08 	2.730232737e-05
0.9662231253 	0.03425252147 	0.008278539328 	-6.415454341e-09 	0.01437243144 	2.250000029e-08 	2.739784894e-05
0.9669999095 	0.034360496 	0.008306544562 	-7.016873898e-09 	0.01441949971 	2.106878016e-08 	2.748757415e-05
0.9677623638 	0.03446129595 	0.008332790096 	-7.56152132e-09 	0.01446353355 	1.9717602e-08 	2.757151488e-05
0.9685107524 	0.03455490344 	0.008357267611 	-8.052887766e-09 	0.0145045235 	1.844292452e-08 	2.764965311e-05
0.969245335 	0.03464129985 	0.008379969387 	-8.493603116e-09 	0.01454245829 	1.724178296e-08 	2.772196737e-05
0.9699663661 	0.03472046845 	0.008400889495 	-8.885766056e-09 	0.01457732905 	1.611171926e-08 	2.778844072e-05
0.9706740958 	0.03479239414 	0.008420023084 	-9.231235075e-09 	0.01460912835 	1.505049481e-08 	2.784905904e-05
0.9713687694 	0.0348570616 	0.008437365558 	-9.531782371e-09 	0.014637849 	1.405594047e-08 	2.790380856e-05
0.9720506278 	0.03491445285 	0.008452911826 	-9.789170395e-09 	0.01466348276 	1.312588221e-08 	2.795267364e-05
0.9727199074 	0.03496454478 	0.008466655628 	-1.000519041e-08 	0.01468601933 	1.225809742e-08 	2.799563461e-05
0.9733768402 	0.03500730679 	0.008478588945 	-1.01816802e-08 	0.01470544531 	1.145028929e-08 	2.803266592e-05
0.974021654 	0.03504269879 	0.008488701508 	-1.032053121e-08 	0.01472174334 	1.070007025e-08 	2.80637345e-05
0.9746545724 	0.03507066957 	0.0084969804 	-1.042369081e-08 	0.01473489143 	1.000494967e-08 	2.808879842e-05
0.9752758147 	0.03509115537 	0.008503409727 	-1.049316266e-08 	0.01474486238 	9.362323355e-09 	2.810780582e-05
0.9758855965 	0.03510407878 	0.00850797035 	-1.053100704e-08 	0.01475162329 	8.769463389e-09 	2.8120694e-05
0.9764841291 	0.0351093478 	0.008510639664 	-1.053934215e-08 	0.0147551352 	8.223507599e-09 	2.812738868e-05
0.9770716201 	0.03510685502 	0.008511391403 	-1.052034662e-08 	0.01475535274 	7.721448115e-09 	2.812780336e-05
0.977648273 	0.03509647686 	0.008510195456 	-1.047626209e-08 	0.0147522238 	7.260122567e-09 	2.812183872e-05
0.9782142879 	0.0350780729 	0.008507017699 	-1.040939817e-08 	0.01474568925 	6.836201408e-09 	2.810938206e-05
0.9787698611 	0.03505148509 	0.008501819804 	-1.032214016e-08 	0.01473568263 	6.446172149e-09 	2.809030667e-05
0.979315185 	0.035016537 	0.008494559051 	-1.021695045e-08 	0.01472212981 	6.086333681e-09 	2.806447122e-05
0.9798504489 	0.03497303295 	0.00848518811 	-1.009637341e-08 	0.01470494859 	5.752787545e-09 	2.803171905e-05
0.9803758383 	0.03492075701 	0.008473654799 	-9.963042635e-09 	0.01468404835 	5.441423979e-09 	2.799187737e-05
0.9808915353 	0.03485947188 	0.008459901803 	-9.819684531e-09 	0.01465932948 	5.147916355e-09 	2.794475634e-05
0.9813977188 	0.03478891762 	0.008443866359 	-9.669121656e-09 	0.01463068294 	4.867715915e-09 	2.789014807e-05
0.9818945642 	0.03470881016 	0.008425479896 	-9.514275454e-09 	0.01459798954 	4.596047353e-09 	2.782782536e-05
0.9823822438 	0.03461883965 	0.008404667621 	-9.358167795e-09 	0.01456111929 	4.327906946e-09 	2.775754042e-05
0.9828609268 	0.03451866853 	0.008381348049 	-9.203921284e-09 	0.01451993056 	4.058063063e-09 	2.767902325e-05
0.983330779 	0.03440792931 	0.008355432469 	-9.05475834e-09 	0.01447426917 	3.78105913e-09 	2.759197994e-05
0.9837919634 	0.03428622218 	0.008326824337 	-8.913999032e-09 	0.01442396731 	3.49121912e-09 	2.749609062e-05
0.9842446399 	0.03415311208 	0.008295418591 	-8.785057645e-09 	0.01436884238 	3.182655557e-09 	2.739100719e-05
0.9846889654 	0.03400812563 	0.008261100873 	-8.671438137e-09 	0.01430869564 	2.849279941e-09 	2.727635079e-05
0.985125094 	0.03385074743 	0.008223746654 	-8.576728558e-09 	0.01424331065 	2.484815541e-09 	2.715170883e-05
0.9855531769 	0.03368041603 	0.008183220238 	-8.504594423e-09 	0.01417245158 	2.08281263e-09 	2.701663174e-05
0.9859733625 	0.03349651932 	0.008139373651 	-8.458770955e-09 	0.01409586123 	1.636666386e-09 	2.687062924e-05
0.9863857966 	0.03329838936 	0.008092045385 	-8.443053958e-09 	0.01401325886 	1.139638047e-09 	2.671316618e-05
0.986790622 	0.0330852966 	0.008041058995 	-8.461288526e-09 	0.01392433777 	5.84880769e-10 	2.654365786e-05
0.9871879793 	0.03285644341 	0.007986221539 	-8.517354435e-09 	0.01382876249 	-3.452775362e-11 	2.636146481e-05
0.9875780061 	0.03261095694 	0.007927321861 	-8.61514623e-09 	0.01372616584 	-7.255423511e-10 	2.616588708e-05
0.9879608376 	0.03234788135 	0.007864128713 	-8.758545224e-09 	0.01361614558 	-1.495092473e-09 	2.595615789e-05
0.9883366067 	0.03206616943 	0.007796388747 	-8.951379874e-09 	0.0134982609 	-2.350004029e-09 	2.573143692e-05
0.9887054436 	0.03176467374 	0.007723824445 	-9.197367836e-09 	0.01337202871 	-3.296888917e-09 	2.549080329e-05
0.9890674761 	0.03144213759 	0.007646131984 	-9.500023672e-09 	0.01323691989 	-4.341966591e-09 	2.523324832e-05
0.9894228299 	0.03109718614 	0.007562978731 	-9.862472861e-09 	0.01309235419 	-5.490664069e-09 	2.495766592e-05
0.9897716281 	0.03072831795 	0.007474001021 	-1.028757479e-08 	0.01293769586 	-6.748139478e-09 	2.466284416e-05
0.9901139916 	0.03033389651 	0.007378805654 	-1.077755239e-08 	0.01277225909 	-8.118566112e-09 	2.434747569e-05
0.9904500392 	0.029912005 	0.00727693565 	-1.132647967e-08 	0.01259524721 	-9.591054753e-09 	2.401004184e-05
0.9907798874 	0.02946007508 	0.007167773252 	-1.193482889e-08 	0.01240557168 	-1.116658779e-08 	2.364846758e-05
0.9911036505 	0.02897522965 	0.007050625112 	-1.262377063e-08 	0.01220200284 	-1.288373096e-08 	2.326040878e-05
0.9914214408 	0.0284551494 	0.006924941548 	-1.340188989e-08 	0.01198356615 	-1.475730404e-08 	2.284400774e-05
0.9917333685 	0.02789787804 	0.0067902655 	-1.425656709e-08 	0.01174944669 	-1.676314076e-08 	2.239771097e-05
0.9920395418 	0.02730129989 	0.006646101579 	-1.517259475e-08 	0.01149874983 	-1.887258609e-08 	2.19198131e-05
0.9923400667 	0.02666309283 	0.006491910075 	-1.613345626e-08 	0.01123049026 	-2.105446041e-08 	2.140843578e-05
0.9926350475 	0.02598072542 	0.006327110939 	-1.712199935e-08 	0.01094359514 	-2.327574647e-08 	2.086153394e-05
0.9929245865 	0.02525149447 	0.006151105712 	-1.812086801e-08 	0.01063694367 	-2.55023226e-08 	2.027697102e-05
0.993208784 	0.02447259237 	0.005963315716 	-1.911236703e-08 	0.0103094388 	-2.769869533e-08 	1.965265571e-05
0.9934877387 	0.02364120316 	0.005763099591 	-2.007743814e-08 	0.009959730099 	-2.982480817e-08 	1.898601373e-05
0.9937615472 	0.02283257173 	0.005568594564 	-2.092108388e-08 	0.009619273591 	-3.167324632e-08 	1.8337009e-05
0.9939377693 	0.02213974277 	0.005402248465 	-2.156189795e-08 	0.009327564357 	-3.307171968e-08 	1.778093013e-05
0.9941139915 	0.02149563923 	0.005244628691 	-2.202531607e-08 	0.009056570342 	-3.422771785e-08 	1.726434022e-05
0.9942902138 	0.0208158523 	0.005075449174 	-2.247792504e-08 	0.008770516302 	-3.529387336e-08 	1.671904171e-05
0.994466436 	0.02009842256 	0.004898069096 	-2.29513673e-08 	0.008468504261 	-3.625583468e-08 	1.614332282e-05
0.9946426583 	0.01934155782 	0.004712313051 	-2.331301378e-08 	0.008149848424 	-3.7092275e-08 	1.553587623e-05
0.9948188806 	0.01854358009 	0.00451732064 	-2.356734655e-08 	0.007813851346 	-3.777774424e-08 	1.489537241e-05
0.9949951029 	0.0177029697 	0.004312386475 	-2.371152824e-08 	0.007459868815 	-3.828543631e-08 	1.422058332e-05
0.9951713252 	0.01681848097 	0.004096984352 	-2.373692249e-08 	0.007087373804 	-3.858782451e-08 	1.35105043e-05
0.9953475475 	0.01588930839 	0.003870785695 	-2.363084347e-08 	0.006696025259 	-3.865681415e-08 	1.276448521e-05
0.9955237699 	0.01491530115 	0.003633684151 	-2.337832755e-08 	0.006285757015 	-3.846389278e-08 	1.198239991e-05
0.9956999923 	0.01389723018 	0.003385835511 	-2.296327859e-08 	0.005856891034 	-3.797954659e-08 	1.116486215e-05
0.9958762147 	0.0128371111 	0.003127722842 	-2.237025151e-08 	0.005410287963 	-3.7175787e-08 	1.031351257e-05
0.9960524371 	0.01173858436 	0.002860235678 	-2.158821386e-08 	0.004947500799 	-3.603503062e-08 	9.431311609e-06
0.9962286596 	0.01060734369 	0.002584735705 	-2.063122379e-08 	0.00447086274 	-3.460633939e-08 	8.522706995e-06
0.9964048821 	0.009451606587 	0.002302932409 	-1.941620847e-08 	0.003983031034 	-3.266203785e-08 	7.592764178e-06
0.9965811045 	0.008282358533 	0.002018147633 	-1.79583418e-08 	0.003490416175 	-3.024189915e-08 	6.65370334e-06
0.9967573271 	0.00711318895 	0.00173409532 	-1.786491646e-08 	0.003000422872 	-2.09817846e-08 	5.719639919e-06
0.9969335496 	0.005856277946 	0.00143276379 	-1.768886186e-08 	0.002600249104 	-1.326806002e-08 	4.956797494e-06
0.9971097721 	0.00456310382 	0.001118755086 	-1.572888212e-08 	0.002272107758 	-1.370804953e-08 	4.331268887e-06
0.9972859947 	0.003402786421 	0.0008235939389 	-1.325484577e-08 	0.001916577704 	-1.380887659e-08 	3.653529789e-06
0.9974622173 	0.002415094898 	0.0005629404419 	-1.036672723e-08 	0.001543190004 	-1.328832542e-08 	2.941749055e-06
0.9976384399 	0.001623467147 	0.0003511004883 	-7.342297992e-09 	0.00117049446 	-1.184595311e-08 	2.231287763e-06
0.9978146626 	0.001027896479 	0.0001959521731 	-4.599633603e-09 	0.0008246757204 	-9.587685334e-09 	1.57206113e-06
0.9979908852 	0.0006074241624 	9.558161743e-05 	-2.481562918e-09 	0.0005309885707 	-6.90243819e-09 	1.012211796e-06
0.9981671079 	0.0003291504105 	3.948960825e-05 	-1.11665618e-09 	0.0003059365371 	-4.328968151e-09 	5.832000703e-07
0.9983433306 	0.0001581583178 	1.318067777e-05 	-4.00593992e-10 	0.0001527464513 	-2.301785757e-09 	2.9117719e-07
0.9985195533 	6.338909837e-05 	3.283178714e-06 	-1.063620154e-10 	6.248183425e-05 	-9.903584553e-10 	1.19107742e-07
0.998695776 	1.893735758e-05 	5.277927962e-07 	-1.822049028e-11 	1.883338856e-05 	-3.143653477e-10 	3.590167306e-08
0.9988719988 	3.38604051e-06 	4.035695367e-08 	-1.505971118e-12 	3.377434901e-06 	-6.051540238e-11 	6.43832963e-09
0.9990482216 	3.459900625e-07 	1.052414991e-09 	-4.428957772e-14 	3.453178605e-07 	-7.019337954e-12 	6.582718182e-10
0.9990482216 	3.459900625e-07 	1.052414991e-09 	-4.428957772e-14 	3.453178605e-07 	-7.019337954e-12 	6.582718182e-10
