0.4709558481 	4.881518996e-07 	-1.821998017e-09 	5.668681838e-15 	4.872231121e-07 	-9.864897902e-13 	9.287826683e-10
0.4709558481 	4.881518996e-07 	-1.821998017e-09 	5.668681838e-15 	4.872231121e-07 	-9.864897903e-13 	9.287826683e-10
0.4711314108 	5.480481283e-06 	-7.991305752e-08 	2.485920503e-13 	5.470053952e-06 	-1.1075024e-11 	1.042744315e-08
0.4713069734 	3.053962408e-05 	-1.04070332e-06 	3.231884553e-12 	3.048153991e-05 	-6.168864463e-11 	5.810628698e-08
0.471482536 	0.0001015567624 	-6.452687507e-06 	1.992849301e-11 	0.0001013638816 	-2.047814617e-10 	1.932277309e-07
0.4716580986 	0.0002500652899 	-2.583013333e-05 	7.879243581e-11 	0.0002495913951 	-5.018468029e-10 	4.757905694e-07
0.4718336613 	0.0005081294131 	-7.719387285e-05 	2.302185429e-10 	0.0005071658457 	-1.009459122e-09 	9.667990614e-07
0.4720092239 	0.0009031190535 	-0.0001865247908 	5.369216073e-10 	0.0009013916869 	-1.761956949e-09 	1.718303084e-06
0.4721847865 	0.001451361668 	-0.0003823103142 	1.047437859e-09 	0.001448542782 	-2.753393062e-09 	2.761325144e-06
0.4723603491 	0.002152665046 	-0.0006863251848 	1.766143407e-09 	0.002148393585 	-3.929155805e-09 	4.095435287e-06
0.4725359118 	0.002988933635 	-0.001105287511 	2.64260762e-09 	0.002982596331 	-5.204931322e-09 	5.685657577e-06
0.4727114744 	0.003927722267 	-0.001628330446 	3.595954904e-09 	0.003919739679 	-6.490698709e-09 	7.472113264e-06
0.472887037 	0.004930752724 	-0.002221368511 	3.976188056e-09 	0.004922865749 	-7.715920039e-09 	9.384350357e-06
0.4730625996 	0.005966912583 	-0.002772185373 	4.144743649e-09 	0.005957026706 	-8.894558038e-09 	1.135574857e-05
0.4732381623 	0.007015732355 	-0.003259020122 	4.6747193e-09 	0.00700128625 	-1.004029476e-08 	1.33463975e-05
0.4734137249 	0.008059952351 	-0.003744097764 	5.168253361e-09 	0.008043409585 	-1.11043779e-08 	1.533297422e-05
0.4735892875 	0.009085538054 	-0.004220679756 	5.62284858e-09 	0.00906797503 	-1.207677053e-08 	1.728608072e-05
0.4737648501 	0.01008231691 	-0.004683716449 	6.038612806e-09 	0.01006274369 	-1.296899716e-08 	1.918238627e-05
0.4739404128 	0.01104232319 	-0.005129663617 	6.417150263e-09 	0.01102076862 	-1.37813887e-08 	2.100864805e-05
0.4741159754 	0.01196059875 	-0.005556231733 	6.760837639e-09 	0.01193717441 	-1.45185483e-08 	2.27555722e-05
0.474291538 	0.01283435838 	-0.005962132596 	7.072428461e-09 	0.01280915485 	-1.518590423e-08 	2.441780927e-05
0.4744671006 	0.0136624432 	-0.006346855824 	7.354990846e-09 	0.01363553779 	-1.578868882e-08 	2.599312482e-05
0.4746426632 	0.01444488255 	-0.006710491596 	7.612131354e-09 	0.01441635428 	-1.633145197e-08 	2.748157807e-05
0.4748182259 	0.01518254406 	-0.007053602722 	7.848368945e-09 	0.01515247157 	-1.681792515e-08 	2.888482222e-05
0.4749937885 	0.01587685303 	-0.007377137497 	8.069470043e-09 	0.01584531253 	-1.72509684e-08 	3.020556966e-05
0.4751693511 	0.01652957924 	-0.007682368943 	8.282603874e-09 	0.016496644 	-1.763266117e-08 	3.144718846e-05
0.4753449137 	0.01714269111 	-0.007970848829 	8.496349225e-09 	0.01710843077 	-1.796469633e-08 	3.26134241e-05
0.4755204764 	0.01771829827 	-0.008242091288 	8.642024758e-09 	0.01768277923 	-1.824981419e-08 	3.370829189e-05
0.475696039 	0.01825869614 	-0.00849350338 	8.725252795e-09 	0.01822196804 	-1.849350198e-08 	3.473613562e-05
0.4758716016 	0.01876631011 	-0.008727234991 	8.809289676e-09 	0.01872833266 	-1.870000132e-08 	3.570140732e-05
0.4760471642 	0.01924333682 	-0.008947135017 	8.878720153e-09 	0.01920415285 	-1.88709862e-08 	3.660845284e-05
0.4762227269 	0.01975182245 	-0.009181820351 	8.940779244e-09 	0.01971164299 	-1.902541528e-08 	3.75758701e-05
0.4764955107 	0.02033887935 	-0.009453046421 	8.994045965e-09 	0.02029755579 	-1.916100789e-08 	3.869278275e-05
0.4767734216 	0.02093500465 	-0.00972867403 	9.023432205e-09 	0.02089213049 	-1.924171936e-08 	3.982620738e-05
0.4770565557 	0.02148612404 	-0.009983677039 	9.0218766e-09 	0.02144169681 	-1.92515811e-08 	4.087383353e-05
0.4773450114 	0.0219950484 	-0.01021931572 	8.988355995e-09 	0.02194926445 	-1.918925182e-08 	4.184139852e-05
0.4776388886 	0.02246448887 	-0.01043677577 	8.921233485e-09 	0.02241741962 	-1.905165131e-08 	4.273383239e-05
0.4779382892 	0.02289688475 	-0.01063714678 	8.818320049e-09 	0.0228485723 	-1.883444582e-08 	4.355572923e-05
0.4782433171 	0.02329442502 	-0.01082141746 	8.677237549e-09 	0.02324491282 	-1.85327531e-08 	4.431126443e-05
0.4785540779 	0.02365910632 	-0.01099049229 	8.496036655e-09 	0.02360842453 	-1.814241549e-08 	4.500421877e-05
0.4788706795 	0.02399307332 	-0.01114534813 	8.276584891e-09 	0.02394123892 	-1.76678042e-08 	4.563865551e-05
0.4791932316 	0.0242988523 	-0.01128714379 	8.02335022e-09 	0.02424589087 	-1.7119218e-08 	4.62194068e-05
0.4795218461 	0.02457883528 	-0.01141697891 	7.737508899e-09 	0.02452477724 	-1.64994265e-08 	4.675104173e-05
0.4798566368 	0.0248348819 	-0.01153570781 	7.418477129e-09 	0.02477974228 	-1.580712453e-08 	4.723707596e-05
0.48019772 	0.02506853064 	-0.01164403892 	7.066301966e-09 	0.02501231241 	-1.504251133e-08 	4.768041927e-05
0.4805452138 	0.02528117199 	-0.0117426146 	6.68085691e-09 	0.02522387629 	-1.420537597e-08 	4.808371882e-05
0.4808992388 	0.02547406215 	-0.01183201551 	6.261815435e-09 	0.02541568757 	-1.329500671e-08 	4.844936443e-05
0.4812599177 	0.02564833354 	-0.01191276512 	5.808637778e-09 	0.02558887419 	-1.231023578e-08 	4.877950626e-05
0.4816273755 	0.02580500416 	-0.01198533419 	5.320566686e-09 	0.0257444499 	-1.124942214e-08 	4.907607682e-05
0.4820017397 	0.02594498753 	-0.01205014526 	4.796628528e-09 	0.02588332418 	-1.011045447e-08 	4.934080978e-05
0.48238314 	0.02606910201 	-0.01210757696 	4.235636949e-09 	0.02600631148 	-8.890761646e-09 	4.957525777e-05
0.4827717088 	0.02617807965 	-0.012157968 	3.636198502e-09 	0.02611414006 	-7.587326327e-09 	4.9780809e-05
0.4831675807 	0.02627257419 	-0.01220162085 	2.996718656e-09 	0.02620745996 	-6.196699227e-09 	4.995870266e-05
0.4835708931 	0.02635316834 	-0.01223880512 	2.315407681e-09 	0.02628685033 	-4.715013257e-09 	5.011004278e-05
0.4839817856 	0.02642038038 	-0.01226976057 	1.590286379e-09 	0.02635282599 	-3.137997065e-09 	5.023581073e-05
0.4844004009 	0.02647466998 	-0.01229469984 	8.191915727e-10 	0.0264058433 	-1.460987913e-09 	5.033687645e-05
0.4848268841 	0.02651644343 	-0.01231381082 	-2.187454997e-13 	0.02644630536 	3.210559695e-10 	5.041400838e-05
0.485261383 	0.02654605824 	-0.01232725882 	-8.704603865e-10 	0.02647456664 	2.213543163e-09 	5.046788225e-05
0.4857040484 	0.02656382717 	-0.01233518842 	-1.794217692e-09 	0.02649093709 	4.222236445e-09 	5.049908887e-05
0.4861550336 	0.02657002188 	-0.01233772516 	-2.774337924e-09 	0.02649568569 	6.353239172e-09 	5.050814102e-05
0.4866144951 	0.02656487597 	-0.01233497697 	-3.813824826e-09 	0.02648904365 	8.61297999e-09 	5.049547944e-05
0.4870825921 	0.02654858782 	-0.01232703547 	-4.915831185e-09 	0.02647120717 	1.100819503e-08 	5.046147815e-05
0.487559487 	0.02652132294 	-0.01231397711 	-6.083649745e-09 	0.02644233992 	1.354590694e-08 	5.040644915e-05
0.4880453452 	0.02648321613 	-0.01229586412 	-7.320702342e-09 	0.02640257517 	1.623339975e-08 	5.033064649e-05
0.4885403351 	0.02643437332 	-0.01227274543 	-8.630526812e-09 	0.02635201772 	1.907818901e-08 	5.023426994e-05
0.4890446283 	0.02637487325 	-0.01224465741 	-1.001676097e-08 	0.02629074558 	2.20879863e-08 	5.011746821e-05
0.4895583997 	0.0263047689 	-0.01221162459 	-1.14831238e-08 	0.02621881149 	2.527065742e-08 	4.998034184e-05
0.4900818274 	0.02622408885 	-0.01217366027 	-1.303339314e-08 	0.02613624428 	2.863417382e-08 	4.98229458e-05
0.4906150929 	0.02613283845 	-0.0121307671 	-1.46713797e-08 	0.02604305016 	3.218655655e-08 	4.96452919e-05
0.4911583811 	0.02603100099 	-0.01208293758 	-1.640089732e-08 	0.02593921385 	3.59358125e-08 	4.944735102e-05
0.4917118805 	0.02591853873 	-0.01203015464 	-1.82257293e-08 	0.02582469972 	3.988986266e-08 	4.922905526e-05
0.4922757829 	0.02579539395 	-0.01197239205 	-2.014959083e-08 	0.02569945287 	4.405646221e-08 	4.899029996e-05
0.4928502838 	0.02566149002 	-0.01190961499 	-2.21760877e-08 	0.02556340024 	4.844311262e-08 	4.873094583e-05
0.4934355824 	0.02551673243 	-0.01184178051 	-2.430867121e-08 	0.02541645167 	5.305696607e-08 	4.845082101e-05
0.4940318817 	0.02536100994 	-0.01176883806 	-2.655059016e-08 	0.02525850108 	5.79047228e-08 	4.814972331e-05
0.4946393885 	0.02519419578 	-0.01169073009 	-2.890483972e-08 	0.02508942773 	6.299252276e-08 	4.782742249e-05
0.4952583133 	0.02501614891 	-0.01160739263 	-3.137410806e-08 	0.02490909745 	6.832583347e-08 	4.748366286e-05
0.4958888709 	0.02482671553 	-0.01151875597 	-3.396072181e-08 	0.02471736415 	7.390933713e-08 	4.71181659e-05
0.4965312797 	0.02462573058 	-0.01142474538 	-3.666659171e-08 	0.02451407138 	7.974682121e-08 	4.673063338e-05
0.4971857627 	0.02441301958 	-0.01132528197 	-3.949316042e-08 	0.02429905405 	8.58410778e-08 	4.63207506e-05
0.4978525466 	0.02418840055 	-0.01122028357 	-4.244135575e-08 	0.02407214042 	9.219381778e-08 	4.588819014e-05
0.4985318627 	0.02395168627 	-0.01110966577 	-4.551155267e-08 	0.02383315419 	9.88056061e-08 	4.543261598e-05
0.4992239466 	0.02370268671 	-0.01099334306 	-4.870354813e-08 	0.02358191697 	1.056758246e-07 	4.4953688e-05
0.4999290382 	0.02344121176 	-0.01087123008 	-5.201655309e-08 	0.02331825085 	1.12802668e-07 	4.445106708e-05
0.5006473819 	0.02316707413 	-0.01074324295 	-5.544920592e-08 	0.02304198121 	1.201831796e-07 	4.392442037e-05
0.501379227 	0.0228800922 	-0.01060930063 	-5.899961135e-08 	0.02275293962 	1.278133315e-07 	4.337342677e-05
0.502124827 	0.02258009244 	-0.01046932616 	-6.266541003e-08 	0.0224509666 	1.356881586e-07 	4.279778227e-05
0.5028844406 	0.0222669106 	-0.01032324734 	-6.644388622e-08 	0.02213591368 	1.438019567e-07 	4.219720384e-05
0.5036583311 	0.02194039281 	-0.01017099643 	-7.033212881e-08 	0.02180763861 	1.52148597e-07 	4.15714203e-05
0.5044467669 	0.02160039717 	-0.01001250782 	-7.432727145e-08 	0.02146598669 	1.607220712e-07 	4.09201368e-05
0.5052500214 	0.02124675319 	-0.009847712535 	-7.842683969e-08 	0.02111083448 	1.695171599e-07 	4.024311798e-05
0.506068373 	0.0208314909 	-0.009654294917 	-8.317138303e-08 	0.02069419245 	1.796920961e-07 	3.944888246e-05
0.507324668 	0.02030182087 	-0.009407694071 	-8.912235636e-08 	0.02016315825 	1.924474513e-07 	3.843658369e-05
0.5085949819 	0.01970242884 	-0.009128739061 	-9.574221646e-08 	0.01956257142 	2.066274128e-07 	3.729169827e-05
0.5098794711 	0.01908155943 	-0.008839921315 	-1.024956404e-07 	0.01894094464 	2.210853113e-07 	3.610670484e-05
0.5111782938 	0.01843932194 	-0.008541313227 	-1.093843401e-07 	0.01829850837 	2.358201896e-07 	3.488204275e-05
0.5124916099 	0.01777559249 	-0.008232859663 	-1.163707348e-07 	0.01763515951 	2.507669365e-07 	3.361751546e-05
0.5138195812 	0.0170901856 	-0.007914449571 	-1.233257522e-07 	0.01695059239 	2.656721364e-07 	3.231254028e-05
0.5151623712 	0.01638719208 	-0.007587979875 	-1.291876606e-07 	0.01624887079 	2.781988593e-07 	3.097486388e-05
0.5165201452 	0.01567627372 	-0.007257980513 	-1.328828294e-07 	0.01553982974 	2.860110072e-07 	2.962323456e-05
0.5178930705 	0.01496568804 	-0.006928289006 	-1.349289841e-07 	0.01483170265 	2.903116696e-07 	2.827334752e-05
0.5192813161 	0.01426125746 	-0.006601567701 	-1.357644364e-07 	0.01413012519 	2.920676556e-07 	2.693594587e-05
0.520685053 	0.01356937534 	-0.00628075095 	-1.350836359e-07 	0.01344141878 	2.905352993e-07 	2.562308004e-05
0.522104454 	0.01289736909 	-0.005969206017 	-1.325733692e-07 	0.01277288513 	2.849802182e-07 	2.43486691e-05
0.523539694 	0.01225385829 	-0.005670907102 	-1.279107518e-07 	0.01213316075 	2.746910944e-07 	2.312917662e-05
0.5249909497 	0.01164929834 	-0.005390161107 	-1.210253393e-07 	0.01152939681 	2.610064788e-07 	2.197823475e-05
0.5264583998 	0.01109043247 	-0.005130873286 	-1.122388171e-07 	0.0109731983 	2.407656104e-07 	2.09179658e-05
0.527942225 	0.01057934556 	-0.004895272695 	-1.024476695e-07 	0.01047434587 	2.160852752e-07 	1.996701443e-05
0.5294426081 	0.01011680268 	-0.004604441298 	-1.442904222e-07 	0.01001708365 	2.020777705e-07 	1.909534555e-05
0.5309597337 	0.009692429558 	-0.00424908331 	-1.744365777e-07 	0.009588448956 	1.916102395e-07 	1.827824868e-05
0.5324937889 	0.009293665884 	-0.003917042158 	-1.522936546e-07 	0.009194865379 	1.750193213e-07 	1.752796899e-05
0.5340449624 	0.008922062146 	-0.003616466322 	-1.431814223e-07 	0.008832654238 	1.622098363e-07 	1.683749389e-05
0.5356134452 	0.008581353547 	-0.003335990297 	-1.362373537e-07 	0.008497078187 	1.503270465e-07 	1.619779267e-05
0.5371994306 	0.008270874063 	-0.003072893266 	-1.298227984e-07 	0.008191103829 	1.353591073e-07 	1.56145205e-05
0.5388031139 	0.007990485025 	-0.002825963122 	-1.233638492e-07 	0.007915551671 	1.201815838e-07 	1.50892415e-05
0.5404246925 	0.007740096037 	-0.002594731799 	-1.166033406e-07 	0.007669944651 	1.047344004e-07 	1.462104626e-05
0.5420643661 	0.00751907587 	-0.002378724659 	-1.097479748e-07 	0.007453595366 	8.930401741e-08 	1.420862439e-05
0.5437223366 	0.007326366648 	-0.002177267886 	-1.029954392e-07 	0.007265425247 	7.416203212e-08 	1.384991984e-05
0.5453988083 	0.007160555583 	-0.001989565925 	-9.646609235e-08 	0.007104026122 	5.954875989e-08 	1.354224825e-05
0.5470939875 	0.007020036011 	-0.001814760586 	-9.025654783e-08 	0.006967750607 	4.559803223e-08 	1.328246924e-05
0.5488080831 	0.006903121619 	-0.001652260711 	-8.390486188e-08 	0.006854952774 	3.226002069e-08 	1.306744522e-05
0.5505413061 	0.006808366331 	-0.001501888864 	-7.778558203e-08 	0.006764345876 	1.922420719e-08 	1.289472329e-05
0.5522938699 	0.00673494437 	-0.001361825416 	-7.336517271e-08 	0.006695012966 	6.498720004e-09 	1.27625555e-05
0.5540659904 	0.006681657769 	-0.001229248004 	-7.003281684e-08 	0.006645565107 	-5.273700862e-09 	1.266829413e-05
0.5558578859 	0.006646138493 	-0.001103288543 	-6.673476507e-08 	0.006613751944 	-1.567511674e-08 	1.26076494e-05
0.5576697768 	0.00662581155 	-0.0009837212772 	-6.374311676e-08 	0.006597113732 	-2.472834816e-08 	1.257593235e-05
0.5595018865 	0.006618532762 	-0.0008697652008 	-6.118358504e-08 	0.006593447331 	-3.261409285e-08 	1.256894317e-05
0.5613544406 	0.006622476741 	-0.0007606807908 	-5.901140101e-08 	0.006600918411 	-3.952953363e-08 	1.258318512e-05
0.563227667 	0.006636083707 	-0.000655818196 	-5.717959346e-08 	0.006617998576 	-4.561114629e-08 	1.261574466e-05
0.5651217966 	0.006658032143 	-0.0005546147713 	-5.564446984e-08 	0.006643378714 	-5.097358946e-08 	1.266412626e-05
0.5670370626 	0.006687194527 	-0.0004565859631 	-5.436767473e-08 	0.006675941177 	-5.571616279e-08 	1.272619937e-05
0.5689737009 	0.006722605079 	-0.0003613146659 	-5.331554651e-08 	0.006714728928 	-5.992297081e-08 	1.28001396e-05
0.5709319499 	0.006763433645 	-0.0002684419295 	-5.245859014e-08 	0.006758919435 	-6.366515875e-08 	1.288437899e-05
0.5729120508 	0.00680896381 	-0.0001776587351 	-5.177105351e-08 	0.006807803863 	-6.700402289e-08 	1.297756629e-05
0.5749142474 	0.006858576272 	-8.86995199e-05 	-5.122771459e-08 	0.006860766855 	-6.998939305e-08 	1.307852848e-05
0.5769387863 	0.00691173255 	-1.346080453e-06 	-5.081566366e-08 	0.00691727508 	-7.266359981e-08 	1.318624886e-05
0.5789859169 	0.00696796177 	8.460239049e-05 	-5.052778594e-08 	0.006976865457 	-7.506829263e-08 	1.329984468e-05
0.5810558911 	0.00702685379 	0.0001693423379 	-5.03405415e-08 	0.007039128916 	-7.723587586e-08 	1.341853614e-05
0.583148964 	0.007088047751 	0.000253020538 	-5.023637314e-08 	0.007103708207 	-7.919260302e-08 	1.354164222e-05
0.5852653933 	0.00715122496 	0.0003357523907 	-5.020916933e-08 	0.007170289162 	-8.096307456e-08 	1.366856402e-05
0.5874054395 	0.007216104374 	0.0004176497695 	-5.025026341e-08 	0.007238591871 	-8.25674181e-08 	1.379876797e-05
0.5895693664 	0.007282435807 	0.0004988097734 	-5.035216236e-08 	0.007308368845 	-8.402385386e-08 	1.393178227e-05
0.5917574402 	0.007349996343 	0.0005793166489 	-5.050831664e-08 	0.007379399169 	-8.534808508e-08 	1.406718581e-05
0.5939699306 	0.007418586497 	0.0006592434182 	-5.07129763e-08 	0.007451485137 	-8.655380952e-08 	1.42046017e-05
0.5962071099 	0.007488027096 	0.0007386532442 	-5.096106439e-08 	0.007524449134 	-8.765300141e-08 	1.434369136e-05
0.5984692536 	0.007558156604 	0.0008176005824 	-5.124807535e-08 	0.007598131 	-8.865616262e-08 	1.448414948e-05
0.6007566404 	0.007628828851 	0.0008961321522 	-5.156986592e-08 	0.007672385761 	-8.95725521e-08 	1.462569969e-05
0.6030695519 	0.007699911089 	0.0009742877752 	-5.192239891e-08 	0.007747081693 	-9.041039986e-08 	1.47680909e-05
0.6054082729 	0.007771282326 	0.001052101071 	-5.230216208e-08 	0.007822098652 	-9.117692655e-08 	1.491109407e-05
0.6077730914 	0.007842831871 	0.001129599985 	-5.270658725e-08 	0.007897326652 	-9.18783879e-08 	1.505449955e-05
0.6101642987 	0.007914458083 	0.001206807228 	-5.313325443e-08 	0.007972664627 	-9.252031553e-08 	1.519811467e-05
0.6125821893 	0.007986067289 	0.001283740695 	-5.357939284e-08 	0.00804801935 	-9.310766059e-08 	1.534176171e-05
0.6150270608 	0.008057572852 	0.001360413813 	-5.404235876e-08 	0.008123304484 	-9.364485086e-08 	1.54852761e-05
0.6174992144 	0.008128894348 	0.00143683581 	-5.451979395e-08 	0.008198439751 	-9.413581992e-08 	1.56285048e-05
0.6199989545 	0.008199956838 	0.001513011904 	-5.500946434e-08 	0.008273350206 	-9.458402433e-08 	1.577130495e-05
0.622526589 	0.008270690235 	0.001588943454 	-5.550911242e-08 	0.008347965588 	-9.499248237e-08 	1.591354261e-05
0.625082429 	0.008341028731 	0.001664628067 	-5.601633721e-08 	0.008422219743 	-9.536383068e-08 	1.605509167e-05
0.6276667894 	0.008410910299 	0.001740059705 	-5.652892889e-08 	0.008496050113 	-9.570042425e-08 	1.619583287e-05
0.6302799884 	0.00848027623 	0.001815228767 	-5.704520226e-08 	0.008569397284 	-9.600445915e-08 	1.633565296e-05
0.6329223478 	0.008549070722 	0.001890122135 	-5.756345036e-08 	0.008642204571 	-9.627785763e-08 	1.647444389e-05
0.6355941931 	0.008617240534 	0.001964723149 	-5.808125721e-08 	0.008714417629 	-9.652202877e-08 	1.661210205e-05
0.6382958531 	0.008684734671 	0.002039011565 	-5.859581851e-08 	0.008785984094 	-9.67380139e-08 	1.674852762e-05
0.6410276607 	0.008751504088 	0.002112963538 	-5.910458696e-08 	0.008856853269 	-9.692676317e-08 	1.688362397e-05
0.6437899523 	0.00881750141 	0.002186551617 	-5.960518662e-08 	0.008926975858 	-9.70891152e-08 	1.701729711e-05
0.646583068 	0.008882680696 	0.002259744702 	-6.009513611e-08 	0.008996303697 	-9.722570004e-08 	1.714945524e-05
0.6494073518 	0.008946997218 	0.002332508001 	-6.057181458e-08 	0.009064789518 	-9.733694484e-08 	1.728000825e-05
0.6522631514 	0.009010407279 	0.002404802976 	-6.103245413e-08 	0.009132386735 	-9.74230927e-08 	1.740886733e-05
0.6551508186 	0.009072868034 	0.002476587298 	-6.147414016e-08 	0.009199049236 	-9.748420986e-08 	1.753594459e-05
0.658070709 	0.009134337349 	0.002547814804 	-6.189381089e-08 	0.009264731217 	-9.752019597e-08 	1.76611527e-05
0.6610231822 	0.009194773668 	0.002618435472 	-6.228825565e-08 	0.009329387017 	-9.753079354e-08 	1.778440462e-05
0.6640086017 	0.009254135907 	0.002688395406 	-6.265411269e-08 	0.00939297098 	-9.751559624e-08 	1.790561333e-05
0.6670273351 	0.009312383364 	0.002757636844 	-6.298786756e-08 	0.009455437339 	-9.747405628e-08 	1.802469157e-05
0.6700797543 	0.00936947566 	0.002826098191 	-6.328585316e-08 	0.009516740114 	-9.740549093e-08 	1.81415517e-05
0.6731662352 	0.009425372684 	0.002893714094 	-6.354425209e-08 	0.009576833034 	-9.730908845e-08 	1.825610551e-05
0.6762871577 	0.009480034575 	0.002960415543 	-6.375910214e-08 	0.009635669482 	-9.718391358e-08 	1.836826413e-05
0.6794429063 	0.009533421724 	0.00302613004 	-6.392630525e-08 	0.009693202461 	-9.702891264e-08 	1.847793798e-05
0.6826338695 	0.009585494791 	0.003090781804 	-6.404164062e-08 	0.00974938458 	-9.684291821e-08 	1.858503671e-05
0.6858604404 	0.009636214756 	0.003154292067 	-6.41007822e-08 	0.009804168079 	-9.662465349e-08 	1.868946929e-05
0.6891230163 	0.009685542992 	0.003216579422 	-6.409932107e-08 	0.009857504866 	-9.637273601e-08 	1.879114403e-05
0.6924219988 	0.009733441366 	0.003277560278 	-6.403279308e-08 	0.009909346594 	-9.60856809e-08 	1.888996877e-05
0.6957577944 	0.009779872368 	0.003337149395 	-6.389671182e-08 	0.009959644768 	-9.576190322e-08 	1.898585107e-05
0.6991308138 	0.00982479927 	0.003395260534 	-6.368660721e-08 	0.01000835088 	-9.539971948e-08 	1.907869846e-05
0.7025414724 	0.009868186317 	0.003451807217 	-6.339806962e-08 	0.01005541661 	-9.499734788e-08 	1.916841882e-05
0.7059901901 	0.009909998954 	0.0035067036 	-6.302679909e-08 	0.01010079401 	-9.455290725e-08 	1.925492076e-05
0.7094773917 	0.009950204085 	0.003559865485 	-6.256865903e-08 	0.0101444358 	-9.406441419e-08 	1.933811414e-05
0.7130035066 	0.009988770378 	0.00361121144 	-6.201973324e-08 	0.01018629567 	-9.352977807e-08 	1.941791067e-05
0.7165689691 	0.01002566861 	0.003660664063 	-6.137638449e-08 	0.01022632862 	-9.294679373e-08 	1.949422461e-05
0.7201742182 	0.01006087205 	0.003708151352 	-6.063531101e-08 	0.0102644914 	-9.231313157e-08 	1.956697348e-05
0.7238196978 	0.01009435698 	0.003753608079 	-5.979359886e-08 	0.0103007429 	-9.162633307e-08 	1.963607891e-05
0.727505857 	0.01012610287 	0.003796976975 	-5.884877821e-08 	0.01033504524 	-9.088378975e-08 	1.970146871e-05
0.7312331497 	0.01015609295 	0.003838208797 	-5.779892585e-08 	0.01036736444 	-9.008268458e-08 	1.976307809e-05
0.7350020349 	0.01018424361 	0.00387715754 	-5.664623394e-08 	0.01039759179 	-8.922234164e-08 	1.982069981e-05
0.7387709215 	0.01021035119 	0.003913502514 	-5.54022126e-08 	0.01042549051 	-8.830802335e-08 	1.987388254e-05
0.7424982157 	0.01023428333 	0.003947025273 	-5.408140204e-08 	0.01045090883 	-8.734672524e-08 	1.992233691e-05
0.7461843763 	0.01025609904 	0.003977786626 	-5.269259231e-08 	0.01047390464 	-8.634101798e-08 	1.996617331e-05
0.7498298574 	0.01027592812 	0.004005956224 	-5.124133531e-08 	0.01049461053 	-8.529098345e-08 	2.00056445e-05
0.7534351078 	0.01029389884 	0.004031708301 	-4.973300403e-08 	0.0105131578 	-8.419658552e-08 	2.004100076e-05
0.7570005716 	0.01031013765 	0.004055219372 	-4.817270786e-08 	0.01052967722 	-8.305767594e-08 	2.007249135e-05
0.7605266877 	0.0103247695 	0.004076667023 	-4.656520744e-08 	0.0105442988 	-8.187397872e-08 	2.010036414e-05
0.7640138905 	0.01033791798 	0.004096228972 	-4.491484598e-08 	0.01055715183 	-8.064507894e-08 	2.01248656e-05
0.7674626093 	0.01034970544 	0.004114082198 	-4.322549431e-08 	0.01056836497 	-7.937041686e-08 	2.014624095e-05
0.770873269 	0.01036025317 	0.004130402133 	-4.15005111e-08 	0.01057806627 	-7.804928195e-08 	2.016473433e-05
0.7742462894 	0.0103696815 	0.004145361967 	-3.974271842e-08 	0.01058638328 	-7.668080799e-08 	2.018058887e-05
0.777582086 	0.01037810998 	0.004159132044 	-3.795439231e-08 	0.01059344315 	-7.526396939e-08 	2.019404694e-05
0.7808810695 	0.01038565752 	0.00417187937 	-3.613726691e-08 	0.01059937268 	-7.379757861e-08 	2.020535027e-05
0.7841436462 	0.01039244255 	0.004183767223 	-3.429255079e-08 	0.01060429845 	-7.22802851e-08 	2.021474016e-05
0.787370218 	0.01039858316 	0.004194954862 	-3.242095401e-08 	0.01060834694 	-7.071057587e-08 	2.02224577e-05
0.7905611821 	0.01040419729 	0.004205597322 	-3.052272439e-08 	0.01061164461 	-6.908677546e-08 	2.022874397e-05
0.7937169314 	0.0104094029 	0.004215845288 	-2.859769181e-08 	0.01061431806 	-6.740705012e-08 	2.023384033e-05
0.7968378547 	0.0104143181 	0.004225844987 	-2.664533116e-08 	0.01061649418 	-6.566941841e-08 	2.02379886e-05
0.7999243362 	0.01041906137 	0.004235738198 	-2.466477674e-08 	0.01061830019 	-6.387174965e-08 	2.024143137e-05
0.8029767561 	0.01042375172 	0.004245662521 	-2.265485782e-08 	0.01061986392 	-6.201176924e-08 	2.024441226e-05
0.8059954902 	0.01042850881 	0.00425575154 	-2.061422495e-08 	0.01062131387 	-6.008708203e-08 	2.024717628e-05
0.8089809102 	0.01043345319 	0.004266134755 	-1.854139837e-08 	0.01062277942 	-5.809518017e-08 	2.024997002e-05
0.8119333839 	0.01043870642 	0.004276937681 	-1.643478979e-08 	0.0106243909 	-5.60334492e-08 	2.025304195e-05
0.8148532749 	0.01044439126 	0.00428828208 	-1.429277212e-08 	0.0106262798 	-5.389918879e-08 	2.025664272e-05
0.8177409426 	0.01045063181 	0.004300286137 	-1.21137391e-08 	0.01062857893 	-5.168963131e-08 	2.026102551e-05
0.8205967427 	0.01045755367 	0.004313064624 	-9.89616455e-09 	0.01063142253 	-4.940195936e-08 	2.026644619e-05
0.8234210268 	0.01046528407 	0.004326729045 	-7.638662186e-09 	0.01063494641 	-4.703332688e-08 	2.027316368e-05
0.8262141429 	0.01047395201 	0.00434138776 	-5.340046781e-09 	0.0106392881 	-4.458088167e-08 	2.028144016e-05
0.8289764348 	0.01048368841 	0.004357146068 	-2.999398094e-09 	0.01064458698 	-4.204178924e-08 	2.029154129e-05
0.8317082427 	0.01049462615 	0.004374106262 	-6.16128747e-10 	0.01065098435 	-3.941325823e-08 	2.030373647e-05
0.8344099031 	0.01050690022 	0.004392367625 	1.809942095e-09 	0.01065862359 	-3.669256695e-08 	2.031829897e-05
0.8370817486 	0.0105206478 	0.004412026369 	4.278507095e-09 	0.01066765018 	-3.387709096e-08 	2.033550616e-05
0.8397241082 	0.01053600825 	0.004433175495 	6.788678505e-09 	0.01067821182 	-3.096433152e-08 	2.035563959e-05
0.8423373074 	0.01055312322 	0.004455904568 	9.33888192e-09 	0.01069045849 	-2.795194445e-08 	2.037898515e-05
0.844921668 	0.01057213662 	0.004480299381 	1.192673191e-08 	0.01070454246 	-2.48377691e-08 	2.040583309e-05
0.8474775082 	0.01059319462 	0.004506441492 	1.45488846e-08 	0.0107206183 	-2.161985679e-08 	2.043647813e-05
0.8500051427 	0.01061644562 	0.004534407595 	1.720086116e-08 	0.01073884296 	-1.829649811e-08 	2.047121939e-05
0.8525048829 	0.0106420402 	0.004564268712 	1.987683465e-08 	0.01075937569 	-1.486624793e-08 	2.051036048e-05
0.8549770366 	0.010670131 	0.004596089138 	2.256937139e-08 	0.01078237804 	-1.132794704e-08 	2.055420935e-05
0.8574219081 	0.01070087263 	0.004629925113 	2.526911628e-08 	0.01080801384 	-7.680738519e-09 	2.060307831e-05
0.8598397987 	0.01073442155 	0.004665823142 	2.796440862e-08 	0.01083644915 	-3.924076646e-09 	2.065728392e-05
0.862231006 	0.01077093591 	0.004703817896 	3.064081078e-08 	0.01086785223 	-5.772452377e-11 	2.071714691e-05
0.8645958245 	0.01081057534 	0.004743929609 	3.328052198e-08 	0.01090239349 	3.918265883e-09 	2.078299215e-05
0.8669345455 	0.01085350084 	0.004786160858 	3.58616234e-08 	0.01094024551 	8.003603478e-09 	2.085514863e-05
0.8692474569 	0.01089987454 	0.004830492618 	3.835704278e-08 	0.01098158305 	1.219785948e-08 	2.093394946e-05
0.8715348435 	0.01094985957 	0.004876879463 	4.073301168e-08 	0.01102658311 	1.650065794e-08 	2.101973209e-05
0.8737969871 	0.0110036199 	0.004925243722 	4.294661565e-08 	0.01107542514 	2.091203521e-08 	2.111283857e-05
0.8760341663 	0.01106132016 	0.004975468414 	4.494183831e-08 	0.01112829132 	2.543294375e-08 	2.121361621e-05
0.8782466565 	0.01112312552 	0.005027388629 	4.664354463e-08 	0.01118536717 	3.006605121e-08 	2.132241864e-05
0.8804347301 	0.01118920123 	0.005080781289 	4.795133878e-08 	0.01124684296 	3.481833937e-08 	2.143960858e-05
0.8825986568 	0.01125971168 	0.005135354906 	4.873744111e-08 	0.01131291647 	3.969336098e-08 	2.156556306e-05
0.8847387028 	0.01133482048 	0.005190745036 	4.886988117e-08 	0.01138379451 	4.470562383e-08 	2.17006763e-05
0.8868551318 	0.01141467752 	0.005246557266 	4.839490853e-08 	0.01145972241 	4.994857359e-08 	2.184541598e-05
0.8889482045 	0.01149947091 	0.00530254243 	4.754895755e-08 	0.0115408924 	5.454707445e-08 	2.200014853e-05
0.8910181784 	0.0115896269 	0.005358812425 	4.717676347e-08 	0.01162704892 	5.959694065e-08 	2.216438681e-05
0.8930653087 	0.01168509552 	0.005417128726 	5.207109999e-08 	0.01171894805 	6.603209976e-08 	2.233957209e-05
0.8950898473 	0.01178595417 	0.005479947414 	4.557159167e-08 	0.01181745437 	7.017269316e-08 	2.252735252e-05
0.8970920436 	0.01189398602 	0.005538039042 	3.576724054e-08 	0.01192093602 	7.408575867e-08 	2.272461731e-05
0.8990721441 	0.0120101824 	0.005590452445 	3.88415021e-08 	0.01202984323 	8.122175814e-08 	2.293222473e-05
0.9010303927 	0.01213429432 	0.005646491207 	4.215647457e-08 	0.01214682811 	8.854226734e-08 	2.315523042e-05
0.9029670306 	0.01226712817 	0.005706486278 	4.569345484e-08 	0.01227226379 	9.565570209e-08 	2.339434569e-05
0.9048822962 	0.01240954223 	0.005770763013 	4.9429941e-08 	0.0124064231 	1.036172109e-07 	2.365009061e-05
0.9067764254 	0.01256199501 	0.00583964076 	5.334466774e-08 	0.0125503607 	1.119937312e-07 	2.392447568e-05
0.9086496514 	0.0127250751 	0.005913428985 	5.741189155e-08 	0.01270481729 	1.207414092e-07 	2.421891287e-05
0.910502205 	0.01289934203 	0.005992417682 	6.160018084e-08 	0.0128704746 	1.298033606e-07 	2.453470175e-05
0.9123343142 	0.01308529495 	0.006076866566 	6.587002583e-08 	0.0130479457 	1.390900526e-07 	2.487301099e-05
0.9141462048 	0.01328334582 	0.00616699247 	7.017290487e-08 	0.01323774751 	1.484871089e-07 	2.523482599e-05
0.9159380997 	0.01349379313 	0.006262956046 	7.445173347e-08 	0.01344026837 	1.578611218e-07 	2.562088705e-05
0.9177102197 	0.01371679558 	0.006364849078 	7.864239846e-08 	0.01365574006 	1.670638643e-07 	2.603163597e-05
0.9194627831 	0.01395234852 	0.006472683515 	8.267604968e-08 	0.01388421478 	1.759404604e-07 	2.646717229e-05
0.9211960055 	0.01420026623 	0.00658638318 	8.648206994e-08 	0.01412554731 	1.843336786e-07 	2.692721916e-05
0.9229101006 	0.01446017218 	0.006705779608 	8.999212566e-08 	0.01437938685 	1.920921722e-07 	2.741110787e-05
0.9246052793 	0.01473150155 	0.006830613756 	9.314475279e-08 	0.01464518189 	1.990801226e-07 	2.79177871e-05
0.9262817504 	0.01501351611 	0.006960543527 	9.588833093e-08 	0.01492219773 	2.051836948e-07 	2.844585629e-05
0.9279397204 	0.01530532526 	0.007095154142 	9.818129089e-08 	0.01520954001 	2.10311526e-07 	2.899361053e-05
0.9295793934 	0.01560590683 	0.007233968232 	9.999120336e-08 	0.01550617725 	2.143927749e-07 	2.955908355e-05
0.9312009714 	0.01591412704 	0.007376455449 	1.012951066e-07 	0.01581096212 	2.173777935e-07 	3.014008823e-05
0.9328046541 	0.01622876411 	0.007522043757 	1.020814226e-07 	0.01612265622 	2.192419842e-07 	3.073426381e-05
0.9343906389 	0.01654853868 	0.007670133871 	1.023515655e-07 	0.01643996168 	2.199884344e-07 	3.133913622e-05
0.9359591211 	0.01687214769 	0.007820115232 	1.021191581e-07 	0.01676155605 	2.196452432e-07 	3.195218446e-05
0.937510294 	0.01719829435 	0.007971380103 	1.014070117e-07 	0.01708612283 	2.182595843e-07 	3.257089895e-05
0.9390443485 	0.01752570985 	0.008123333711 	1.002440083e-07 	0.0174123734 	2.158923474e-07 	3.319282323e-05
0.9405614735 	0.01785316807 	0.008275401139 	9.866316803e-08 	0.01773906186 	2.126144595e-07 	3.381558222e-05
0.942061856 	0.01817949628 	0.008427032343 	9.670042799e-08 	0.01806499581 	2.085042179e-07 	3.443690291e-05
0.9435456805 	0.01850358313 	0.008577705872 	9.43935406e-08 	0.01838904449 	2.036444915e-07 	3.505462976e-05
0.9450131299 	0.01882438389 	0.008726931351 	9.178109056e-08 	0.01871014409 	1.981198899e-07 	3.566673485e-05
0.946464385 	0.01914092362 	0.008874250874 	8.89017456e-08 	0.01902730069 	1.920144394e-07 	3.627132348e-05
0.9478996243 	0.0194522983 	0.009019239532 	8.579373774e-08 	0.01933959125 	1.854100883e-07 	3.686663607e-05
0.9493190246 	0.01975767483 	0.009161505294 	8.249450254e-08 	0.01964616324 	1.783860574e-07 	3.74510475e-05
0.9507227608 	0.02005628975 	0.009300688395 	7.904040342e-08 	0.01994623323 	1.710187995e-07 	3.802306431e-05
0.9521110058 	0.02034744717 	0.009436460353 	7.546649234e-08 	0.0202390847 	1.633821902e-07 	3.85813206e-05
0.9534839303 	0.020630516 	0.009568522641 	7.180629002e-08 	0.02052406519 	1.555475983e-07 	3.912457262e-05
0.9548417036 	0.02090492622 	0.009696605028 	6.809159245e-08 	0.02080058281 	1.475836514e-07 	3.965169205e-05
0.9561844929 	0.0211701644 	0.009820463506 	6.435231917e-08 	0.02106810183 	1.395557199e-07 	4.016165767e-05
0.9575124634 	0.0214257681 	0.009939877676 	6.061641496e-08 	0.02132613701 	1.315252933e-07 	4.065354444e-05
0.9588257788 	0.02167131865 	0.01005464738 	5.690980906e-08 	0.02157424611 	1.235494625e-07 	4.112650934e-05
0.9601246008 	0.02190642992 	0.0101645883 	5.325643018e-08 	0.02181202389 	1.156806011e-07 	4.157977987e-05
0.9614090893 	0.02213073124 	0.01026952612 	4.967827332e-08 	0.02203909851 	1.079661843e-07 	4.20126472e-05
0.9626794024 	0.02234387442 	0.01036928861 	4.619552178e-08 	0.02225506697 	1.004498561e-07 	4.242434312e-05
0.9639356968 	0.02252894781 	0.01045594291 	4.310650348e-08 	0.02244270195 	9.377709199e-08 	4.278202755e-05
0.9647540487 	0.02267157303 	0.01052275223 	4.068365275e-08 	0.02258742995 	8.853802977e-08 	4.305791933e-05
0.9655573034 	0.02279117492 	0.01057880762 	3.862430703e-08 	0.02270894514 	8.408002348e-08 	4.328956106e-05
0.9663457395 	0.02290433795 	0.01063186313 	3.665061774e-08 	0.02282399489 	7.980375157e-08 	4.350887786e-05
0.9671196303 	0.02301111947 	0.01068193981 	3.476203132e-08 	0.02293260684 	7.570875435e-08 	4.371592242e-05
0.9678792442 	0.02311155377 	0.0107290544 	3.295730931e-08 	0.02303482469 	7.179267747e-08 	4.391077806e-05
0.9686248445 	0.02320567763 	0.01077322311 	3.123473547e-08 	0.02313068225 	6.805217306e-08 	4.40935092e-05
0.9693566897 	0.02329353014 	0.01081446312 	2.959225995e-08 	0.02322021413 	6.448315589e-08 	4.426418185e-05
0.9700750337 	0.02337515203 	0.01085279273 	2.802759731e-08 	0.02330345829 	6.10810093e-08 	4.442286837e-05
0.9707801255 	0.02345058471 	0.0108882308 	2.653829433e-08 	0.02338045444 	5.784074642e-08 	4.456964442e-05
0.9714722095 	0.02351986854 	0.01092079582 	2.512177779e-08 	0.0234512418 	5.47571079e-08 	4.47045848e-05
0.9721515258 	0.02358304083 	0.010950505 	2.377538883e-08 	0.02351585708 	5.182462444e-08 	4.482775949e-05
0.9728183099 	0.02364013396 	0.01097737336 	2.249640874e-08 	0.0235743325 	4.903766549e-08 	4.493922989e-05
0.9734727929 	0.02369117373 	0.01100141293 	2.128207852e-08 	0.0236266941 	4.639048255e-08 	4.503904566e-05
0.9741152019 	0.023736178 	0.01102263217 	2.012961542e-08 	0.02367296035 	4.387724852e-08 	4.512724199e-05
0.9747457596 	0.02377515553 	0.01104103536 	1.903622776e-08 	0.02371314098 	4.149209326e-08 	4.520383744e-05
0.9753646845 	0.02380810511 	0.01105662225 	1.799912891e-08 	0.02374723606 	3.922913553e-08 	4.526883213e-05
0.9759721914 	0.02383501483 	0.01106938765 	1.701555129e-08 	0.02377523524 	3.708251285e-08 	4.532220635e-05
0.9765684907 	0.02385586147 	0.01107932119 	1.608275945e-08 	0.02379711712 	3.504640994e-08 	4.53639193e-05
0.9771537895 	0.02387061001 	0.01108640706 	1.519806277e-08 	0.02381284874 	3.311508645e-08 	4.539390813e-05
0.9777282904 	0.02387921318 	0.01109062378 	1.435882703e-08 	0.02382238501 	3.12829032e-08 	4.541208691e-05
0.9782921928 	0.02388161097 	0.011091944 	1.356248466e-08 	0.0238256683 	2.954434667e-08 	4.541834579e-05
0.9788456922 	0.02387773022 	0.01109033429 	1.280654375e-08 	0.02382262796 	2.789405085e-08 	4.541255004e-05
0.9793889805 	0.02386748415 	0.01108575487 	1.208859576e-08 	0.02381317973 	2.632681606e-08 	4.53945391e-05
0.979922246 	0.02385077173 	0.01107815941 	1.140632179e-08 	0.02379722526 	2.483762481e-08 	4.536412545e-05
0.9804456737 	0.02382747717 	0.01106749466 	1.075749772e-08 	0.0237746514 	2.342165459e-08 	4.53210934e-05
0.9809594451 	0.02379746911 	0.0110537002 	1.013999797e-08 	0.0237453295 	2.20742879e-08 	4.52651977e-05
0.9814637383 	0.02376059985 	0.01103670797 	9.551797944e-09 	0.02370911456 	2.07911196e-08 	4.519616195e-05
0.9819587281 	0.02371670437 	0.0110164419 	8.990975823e-09 	0.02366584424 	1.9567962e-08 	4.51136767e-05
0.9824445862 	0.02366559921 	0.01099281731 	8.455713139e-09 	0.02361533778 	1.840084787e-08 	4.501739735e-05
0.9829214811 	0.02360708123 	0.01096574042 	7.944294915e-09 	0.02355739468 	1.728603175e-08 	4.49069417e-05
0.9833895781 	0.02354092612 	0.01093510757 	7.455109047e-09 	0.02349179326 	1.621998991e-08 	4.478188716e-05
0.9838490396 	0.02346688671 	0.01090080449 	6.98664542e-09 	0.02341828895 	1.519941936e-08 	4.464176752e-05
0.9843000247 	0.02338469106 	0.01086270544 	6.537494805e-09 	0.02333661238 	1.422123613e-08 	4.448606928e-05
0.98474269 	0.02329404028 	0.01082067211 	6.106347722e-09 	0.0232464672 	1.328257337e-08 	4.431422751e-05
0.9851771888 	0.023194606 	0.01077455258 	5.691993323e-09 	0.02314752758 	1.238077923e-08 	4.412562109e-05
0.9856036719 	0.0230860276 	0.01072417993 	5.293318429e-09 	0.02303943537 	1.151341501e-08 	4.391956729e-05
0.9860222871 	0.02296790896 	0.01066937078 	4.909306738e-09 	0.02292179695 	1.067825326e-08 	4.369531577e-05
0.9864331796 	0.02283981486 	0.01060992368 	4.539038102e-09 	0.02279417961 	9.8732762e-09 	4.345204166e-05
0.9868364919 	0.02270126699 	0.0105456172 	4.181687817e-09 	0.02265610751 	9.096673843e-09 	4.318883786e-05
0.9872323637 	0.02255173937 	0.01047620788 	3.836525871e-09 	0.02250705718 	8.346841839e-09 	4.290470651e-05
0.9876209323 	0.02239065337 	0.0104014279 	3.502915693e-09 	0.02234645256 	7.622378328e-09 	4.259854945e-05
0.9880023326 	0.02221737229 	0.01032098265 	3.180312343e-09 	0.02217365949 	6.922079571e-09 	4.226915784e-05
0.9883766967 	0.02203119538 	0.01023454796 	2.8682599e-09 	0.02198797989 	6.244933569e-09 	4.191520091e-05
0.9887441544 	0.02183135162 	0.01014176731 	2.566387696e-09 	0.0217886455 	5.590111414e-09 	4.153521417e-05
0.9891048331 	0.02161699319 	0.01004224887 	2.274405538e-09 	0.02157481145 	4.95695646e-09 	4.112758704e-05
0.9894588579 	0.02138718952 	0.009935562616 	1.992097629e-09 	0.0213455487 	4.344973731e-09 	4.069054851e-05
0.9898063516 	0.02114092078 	0.009821237512 	1.719315803e-09 	0.02109983787 	3.753803978e-09 	4.022215539e-05
0.9901474347 	0.02087706869 	0.009698758863 	1.455972664e-09 	0.02083656891 	3.183205255e-09 	3.972029157e-05
0.9904822253 	0.02059429324 	0.009567511459 	1.202228028e-09 	0.02055441434 	2.633500984e-09 	3.918242654e-05
0.9908108397 	0.02029083858 	0.009426688034 	9.582402951e-10 	0.02025161464 	2.105024807e-09 	3.860520616e-05
0.9911333916 	0.01996481529 	0.009275421663 	7.236639586e-10 	0.01992627127 	1.596951151e-09 	3.798501126e-05
0.9914499931 	0.01961466201 	0.009113002112 	4.980931181e-10 	0.01957683208 	1.108269404e-09 	3.731888304e-05
0.9917607538 	0.01923898262 	0.00893879916 	2.814069461e-10 	0.01920191376 	6.385650367e-10 	3.660418452e-05
0.9920657815 	0.01883625887 	0.008752129415 	7.36539802e-11 	0.01880000045 	1.877416265e-10 	3.583802605e-05
0.9923651819 	0.01840482107 	0.008552246082 	-1.24868807e-10 	0.01836942222 	-2.438201432e-10 	3.501722426e-05
0.992659059 	0.01794284835 	0.008338342569 	-3.135557652e-10 	0.01790835834 	-6.551447159e-10 	3.413830836e-05
0.9929475145 	0.01744838671 	0.008109568983 	-4.914331205e-10 	0.01741488037 	-1.044578889e-09 	3.31976022e-05
0.9932306485 	0.01691937851 	0.007865058995 	-6.570806429e-10 	0.01688702728 	-1.409700477e-09 	3.21913675e-05
0.9935085592 	0.01635382466 	0.007603963152 	-8.085249896e-10 	0.01632263786 	-1.74703873e-09 	3.111548441e-05
0.9937813429 	0.01580295203 	0.007349982975 	-9.324945015e-10 	0.01577262746 	-2.027413231e-09 	3.006701171e-05
0.9939569055 	0.0153302866 	0.007132399351 	-1.021359551e-09 	0.01530073302 	-2.232140004e-09 	2.916744975e-05
0.9941324681 	0.01489025325 	0.006926898367 	-1.10178756e-09 	0.01486164923 	-2.394688039e-09 	2.833043401e-05
0.9943080307 	0.01442530672 	0.006707123686 	-1.178261837e-09 	0.0143976848 	-2.53894055e-09 	2.744598886e-05
0.9944835934 	0.01393406341 	0.006476185953 	-1.238373258e-09 	0.01390739247 	-2.662707243e-09 	2.651135541e-05
0.994659156 	0.01341520464 	0.0062335797 	-1.287009497e-09 	0.01338953043 	-2.763962442e-09 	2.552416643e-05
0.9948347186 	0.01286750695 	0.005978317322 	-1.323558416e-09 	0.01284288846 	-2.840945653e-09 	2.448211491e-05
0.9950102812 	0.0122898608 	0.005709574705 	-1.347594908e-09 	0.01226635608 	-2.892152093e-09 	2.338308395e-05
0.9951858439 	0.01168134617 	0.005426719478 	-1.358779363e-09 	0.01165901417 	-2.91633775e-09 	2.222532146e-05
0.9953614065 	0.01104134791 	0.005129344283 	-1.356817955e-09 	0.01102024873 	-2.912522837e-09 	2.1007657e-05
0.9955369691 	0.01036970482 	0.004817310873 	-1.34146973e-09 	0.01034989804 	-2.880000429e-09 	1.972978227e-05
0.9957125317 	0.009666894922 	0.004490812937 	-1.312579935e-09 	0.009648437942 	-2.818356655e-09 	1.839260436e-05
0.9958880943 	0.00893425616 	0.004150463414 	-1.270123077e-09 	0.008917216009 	-2.727505142e-09 	1.699869213e-05
0.996063657 	0.008174253239 	0.003797407325 	-1.214249618e-09 	0.008158712849 	-2.607766763e-09 	1.555277429e-05
0.9962392196 	0.007390803397 	0.003433454877 	-1.145340151e-09 	0.007376781405 	-2.460000766e-09 	1.406219563e-05
0.9964147822 	0.006589805532 	0.003061223459 	-1.064073793e-09 	0.00657651818 	-2.285950316e-09 	1.25366715e-05
0.9965903448 	0.005778360153 	0.002684269315 	-9.715160512e-10 	0.00576666996 	-2.086647749e-09 	1.099287571e-05
0.9967659075 	0.00496595968 	0.002307170843 	-8.692278283e-10 	0.004957799788 	-1.866304821e-09 	9.450944346e-06
0.9969414701 	0.00416401849 	0.001878052942 	-8.073310906e-10 	0.004157325312 	-1.633131111e-09 	7.925017513e-06
0.9971170327 	0.003385436081 	0.001413787598 	-7.067558271e-10 	0.003378614 	-1.387611215e-09 	6.440577321e-06
0.9972925953 	0.002650088689 	0.0009998063946 	-5.284876775e-10 	0.002644587936 	-1.131784574e-09 	5.041319632e-06
0.997468158 	0.001983221907 	0.0006573660274 	-3.669198867e-10 	0.001979349064 	-8.786097841e-10 	3.773189448e-06
0.9976437206 	0.001407388059 	0.0003959605593 	-2.321664663e-10 	0.001404667811 	-6.42838616e-10 	2.677687255e-06
0.9978192832 	0.0009375050354 	0.0002146896176 	-1.31268796e-10 	0.0009357106193 	-4.382527468e-10 	1.783724508e-06
0.9979948458 	0.0005782086213 	0.0001024641818 	-6.477145789e-11 	0.0005771106702 	-2.74698149e-10 	1.100133337e-06
0.9981704085 	0.0003234248484 	4.172212505e-05 	-2.702911111e-11 	0.0003228120856 	-1.552188624e-10 	6.153695562e-07
0.9983459711 	0.0001586214511 	1.381224651e-05 	-9.09914493e-12 	0.0001583205044 	-7.655379946e-11 	3.018028843e-07
0.9985215337 	6.430264508e-05 	3.429053067e-06 	-2.283279176e-12 	6.418043336e-05 	-3.111687408e-11 	1.22345744e-07
0.9986970963 	1.931899785e-05 	5.512743436e-07 	-3.695349457e-13 	1.928224947e-05 	-9.358781294e-12 	3.67573267e-08
0.998872659 	3.465065785e-06 	4.226505977e-08 	-2.845988663e-14 	3.458473115e-06 	-1.679222238e-12 	6.592810989e-09
0.9990482216 	3.573244765e-07 	1.115101397e-09 	-7.536994712e-16 	3.566446122e-07 	-1.731946038e-13 	6.798637551e-10
0.9990482216 	3.573244765e-07 	1.115101397e-09 	-7.536994712e-16 	3.566446122e-07 	-1.731946038e-13 	6.798637551e-10
