1.390779999999999994e+01 9.531500000000000528e-01 0.000000000000000000e+00
1.390779999999999994e+01 9.600090000000000012e-01 0.000000000000000000e+00
1.390779999999999994e+01 9.660800000000000498e-01 0.000000000000000000e+00
1.390779999999999994e+01 9.714530000000000109e-01 0.000000000000000000e+00
1.390779999999999994e+01 9.762089999999999934e-01 0.000000000000000000e+00
1.390779999999999994e+01 9.804190000000000405e-01 0.000000000000000000e+00
1.390779999999999994e+01 9.841450000000000475e-01 0.000000000000000000e+00
1.390779999999999994e+01 9.874420000000000419e-01 0.000000000000000000e+00
1.390779999999999994e+01 9.899959999999999871e-01 0.000000000000000000e+00
1.390779999999999994e+01 9.920080000000000009e-01 0.000000000000000000e+00
1.390779999999999994e+01 9.454010000000000469e-01 0.000000000000000000e+00
1.390779999999999994e+01 9.531500000000000528e-01 0.000000000000000000e+00
1.390779999999999994e+01 9.600090000000000012e-01 0.000000000000000000e+00
1.390779999999999994e+01 9.660800000000000498e-01 0.000000000000000000e+00
1.390779999999999994e+01 9.714530000000000109e-01 0.000000000000000000e+00
1.390779999999999994e+01 9.762089999999999934e-01 0.000000000000000000e+00
1.390779999999999994e+01 9.804190000000000405e-01 0.000000000000000000e+00
1.390779999999999994e+01 9.841450000000000475e-01 0.000000000000000000e+00
1.390779999999999994e+01 9.874420000000000419e-01 0.000000000000000000e+00
1.390779999999999994e+01 9.899959999999999871e-01 0.000000000000000000e+00
1.390779999999999994e+01 9.920080000000000009e-01 0.000000000000000000e+00
1.390779999999999994e+01 9.366459999999999786e-01 0.000000000000000000e+00
1.390779999999999994e+01 9.454010000000000469e-01 0.000000000000000000e+00
1.390779999999999994e+01 9.531500000000000528e-01 0.000000000000000000e+00
1.390779999999999994e+01 9.600090000000000012e-01 0.000000000000000000e+00
1.390779999999999994e+01 9.660800000000000498e-01 0.000000000000000000e+00
1.390779999999999994e+01 9.714530000000000109e-01 0.000000000000000000e+00
1.390779999999999994e+01 9.762089999999999934e-01 0.000000000000000000e+00
1.390779999999999994e+01 9.804190000000000405e-01 0.000000000000000000e+00
1.390779999999999994e+01 9.841450000000000475e-01 0.000000000000000000e+00
1.390779999999999994e+01 9.249899999999999789e-01 0.000000000000000000e+00
1.390779999999999994e+01 9.366459999999999786e-01 0.000000000000000000e+00
1.390779999999999994e+01 9.454010000000000469e-01 0.000000000000000000e+00
1.390779999999999994e+01 9.531500000000000528e-01 0.000000000000000000e+00
1.390779999999999994e+01 9.600090000000000012e-01 0.000000000000000000e+00
1.390779999999999994e+01 9.660800000000000498e-01 0.000000000000000000e+00
1.390779999999999994e+01 9.714530000000000109e-01 0.000000000000000000e+00
1.390779999999999994e+01 9.104539999999999855e-01 0.000000000000000000e+00
1.390779999999999994e+01 9.249899999999999789e-01 0.000000000000000000e+00
1.390779999999999994e+01 9.366459999999999786e-01 0.000000000000000000e+00
1.390779999999999994e+01 9.454010000000000469e-01 0.000000000000000000e+00
1.390779999999999994e+01 9.531500000000000528e-01 0.000000000000000000e+00
1.390779999999999994e+01 9.600090000000000012e-01 0.000000000000000000e+00
1.390779999999999994e+01 9.104539999999999855e-01 0.000000000000000000e+00
1.390779999999999994e+01 9.249899999999999789e-01 0.000000000000000000e+00
1.390779999999999994e+01 9.366459999999999786e-01 0.000000000000000000e+00
1.390779999999999994e+01 9.454010000000000469e-01 0.000000000000000000e+00
1.390779999999999994e+01 9.531500000000000528e-01 0.000000000000000000e+00
1.390779999999999994e+01 8.948850000000000415e-01 0.000000000000000000e+00
1.390779999999999994e+01 9.104539999999999855e-01 0.000000000000000000e+00
1.390779999999999994e+01 9.249899999999999789e-01 0.000000000000000000e+00
1.390779999999999994e+01 9.366459999999999786e-01 0.000000000000000000e+00
1.390779999999999994e+01 8.782100000000000461e-01 0.000000000000000000e+00
1.390779999999999994e+01 8.948850000000000415e-01 0.000000000000000000e+00
1.390779999999999994e+01 9.104539999999999855e-01 0.000000000000000000e+00
1.390779999999999994e+01 9.249899999999999789e-01 0.000000000000000000e+00
1.390779999999999994e+01 8.782100000000000461e-01 0.000000000000000000e+00
1.390779999999999994e+01 8.948850000000000415e-01 0.000000000000000000e+00
1.390779999999999994e+01 9.104539999999999855e-01 0.000000000000000000e+00
1.390779999999999994e+01 8.603490000000000304e-01 0.000000000000000000e+00
1.390779999999999994e+01 8.782100000000000461e-01 0.000000000000000000e+00
1.390779999999999994e+01 8.948850000000000415e-01 0.000000000000000000e+00
1.390779999999999994e+01 9.104539999999999855e-01 0.000000000000000000e+00
1.390779999999999994e+01 8.603490000000000304e-01 0.000000000000000000e+00
1.390779999999999994e+01 8.782100000000000461e-01 0.000000000000000000e+00
1.390779999999999994e+01 8.948850000000000415e-01 0.000000000000000000e+00
1.390779999999999994e+01 8.412209999999999965e-01 0.000000000000000000e+00
1.390779999999999994e+01 8.603490000000000304e-01 0.000000000000000000e+00
1.390779999999999994e+01 8.782100000000000461e-01 0.000000000000000000e+00
1.390779999999999994e+01 8.412209999999999965e-01 0.000000000000000000e+00
1.390779999999999994e+01 8.603490000000000304e-01 0.000000000000000000e+00
1.390779999999999994e+01 8.782100000000000461e-01 0.000000000000000000e+00
1.390779999999999994e+01 8.207330000000000458e-01 0.000000000000000000e+00
1.390779999999999994e+01 8.412209999999999965e-01 0.000000000000000000e+00
1.390779999999999994e+01 8.603490000000000304e-01 0.000000000000000000e+00
1.390779999999999994e+01 8.207330000000000458e-01 0.000000000000000000e+00
1.390779999999999994e+01 8.412209999999999965e-01 0.000000000000000000e+00
1.390779999999999994e+01 8.603490000000000304e-01 0.000000000000000000e+00
1.390770000000000017e+01 7.987900000000000000e-01 0.000000000000000000e+00
1.390779999999999994e+01 8.207330000000000458e-01 0.000000000000000000e+00
1.390779999999999994e+01 8.412209999999999965e-01 0.000000000000000000e+00
1.390770000000000017e+01 7.987900000000000000e-01 0.000000000000000000e+00
1.390779999999999994e+01 8.207330000000000458e-01 0.000000000000000000e+00
1.390770000000000017e+01 7.987900000000000000e-01 0.000000000000000000e+00
1.390779999999999994e+01 8.207330000000000458e-01 0.000000000000000000e+00
1.390770000000000017e+01 7.987900000000000000e-01 0.000000000000000000e+00
1.390770000000000017e+01 7.987900000000000000e-01 0.000000000000000000e+00
1.390779999999999994e+01 9.531500000000000528e-01 0.000000000000000000e+00
1.390779999999999994e+01 9.600090000000000012e-01 0.000000000000000000e+00
1.390779999999999994e+01 9.660800000000000498e-01 0.000000000000000000e+00
1.390779999999999994e+01 9.714530000000000109e-01 0.000000000000000000e+00
1.390779999999999994e+01 9.762089999999999934e-01 0.000000000000000000e+00
1.390779999999999994e+01 9.804190000000000405e-01 0.000000000000000000e+00
1.390779999999999994e+01 9.841450000000000475e-01 0.000000000000000000e+00
1.390779999999999994e+01 9.874420000000000419e-01 0.000000000000000000e+00
1.390779999999999994e+01 9.899959999999999871e-01 0.000000000000000000e+00
1.390779999999999994e+01 9.920080000000000009e-01 0.000000000000000000e+00
1.390779999999999994e+01 9.454010000000000469e-01 0.000000000000000000e+00
1.390779999999999994e+01 9.531500000000000528e-01 0.000000000000000000e+00
1.390779999999999994e+01 9.600090000000000012e-01 0.000000000000000000e+00
1.390779999999999994e+01 9.660800000000000498e-01 0.000000000000000000e+00
1.390779999999999994e+01 9.714530000000000109e-01 0.000000000000000000e+00
1.390779999999999994e+01 9.762089999999999934e-01 0.000000000000000000e+00
1.390779999999999994e+01 9.804190000000000405e-01 0.000000000000000000e+00
1.390779999999999994e+01 9.841450000000000475e-01 0.000000000000000000e+00
1.390779999999999994e+01 9.874420000000000419e-01 0.000000000000000000e+00
1.390779999999999994e+01 9.899959999999999871e-01 0.000000000000000000e+00
1.390779999999999994e+01 9.920080000000000009e-01 0.000000000000000000e+00
1.390779999999999994e+01 9.366459999999999786e-01 0.000000000000000000e+00
1.390779999999999994e+01 9.454010000000000469e-01 0.000000000000000000e+00
1.390779999999999994e+01 9.531500000000000528e-01 0.000000000000000000e+00
1.390779999999999994e+01 9.600090000000000012e-01 0.000000000000000000e+00
1.390779999999999994e+01 9.660800000000000498e-01 0.000000000000000000e+00
1.390779999999999994e+01 9.714530000000000109e-01 0.000000000000000000e+00
1.390779999999999994e+01 9.762089999999999934e-01 0.000000000000000000e+00
1.390779999999999994e+01 9.804190000000000405e-01 0.000000000000000000e+00
1.390779999999999994e+01 9.841450000000000475e-01 0.000000000000000000e+00
1.390779999999999994e+01 9.249899999999999789e-01 0.000000000000000000e+00
1.390779999999999994e+01 9.366459999999999786e-01 0.000000000000000000e+00
1.390779999999999994e+01 9.454010000000000469e-01 0.000000000000000000e+00
1.390779999999999994e+01 9.531500000000000528e-01 0.000000000000000000e+00
1.390779999999999994e+01 9.600090000000000012e-01 0.000000000000000000e+00
1.390779999999999994e+01 9.660800000000000498e-01 0.000000000000000000e+00
1.390779999999999994e+01 9.714530000000000109e-01 0.000000000000000000e+00
1.390779999999999994e+01 9.104539999999999855e-01 0.000000000000000000e+00
1.390779999999999994e+01 9.249899999999999789e-01 0.000000000000000000e+00
1.390779999999999994e+01 9.366459999999999786e-01 0.000000000000000000e+00
1.390779999999999994e+01 9.454010000000000469e-01 0.000000000000000000e+00
1.390779999999999994e+01 9.531500000000000528e-01 0.000000000000000000e+00
1.390779999999999994e+01 9.600090000000000012e-01 0.000000000000000000e+00
1.390779999999999994e+01 9.104539999999999855e-01 0.000000000000000000e+00
1.390779999999999994e+01 9.249899999999999789e-01 0.000000000000000000e+00
1.390779999999999994e+01 9.366459999999999786e-01 0.000000000000000000e+00
1.390779999999999994e+01 9.454010000000000469e-01 0.000000000000000000e+00
1.390779999999999994e+01 9.531500000000000528e-01 0.000000000000000000e+00
1.390779999999999994e+01 8.948850000000000415e-01 0.000000000000000000e+00
1.390779999999999994e+01 9.104539999999999855e-01 0.000000000000000000e+00
1.390779999999999994e+01 9.249899999999999789e-01 0.000000000000000000e+00
1.390779999999999994e+01 9.366459999999999786e-01 0.000000000000000000e+00
1.390779999999999994e+01 8.782100000000000461e-01 0.000000000000000000e+00
1.390779999999999994e+01 8.948850000000000415e-01 0.000000000000000000e+00
1.390779999999999994e+01 9.104539999999999855e-01 0.000000000000000000e+00
1.390779999999999994e+01 9.249899999999999789e-01 0.000000000000000000e+00
1.390779999999999994e+01 8.782100000000000461e-01 0.000000000000000000e+00
1.390779999999999994e+01 8.948850000000000415e-01 0.000000000000000000e+00
1.390779999999999994e+01 9.104539999999999855e-01 0.000000000000000000e+00
1.390779999999999994e+01 8.603490000000000304e-01 0.000000000000000000e+00
1.390779999999999994e+01 8.782100000000000461e-01 0.000000000000000000e+00
1.390779999999999994e+01 8.948850000000000415e-01 0.000000000000000000e+00
1.390779999999999994e+01 9.104539999999999855e-01 0.000000000000000000e+00
1.390779999999999994e+01 8.603490000000000304e-01 0.000000000000000000e+00
1.390779999999999994e+01 8.782100000000000461e-01 0.000000000000000000e+00
1.390779999999999994e+01 8.948850000000000415e-01 0.000000000000000000e+00
1.390779999999999994e+01 8.412209999999999965e-01 0.000000000000000000e+00
1.390779999999999994e+01 8.603490000000000304e-01 0.000000000000000000e+00
1.390779999999999994e+01 8.782100000000000461e-01 0.000000000000000000e+00
1.390779999999999994e+01 8.412209999999999965e-01 0.000000000000000000e+00
1.390779999999999994e+01 8.603490000000000304e-01 0.000000000000000000e+00
1.390779999999999994e+01 8.782100000000000461e-01 0.000000000000000000e+00
1.390779999999999994e+01 8.207330000000000458e-01 0.000000000000000000e+00
1.390779999999999994e+01 8.412209999999999965e-01 0.000000000000000000e+00
1.390779999999999994e+01 8.603490000000000304e-01 0.000000000000000000e+00
1.390779999999999994e+01 8.207330000000000458e-01 0.000000000000000000e+00
1.390779999999999994e+01 8.412209999999999965e-01 0.000000000000000000e+00
1.390779999999999994e+01 8.603490000000000304e-01 0.000000000000000000e+00
1.390770000000000017e+01 7.987900000000000000e-01 0.000000000000000000e+00
1.390779999999999994e+01 8.207330000000000458e-01 0.000000000000000000e+00
1.390779999999999994e+01 8.412209999999999965e-01 0.000000000000000000e+00
1.390770000000000017e+01 7.987900000000000000e-01 0.000000000000000000e+00
1.390779999999999994e+01 8.207330000000000458e-01 0.000000000000000000e+00
1.390770000000000017e+01 7.987900000000000000e-01 0.000000000000000000e+00
1.390779999999999994e+01 8.207330000000000458e-01 0.000000000000000000e+00
1.390770000000000017e+01 7.987900000000000000e-01 0.000000000000000000e+00
1.390770000000000017e+01 7.987900000000000000e-01 0.000000000000000000e+00
