0.4706627813 	2.062782247e-08 	-1.780267207e-11 	-6.526680363e-16 	2.058877461e-08 	3.159399878e-13 	3.924792677e-11
0.4708355793 	2.303464139e-07 	-7.704569979e-10 	-1.775368337e-14 	2.299165554e-07 	1.797056768e-12 	4.382848567e-10
0.4710083775 	1.275802507e-06 	-9.95333362e-09 	-1.56742127e-13 	1.273478515e-06 	5.070863934e-12 	2.427603995e-09
0.4711811759 	4.233632374e-06 	-6.182118587e-08 	-6.89017027e-13 	4.226168707e-06 	7.67269038e-12 	8.056252158e-09
0.4713539745 	1.044660942e-05 	-2.508837809e-07 	-1.947498539e-12 	1.042884749e-05 	5.486920719e-12 	1.988028186e-08
0.4715267733 	2.139791568e-05 	-7.72827143e-07 	-3.911593423e-12 	2.136257363e-05 	-6.168416455e-12 	4.072300276e-08
0.4716995723 	3.866147988e-05 	-1.966575457e-06 	-5.506244626e-12 	3.859797416e-05 	-3.207535856e-11 	7.35784665e-08
0.4718723715 	6.386654633e-05 	-4.35205097e-06 	-3.740928697e-12 	6.375761235e-05 	-7.690068416e-11 	1.215397297e-07
0.4720451709 	9.8659315e-05 	-8.656590319e-06 	7.0833918e-12 	9.847380291e-05 	-1.449789977e-10 	1.877184377e-07
0.4722179705 	0.0001446530017 	-1.582087647e-05 	3.577528298e-11 	0.000144332932 	-2.399362564e-10 	2.751386837e-07
0.4723907703 	0.0002033605042 	-2.697413826e-05 	9.38959924e-11 	0.0002028005967 	-3.640299708e-10 	3.865943029e-07
0.4725635703 	0.0002761066805 	-4.336980974e-05 	1.94358593e-10 	0.0002751256492 	-5.171623644e-10 	5.244659545e-07
0.4727363705 	0.000363921914 	-6.627833153e-05 	3.489539392e-10 	0.0003622273943 	-6.956916804e-10 	6.905060894e-07
0.4729091709 	0.0004674255914 	-9.684386591e-05 	5.65197864e-10 	0.0004645786151 	-8.913988571e-10 	8.856159634e-07
0.4730819714 	0.0005867162263 	-0.0001359247268 	8.433488836e-10 	0.0005821054354 	-1.091141219e-09 	1.109654748e-06
0.4732547721 	0.0007212913564 	-0.000183948747 	1.174676357e-09 	0.0007141290876 	-1.277673132e-09 	1.361328523e-06
0.4734275731 	0.0008700210746 	-0.0002408184034 	1.541822124e-09 	0.0008593704834 	-1.431754992e-09 	1.638198991e-06
0.4736003742 	0.001031191231 	-0.0003058919397 	1.921379654e-09 	0.001016025581 	-1.53513706e-09 	1.936827147e-06
0.4737731754 	0.001202616559 	-0.0003780473048 	2.287938593e-09 	0.00118190259 	-1.573593456e-09 	2.253034829e-06
0.4739459769 	0.001381806091 	-0.0004558130751 	2.61830098e-09 	0.001354597341 	-1.539159728e-09 	2.582239022e-06
0.4741187785 	0.001566161225 	-0.0005375321261 	2.89461391e-09 	0.0015316566 	-1.430872444e-09 	2.919763181e-06
0.4742915803 	0.001753309271 	-0.0006220331456 	3.128440976e-09 	0.001710802391 	-1.254444253e-09 	3.26126485e-06
0.4744643823 	0.001938387939 	-0.0006991464449 	3.062408881e-09 	0.001889132781 	-1.090094637e-09 	3.601212137e-06
0.4746371844 	0.002119482282 	-0.0007659310783 	3.003291042e-09 	0.002065384596 	-1.02633438e-09 	3.937197083e-06
0.4748099867 	0.002298574795 	-0.0008306599007 	3.235593141e-09 	0.0022399462 	-1.017826589e-09 	4.269960019e-06
0.4749827891 	0.002475403652 	-0.0008945670686 	3.463225137e-09 	0.002412288979 	-1.006094701e-09 	4.598493256e-06
0.4751555917 	0.002649292283 	-0.0009574149254 	3.684797013e-09 	0.002581780077 	-9.897919444e-10 	4.921590396e-06
0.4753283945 	0.002819683194 	-0.001019001366 	3.899184538e-09 	0.002747873788 	-9.683116307e-10 	5.238211171e-06
0.4755011974 	0.002986124755 	-0.001079162375 	4.105810849e-09 	0.002910126906 	-9.423826221e-10 	5.54751071e-06
0.4756740004 	0.003148261033 	-0.001137768961 	4.30449017e-09 	0.003068191179 	-9.132726568e-10 	5.848825147e-06
0.4758468036 	0.003327305444 	-0.001202488471 	4.523776765e-09 	0.003242745475 	-8.822457179e-10 	6.18157415e-06
0.4761153003 	0.003542144182 	-0.001280149667 	4.778141441e-09 	0.003452210844 	-8.358702757e-10 	6.58087336e-06
0.4763888437 	0.003769487369 	-0.001362336649 	5.047428535e-09 	0.00367389268 	-7.920688062e-10 	7.003460554e-06
0.4766675287 	0.003988248101 	-0.001441426983 	5.306772186e-09 	0.003887231265 	-7.595304827e-10 	7.410143191e-06
0.4769514519 	0.004197916781 	-0.001517236651 	5.558638574e-09 	0.004091726625 	-7.45509215e-10 	7.799968184e-06
0.4772407118 	0.004398172752 	-0.001589652568 	5.805351219e-09 	0.004287066686 	-7.557082407e-10 	8.172340631e-06
0.4775354087 	0.004588856227 	-0.001658623244 	6.048774886e-09 	0.004473095801 	-7.941050321e-10 	8.526963829e-06
0.4778356448 	0.004769939143 	-0.001724151199 	6.289998851e-09 	0.004649785876 	-8.625242445e-10 	8.863784222e-06
0.4781415242 	0.004941498088 	-0.001786287813 	6.52917168e-09 	0.004817210648 	-9.602311254e-10 	9.182942369e-06
0.4784531529 	0.005103690654 	-0.001845130557 	6.765643192e-09 	0.004975522861 	-1.083869514e-09 	9.484729448e-06
0.478770639 	0.005256736112 	-0.001900822616 	6.998511459e-09 	0.005124935444 	-1.227956972e-09 	9.769551359e-06
0.4790940926 	0.005400903998 	-0.001953382976 	7.153898406e-09 	0.005265708109 	-1.387415801e-09 	1.003790318e-05
0.4794236259 	0.005536511328 	-0.002002508451 	7.332504472e-09 	0.005398142148 	-1.561390398e-09 	1.029035927e-05
0.4797593531 	0.005663906426 	-0.002048375942 	7.598877418e-09 	0.005522575917 	-1.738618288e-09 	1.052756462e-05
0.4801013905 	0.005783437402 	-0.00209145562 	7.844295026e-09 	0.005639351852 	-1.901986889e-09 	1.075017201e-05
0.4804498569 	0.005895442699 	-0.002131856898 	8.067264063e-09 	0.005748798073 	-2.042727583e-09 	1.095880692e-05
0.480804873 	0.006000256749 	-0.002169690778 	8.266395402e-09 	0.00585123841 	-2.153762836e-09 	1.115408668e-05
0.4811665619 	0.006098208065 	-0.00220506865 	8.440242671e-09 	0.005946991742 	-2.228641329e-09 	1.133661914e-05
0.4815350489 	0.006189643891 	-0.00223811048 	8.581558947e-09 	0.006036395667 	-2.245788121e-09 	1.150704787e-05
0.4819109242 	0.006274910259 	-0.002268936681 	8.682604301e-09 	0.006119785028 	-2.183930744e-09 	1.166601117e-05
0.4822941986 	0.006354280465 	-0.002297642457 	8.747328214e-09 	0.006197424029 	-2.053261456e-09 	1.181401268e-05
0.482684677 	0.006427986947 	-0.002324309315 	8.784786363e-09 	0.006269538421 	-1.8772853e-09 	1.195148276e-05
0.4830824948 	0.006496279933 	-0.002349025638 	8.797877697e-09 	0.006336371026 	-1.663418726e-09 	1.207888428e-05
0.4834877901 	0.006559411006 	-0.002371880638 	8.785985801e-09 	0.006398165687 	-1.409607725e-09 	1.219668208e-05
0.4839007033 	0.006617614621 	-0.002392957707 	8.748652192e-09 	0.00645514975 	-1.114154797e-09 	1.230530954e-05
0.4843213776 	0.00667110804 	-0.002412334305 	8.685547433e-09 	0.006507533925 	-7.756820603e-10 	1.240516834e-05
0.484749959 	0.006720091871 	-0.002430082073 	8.596457464e-09 	0.006555512731 	-3.931184231e-10 	1.249662928e-05
0.485186596 	0.006764751451 	-0.002446267306 	8.481305633e-09 	0.006599265893 	3.424303355e-11 	1.258003496e-05
0.48563144 	0.00680526064 	-0.002460952293 	8.341683122e-09 	0.006638962096 	5.026097867e-10 	1.265570696e-05
0.4860846455 	0.006841804012 	-0.002474203229 	8.179449258e-09 	0.006674780509 	1.007569234e-09 	1.272398681e-05
0.4865463694 	0.006874574885 	-0.002486089475 	7.99398059e-09 	0.00670690884 	1.551542721e-09 	1.278523234e-05
0.4870167719 	0.006903738653 	-0.00249667044 	7.784611721e-09 	0.006735507731 	2.136991358e-09 	1.283974977e-05
0.4874960162 	0.006929433528 	-0.002505995831 	7.551845858e-09 	0.006760711424 	2.763094489e-09 	1.288779502e-05
0.4879842685 	0.006951786968 	-0.002514111492 	7.296274936e-09 	0.006782643666 	3.42873567e-09 	1.292960397e-05
0.488481698 	0.006970916295 	-0.002521059629 	7.018576858e-09 	0.006801418354 	4.132526711e-09 	1.296539374e-05
0.4889884774 	0.006986929267 	-0.002526879029 	6.719511779e-09 	0.006817140127 	4.872837577e-09 	1.299536381e-05
0.4895047822 	0.006999924631 	-0.002531605244 	6.399918259e-09 	0.006829904901 	5.647821479e-09 	1.301969702e-05
0.4900307917 	0.007009992653 	-0.00253527079 	6.060706403e-09 	0.006839800386 	6.4554476e-09 	1.303856056e-05
0.4905666881 	0.007017215652 	-0.002537905315 	5.702854805e-09 	0.006846906544 	7.293504906e-09 	1.305210687e-05
0.4911126574 	0.007021668555 	-0.002539535741 	5.3274224e-09 	0.006851295898 	8.159520546e-09 	1.30604742e-05
0.4916688889 	0.007023419135 	-0.002540186513 	4.935465798e-09 	0.0068530344 	9.051161786e-09 	1.306378827e-05
0.4922355755 	0.007022527828 	-0.002539879767 	4.52796331e-09 	0.00685218218 	9.96660062e-09 	1.30621637e-05
0.4928132114 	0.007019046683 	-0.002538633985 	4.107300596e-09 	0.006848788745 	1.089900956e-08 	1.305569487e-05
0.4934025382 	0.007013019243 	-0.00253646453 	3.676918431e-09 	0.006842895083 	1.183864598e-08 	1.304445991e-05
0.4940029419 	0.007004487629 	-0.002533386893 	3.236186159e-09 	0.006834543332 	1.278950195e-08 	1.302853915e-05
0.4946146306 	0.006993492417 	-0.002529415742 	2.785906999e-09 	0.006823773146 	1.374990625e-08 	1.300800819e-05
0.4952378166 	0.006980067809 	-0.002524563337 	2.327018991e-09 	0.006810617513 	1.471786449e-08 	1.298292989e-05
0.4958727159 	0.006964243331 	-0.002518840306 	1.860395274e-09 	0.00679510508 	1.569163876e-08 	1.295335889e-05
0.4965195487 	0.006946044153 	-0.002512255725 	1.386862284e-09 	0.006777260335 	1.666963627e-08 	1.291934184e-05
0.4971785393 	0.00692549138 	-0.002504817198 	9.072044219e-10 	0.006757103796 	1.765037327e-08 	1.288091787e-05
0.4978499162 	0.006902602303 	-0.002496530955 	4.221587456e-10 	0.006734652271 	1.863249676e-08 	1.283811903e-05
0.4985339123 	0.006877390653 	-0.002487401942 	-6.758590184e-11 	0.006709919115 	1.96147897e-08 	1.279097076e-05
0.4992307647 	0.006849866847 	-0.002477433915 	-5.613876768e-10 	0.006682914474 	2.059617076e-08 	1.273949241e-05
0.4999407151 	0.006820038229 	-0.002466629529 	-1.05865036e-09 	0.006653645551 	2.157569715e-08 	1.268369771e-05
0.5006640096 	0.006787909315 	-0.00245499042 	-1.558812686e-09 	0.006622116791 	2.255252366e-08 	1.262359513e-05
0.5014008992 	0.006753482097 	-0.00244251721 	-2.061309687e-09 	0.006588329802 	2.352571581e-08 	1.255918773e-05
0.5021516393 	0.006716755977 	-0.002429209583 	-2.565611739e-09 	0.006552283662 	2.449445147e-08 	1.249047377e-05
0.5029164903 	0.006677723415 	-0.002415065694 	-3.071138789e-09 	0.006513974497 	2.545853979e-08 	1.241744586e-05
0.503695936 	0.00663635678 	-0.002400076451 	-3.574288614e-09 	0.006473378909 	2.640872821e-08 	1.234005938e-05
0.5044912129 	0.006592629608 	-0.002384230458 	-4.069138686e-09 	0.006430464125 	2.73258061e-08 	1.225825188e-05
0.5053014374 	0.006540512642 	-0.002365338804 	-4.62860166e-09 	0.006379298124 	2.837733826e-08 	1.216071526e-05
0.5065452568 	0.006472966643 	-0.00234085299 	-5.292762554e-09 	0.006312983853 	2.954398936e-08 	1.203430183e-05
0.5078029565 	0.006395262394 	-0.002312688395 	-6.012907173e-09 	0.006236715631 	3.084203821e-08 	1.18889134e-05
0.5090746915 	0.006313590536 	-0.002283086133 	-6.717795208e-09 	0.006156559737 	3.210373727e-08 	1.173611399e-05
0.5103606185 	0.006228080871 	-0.002252091222 	-7.405372795e-09 	0.006072635953 	3.332167951e-08 	1.157613193e-05
0.5116608957 	0.00613884213 	-0.002219744492 	-8.075013446e-09 	0.005985056586 	3.449658913e-08 	1.140918131e-05
0.5129756833 	0.006045967746 	-0.002186081569 	-8.72609981e-09 	0.005893920143 	3.562950698e-08 	1.123544992e-05
0.5143051433 	0.005949504654 	-0.002151119784 	-9.352919981e-09 	0.005799273904 	3.670596098e-08 	1.105502789e-05
0.5156513952 	0.005849481557 	-0.002114869556 	-9.944583886e-09 	0.005701145886 	3.769560242e-08 	1.086796861e-05
0.5170128819 	0.005745989583 	-0.002077365337 	-1.050811101e-08 	0.005599630681 	3.862125797e-08 	1.067445241e-05
0.5183895608 	0.00563912497 	-0.002038642885 	-1.104742954e-08 	0.005494825823 	3.949474795e-08 	1.047466523e-05
0.5197816015 	0.005528943474 	-0.001998723092 	-1.156168245e-08 	0.00538678823 	4.031464263e-08 	1.026871555e-05
0.5211891754 	0.005415491215 	-0.00195762348 	-1.204963017e-08 	0.00527556577 	4.107842718e-08 	1.005669463e-05
0.5226124558 	0.005298808021 	-0.00191535936 	-1.251023468e-08 	0.005161200401 	4.178412294e-08 	9.838682446e-06
0.5240516179 	0.005178917402 	-0.001871940602 	-1.294203607e-08 	0.005043719976 	4.242873181e-08 	9.614732104e-06
0.5255072092 	0.005055794502 	-0.001827358611 	-1.333906773e-08 	0.004923101572 	4.299600986e-08 	9.384799903e-06
0.5269808209 	0.004929410939 	-0.001781603562 	-1.369545367e-08 	0.004799319385 	4.346961554e-08 	9.14883665e-06
0.5284708748 	0.00479979283 	-0.001734686201 	-1.402108269e-08 	0.004672405013 	4.387811543e-08 	8.906902582e-06
0.5299775543 	0.004666933561 	-0.001686604515 	-1.432049431e-08 	0.004542355765 	4.423326348e-08 	8.65899257e-06
0.5315010449 	0.004530759495 	-0.001637331986 	-1.459422096e-08 	0.004409103888 	4.453554459e-08 	8.404977458e-06
0.5330415342 	0.004391174695 	-0.001586834564 	-1.48408523e-08 	0.004272563797 	4.477993437e-08 	8.144694095e-06
0.5345992119 	0.004248423556 	-0.001535204265 	-1.498722376e-08 	0.004132987457 	4.477246828e-08 	7.878622798e-06
0.5361744585 	0.004103380093 	-0.001482763705 	-1.495269862e-08 	0.003991238188 	4.429973147e-08 	7.608409294e-06
0.5377691979 	0.003957019628 	-0.001429872617 	-1.477487984e-08 	0.003848278841 	4.346049214e-08 	7.335889044e-06
0.5393817296 	0.003810042747 	-0.001376789284 	-1.450507516e-08 	0.003704807348 	4.239150456e-08 	7.062392503e-06
0.5410122523 	0.003663049905 	-0.00132373199 	-1.414290289e-08 	0.003561416437 	4.109008015e-08 	6.789049574e-06
0.5426609666 	0.003516657208 	-0.001270921838 	-1.369218956e-08 	0.003418707956 	3.95633423e-08 	6.517007545e-06
0.5443280756 	0.003371545539 	-0.001218601039 	-1.315351298e-08 	0.003277343362 	3.780881778e-08 	6.247527339e-06
0.5460137845 	0.003228505397 	-0.00116704828 	-1.252565618e-08 	0.003138081715 	3.581937478e-08 	5.982055933e-06
0.5477194288 	0.003088509642 	-0.001116605199 	-1.180771088e-08 	0.003001846545 	3.359038548e-08 	5.722353834e-06
0.5494450171 	0.002952798454 	-0.001067711494 	-1.101416611e-08 	0.002869820167 	3.11622513e-08 	5.470674863e-06
0.5511898565 	0.002822767006 	-0.001020870267 	-1.017287811e-08 	0.002743355447 	2.861316098e-08 	5.229597958e-06
0.5529541618 	0.002699662506 	-0.0009765139945 	-9.318588639e-09 	0.002623596535 	2.60426024e-08 	5.001304186e-06
0.5547381503 	0.002584057601 	-0.0009348383581 	-8.490346974e-09 	0.00251108618 	2.356527709e-08 	4.786828179e-06
0.5565420416 	0.002472517329 	-0.0008868718269 	-8.029258074e-09 	0.002404191689 	2.132999007e-08 	4.58305757e-06
0.5583670057 	0.002363849382 	-0.0008342733048 	-7.252319108e-09 	0.002301372759 	1.927874373e-08 	4.387056112e-06
0.5602133451 	0.002259954557 	-0.0007858279477 	-6.176750877e-09 	0.00220266336 	1.731615275e-08 	4.198888563e-06
0.5620802817 	0.002160339164 	-0.0007389852991 	-5.437580026e-09 	0.002108024981 	1.54479663e-08 	4.018481508e-06
0.5639680453 	0.00206501519 	-0.000693082311 	-4.777313152e-09 	0.002017653877 	1.36513e-08 	3.846209068e-06
0.5658768684 	0.001974248232 	-0.0006481752121 	-4.177668247e-09 	0.001931750585 	1.193580327e-08 	3.682453517e-06
0.567806986 	0.00188827741 	-0.0006043349867 	-3.62752929e-09 	0.001850524338 	1.030561745e-08 	3.527613714e-06
0.5697601668 	0.001807325567 	-0.0005616298683 	-3.11860885e-09 	0.001774173623 	8.764994218e-09 	3.382068032e-06
0.571735477 	0.001731624542 	-0.000520140025 	-2.649681577e-09 	0.00170289984 	7.330593231e-09 	3.246200391e-06
0.5737328224 	0.001661368974 	-0.0004799388476 	-2.219713563e-09 	0.001636864685 	6.014055311e-09 	3.120319033e-06
0.5757524488 	0.001596684287 	-0.0004410790124 	-1.827781147e-09 	0.001576164244 	4.823630347e-09 	3.004607121e-06
0.5777946049 	0.001537625174 	-0.0004035929044 	-1.473411827e-09 	0.001520827973 	3.765315279e-09 	2.89912081e-06
0.5798604356 	0.001484175245 	-0.0003674933328 	-1.156076652e-09 	0.001470819234 	2.841837832e-09 	2.803790253e-06
0.581950188 	0.001436260521 	-0.000332784772 	-8.768307301e-10 	0.00142605116 	2.056655125e-09 	2.718449861e-06
0.5840632515 	0.001393743189 	-0.0002994626311 	-6.367515918e-10 	0.001386380381 	1.410211547e-09 	2.642826331e-06
0.5861998861 	0.001356408092 	-0.0002675041977 	-4.356626576e-10 	0.00135159538 	8.978119723e-10 	2.576516451e-06
0.5883603551 	0.001323970636 	-0.0002368707574 	-2.728624087e-10 	0.001321424007 	5.116531373e-10 	2.519001428e-06
0.5905457595 	0.001296096663 	-0.0002075166868 	-1.47394726e-10 	0.0012955526 	2.413859731e-10 	2.469683335e-06
0.5927563685 	0.001272431297 	-0.0001794033068 	-5.905157752e-11 	0.001273656108 	7.611799181e-11 	2.427942536e-06
0.5949916363 	0.001252627421 	-0.0001525003969 	-7.601634619e-12 	0.001255424328 	4.605708291e-12 	2.393187696e-06
0.5956145471 	0.001248147602 	-0.000145422759 	3.159794791e-07 	0.001251334638 	-2.359401537e-07 	2.38539161e-06
0.597251833 	0.001236373082 	-0.0001268196103 	-1.615695268e-11 	0.001240585581 	-1.021599587e-11 	2.364900921e-06
0.5995372403 	0.001223468984 	-0.0001022604238 	-7.675674975e-12 	0.001228965597 	-9.195135394e-11 	2.342750002e-06
0.6018493437 	0.001213768265 	-7.856545772e-05 	3.03864564e-11 	0.001220409558 	-2.444116832e-10 	2.326439812e-06
0.6041875845 	0.001206990892 	-5.562310458e-05 	9.776680952e-11 	0.001214621477 	-4.519747495e-10 	2.315406121e-06
0.6065519077 	0.001202757818 	-3.343880736e-05 	1.934018313e-10 	0.001211223786 	-6.999301357e-10 	2.308929178e-06
0.6089426045 	0.001200718098 	-1.19692375e-05 	3.130958993e-10 	0.001209875513 	-9.777021626e-10 	2.306358995e-06
0.6113603927 	0.001200575267 	8.845472306e-06 	4.540626448e-10 	0.001210288033 	-1.277189435e-09 	2.307145372e-06
0.6138061608 	0.001202079753 	2.905836449e-05 	6.135763e-10 	0.001212217763 	-1.591536442e-09 	2.310823975e-06
0.6162792104 	0.001205019941 	4.871260843e-05 	7.885220233e-10 	0.001215457371 	-1.914388484e-09 	2.316999568e-06
0.6187798463 	0.001209215565 	6.784742073e-05 	9.761765891e-10 	0.001219829797 	-2.241326767e-09 	2.325334627e-06
0.6213084247 	0.001214514196 	8.650168853e-05 	1.174241232e-09 	0.001225184039 	-2.568925207e-09 	2.335541301e-06
0.6238664781 	0.001220785789 	0.0001047098908 	1.380736363e-09 	0.0012313917 	-2.894753607e-09 	2.347374827e-06
0.6264530657 	0.00122791705 	0.0001224981177 	1.592713476e-09 	0.001238341419 	-3.21496014e-09 	2.360622925e-06
0.6290685061 	0.001235810054 	0.0001398897262 	1.807973705e-09 	0.001245936475 	-3.527773902e-09 	2.375101211e-06
0.6317131215 	0.001244381773 	0.000156909124 	2.024785631e-09 	0.001254094465 	-3.831758932e-09 	2.390652609e-06
0.6343884117 	0.001253560193 	0.0001735781119 	2.24172145e-09 	0.00126274492 	-4.126080115e-09 	2.40714278e-06
0.6370935724 	0.001263280252 	0.0001899124624 	2.456215157e-09 	0.001271825312 	-4.40805119e-09 	2.424452531e-06
0.6398289089 	0.001273485053 	0.0002059265064 	2.66663297e-09 	0.001281280385 	-4.677030112e-09 	2.442476528e-06
0.642594864 	0.001284126255 	0.0002216357688 	2.871831092e-09 	0.001291063696 	-4.932489304e-09 	2.461126238e-06
0.6453926582 	0.001295160985 	0.0002370539178 	3.070573574e-09 	0.001301135288 	-5.173746169e-09 	2.48032549e-06
0.6482216616 	0.001306549146 	0.0002521905728 	3.260849671e-09 	0.001311458758 	-5.398912879e-09 	2.500004894e-06
0.6510822229 	0.001318255883 	0.0002670551344 	3.441615722e-09 	0.001322001711 	-5.607869918e-09 	2.520102692e-06
0.6539750699 	0.001330251283 	0.000281657751 	3.612271722e-09 	0.001332737782 	-5.800518966e-09 	2.540568628e-06
0.6569007941 	0.001342507803 	0.0002960067298 	3.771435368e-09 	0.001343643738 	-5.975558279e-09 	2.561358411e-06
0.6598591553 	0.001354999648 	0.000310108285 	3.917913271e-09 	0.001354697892 	-6.132116533e-09 	2.5824307e-06
0.6628505183 	0.001367704978 	0.0003239692507 	4.051238319e-09 	0.001365881825 	-6.27022797e-09 	2.603750386e-06
0.6658759722 	0.00138060469 	0.0003375965848 	4.17104932e-09 	0.001377181101 	-6.389744094e-09 	2.625289947e-06
0.6689353345 	0.001393680107 	0.0003509951844 	4.275981173e-09 	0.001388582222 	-6.488987767e-09 	2.647023651e-06
0.6720288258 	0.001406915133 	0.0003641697447 	4.365702634e-09 	0.001400072606 	-6.568095762e-09 	2.668927517e-06
0.6751571363 	0.001420296218 	0.0003771256051 	4.440273439e-09 	0.001411643516 	-6.6271893e-09 	2.690984888e-06
0.6783208177 	0.001433810927 	0.000389867414 	4.498810769e-09 	0.001423287753 	-6.665038777e-09 	2.713182039e-06
0.6815197924 	0.001447447933 	0.000402398873 	4.540922579e-09 	0.001434998115 	-6.681309562e-09 	2.735505245e-06
0.6847545243 	0.001461198355 	0.0004147243062 	4.566892296e-09 	0.001446770053 	-6.676355998e-09 	2.75794583e-06
0.6880259633 	0.001475054944 	0.0004268482318 	4.576433063e-09 	0.001458601471 	-6.649609437e-09 	2.780499802e-06
0.6913338986 	0.001489010902 	0.0004387740689 	4.56904422e-09 	0.001470490073 	-6.600301512e-09 	2.803162781e-06
0.6946787382 	0.001503061923 	0.0004505058242 	4.545182724e-09 	0.001482435285 	-6.529060302e-09 	2.825933675e-06
0.6980614523 	0.001517205508 	0.0004620480466 	4.50498919e-09 	0.001494439651 	-6.435808202e-09 	2.848817333e-06
0.7014819514 	0.001531439842 	0.0004734045301 	4.447952031e-09 	0.00150650577 	-6.319719858e-09 	2.87181871e-06
0.7049406118 	0.001545765606 	0.0004845795672 	4.37466028e-09 	0.00151863764 	-6.181693094e-09 	2.894945426e-06
0.7084383096 	0.001560185357 	0.0004955780452 	4.285397757e-09 	0.001530842703 	-6.021956053e-09 	2.918211667e-06
0.7119751059 	0.001574702945 	0.0005064044773 	4.179676436e-09 	0.001543128915 	-5.839975616e-09 	2.941632603e-06
0.7155513621 	0.001589324829 	0.0005170638039 	4.058059534e-09 	0.001555505966 	-5.636936145e-09 	2.965226701e-06
0.7191679237 	0.001604059511 	0.0005275614321 	3.920578587e-09 	0.0015679873 	-5.413296206e-09 	2.989019593e-06
0.7228248847 	0.001618917256 	0.0005379023111 	3.766410438e-09 	0.001580587397 	-5.16897079e-09 	3.01303888e-06
0.726522657 	0.001633910811 	0.0005480913437 	3.595415318e-09 	0.001593323669 	-4.905435686e-09 	3.037317754e-06
0.7302620662 	0.001649054826 	0.000558132847 	3.406023308e-09 	0.001606217804 	-4.623115576e-09 	3.06189756e-06
0.7340431982 	0.001664324505 	0.0005680021026 	3.195426481e-09 	0.00161925776 	-4.322694553e-09 	3.08675534e-06
0.7378244042 	0.001679605851 	0.0005776177199 	2.962473356e-09 	0.001632358572 	-4.009109064e-09 	3.111729129e-06
0.7415641218 	0.001694781882 	0.000586901028 	2.703332293e-09 	0.001645438042 	-3.686237698e-09 	3.136662233e-06
0.7452625656 	0.001709818444 	0.0005958222734 	2.409550125e-09 	0.001658489939 	-3.355840551e-09 	3.161542776e-06
0.7489202967 	0.001724709982 	0.0006043579841 	2.069069849e-09 	0.00167154685 	-3.017820105e-09 	3.186432878e-06
0.7525378085 	0.001739428706 	0.0006124578118 	1.668694693e-09 	0.00168465354 	-2.662610655e-09 	3.211417872e-06
0.7561153968 	0.001753932852 	0.0006200474495 	1.213202679e-09 	0.001697848516 	-2.304319096e-09 	3.236571164e-06
0.7596536012 	0.001768254211 	0.0006271083648 	7.708732994e-10 	0.001711116878 	-1.997455122e-09 	3.26186435e-06
0.7631528582 	0.001782441391 	0.0006333466669 	1.439137447e-10 	0.001724350296 	-1.797389956e-09 	3.287090922e-06
0.7666134977 	0.001796637638 	0.000638757299 	-3.399030927e-10 	0.001737489763 	-1.625016853e-09 	3.312138399e-06
0.7700360208 	0.001811056762 	0.000643937563 	-3.776782684e-10 	0.001750636648 	-1.378191954e-09 	3.337200015e-06
0.7734208538 	0.00182574597 	0.0006491881929 	-2.816601657e-10 	0.001763931363 	-1.07167722e-09 	3.362543437e-06
0.7767683331 	0.001840689544 	0.0006545277085 	-1.920471375e-10 	0.001777466617 	-7.53052876e-10 	3.388345394e-06
0.7800789143 	0.001855908875 	0.0006599691633 	-1.11103943e-10 	0.001791290813 	-4.487912429e-10 	3.414698153e-06
0.7833530369 	0.001871438815 	0.0006655244983 	-3.944791366e-11 	0.001805436889 	-1.646488692e-10 	3.441664505e-06
0.7853498442 	0.001881230501 	0.0006690285331 	4.88782926e-08 	0.001814379635 	1.174163411e-07 	3.458711864e-06
0.7865910269 	0.00188731708 	0.0006712066018 	-2.373743746e-11 	0.001819938282 	-1.030752444e-10 	3.469308192e-06
0.7897932947 	0.001903583816 	0.0006770296764 	-7.840146754e-11 	0.001834830893 	-3.552476745e-10 	3.497697647e-06
0.7929603021 	0.001920282903 	0.0006830093606 	-1.218033467e-10 	0.001850152728 	-5.808829735e-10 	3.526905323e-06
0.796092361 	0.00193746342 	0.0006891628837 	-1.530866569e-10 	0.001865944024 	-7.776016139e-10 	3.557007921e-06
0.7991898574 	0.001955180096 	0.0006955097539 	-1.711750739e-10 	0.001882250118 	-9.420500053e-10 	3.588091868e-06
0.8022532251 	0.001973493282 	0.0007020721288 	-1.749052162e-10 	0.001899123927 	-1.070440114e-09 	3.620258039e-06
0.8052828028 	0.001992468533 	0.0007088746738 	-1.630557826e-10 	0.001916626993 	-1.158715823e-09 	3.653623748e-06
0.8082789493 	0.002012176274 	0.0007159443618 	-1.343137822e-10 	0.001934830168 	-1.202222195e-09 	3.688324058e-06
0.8112420487 	0.002032691123 	0.0007233101271 	-8.743772597e-11 	0.001953813427 	-1.196547758e-09 	3.724511427e-06
0.8141724845 	0.002054091225 	0.0007310019756 	-2.134132427e-11 	0.00197366303 	-1.138140391e-09 	3.762350286e-06
0.8170705834 	0.002076457196 	0.0007390500987 	6.49313799e-11 	0.00199446813 	-1.023959692e-09 	3.802010589e-06
0.8199367024 	0.002099870959 	0.0007474842007 	1.721709171e-10 	0.002016317637 	-8.516357e-10 	3.843661822e-06
0.8227712189 	0.002124414283 	0.0007563328734 	3.010345517e-10 	0.002039297073 	-6.194702183e-10 	3.887467015e-06
0.8255744682 	0.00215016711 	0.0007656230591 	4.521262273e-10 	0.002063485838 	-3.262050543e-10 	3.933577523e-06
0.8283467843 	0.002177205372 	0.0007753795889 	6.258030022e-10 	0.00208895512 	2.886305352e-11 	3.982129053e-06
0.8310885089 	0.002205595165 	0.0007856235989 	8.216187809e-10 	0.002115763285 	4.442568806e-10 	4.033232867e-06
0.8338000025 	0.002235382746 	0.0007963692977 	1.038045368e-09 	0.002143947161 	9.154985007e-10 	4.086959168e-06
0.8364815777 	0.002266591646 	0.0008076232024 	1.273646379e-09 	0.002173520583 	1.438453363e-09 	4.14333433e-06
0.8391335626 	0.002299236591 	0.0008193893019 	1.528501267e-09 	0.002204489422 	2.013437919e-09 	4.202369544e-06
0.841756284 	0.002333341481 	0.0008316755848 	1.80409547e-09 	0.00223687038 	2.64476434e-09 	4.26409665e-06
0.8443500818 	0.002368946281 	0.0008444964257 	2.102314456e-09 	0.002270698212 	3.337819492e-09 	4.328581899e-06
0.8469152583 	0.002406105277 	0.0008578717987 	2.424880283e-09 	0.002306023921 	4.097559831e-09 	4.39592252e-06
0.8494521292 	0.002444884125 	0.0008718260473 	2.773186065e-09 	0.002342911454 	4.92814509e-09 	4.46624041e-06
0.8519610068 	0.002485357489 	0.0008863868553 	3.148392589e-09 	0.002381434738 	5.833067677e-09 	4.539676496e-06
0.8544422104 	0.00252760685 	0.0009015843106 	3.551501172e-09 	0.002421674909 	6.815261451e-09 	4.616385447e-06
0.8568960364 	0.002571718347 	0.0009174500171 	3.983325547e-09 	0.002463717672 	7.877045287e-09 	4.696530637e-06
0.8593227856 	0.002617780625 	0.0009340163113 	4.444267482e-09 	0.00250765102 	9.019670522e-09 	4.78027981e-06
0.8617227567 	0.002665882545 	0.0009513154556 	4.934384645e-09 	0.002553562946 	1.02433863e-08 	4.867800701e-06
0.8640962496 	0.002716110594 	0.0009693787492 	5.453363383e-09 	0.002601538959 	1.154732417e-08 	4.959256317e-06
0.8664435555 	0.002768546107 	0.000988235563 	6.000573385e-09 	0.002651659433 	1.292957743e-08 	5.054799869e-06
0.8687649599 	0.002823262433 	0.001007912364 	6.574701696e-09 	0.002703996945 	1.438641394e-08 	5.154569714e-06
0.8710607488 	0.002880322051 	0.001028431744 	7.173819257e-09 	0.002758613668 	1.591238911e-08 	5.258684367e-06
0.8733312048 	0.002939773724 	0.001049811403 	7.795356201e-09 	0.002815558593 	1.750026455e-08 	5.367237223e-06
0.8755766123 	0.003001649652 	0.00107206315 	8.436230741e-09 	0.002874864847 	1.914130932e-08 	5.480291426e-06
0.8777972426 	0.003065962835 	0.001095191949 	9.092707869e-09 	0.002936547074 	2.082501128e-08 	5.597874895e-06
0.8799933693 	0.003132704871 	0.001119195139 	9.760320498e-09 	0.003000599377 	2.25389416e-08 	5.719976385e-06
0.8821652628 	0.003201844194 	0.001144061795 	1.043404914e-08 	0.003066993548 	2.426918942e-08 	5.84654213e-06
0.8843131913 	0.003273324749 	0.001169772245 	1.110841828e-08 	0.003135677808 	2.600062947e-08 	5.977473419e-06
0.8864374205 	0.003347065228 	0.001196297785 	1.177777539e-08 	0.003206576023 	2.771761684e-08 	6.112625122e-06
0.8885382098 	0.003422958893 	0.001223600601 	1.243611635e-08 	0.003279587493 	2.940363662e-08 	6.251805277e-06
0.8906158179 	0.003500873995 	0.001251633934 	1.307724729e-08 	0.003354587429 	3.104173384e-08 	6.394775998e-06
0.8926705004 	0.003580654776 	0.001280342409 	1.369497679e-08 	0.003431427809 	3.261499092e-08 	6.54125512e-06
0.8947025109 	0.003662122897 	0.001309662554 	1.428325781e-08 	0.00350993879 	3.410691199e-08 	6.690918871e-06
0.8967121004 	0.003745079365 	0.001339523478 	1.483647732e-08 	0.003589930482 	3.550214976e-08 	6.843405268e-06
0.8986995148 	0.003829306892 	0.001369847696 	1.534931669e-08 	0.003671195141 	3.678623653e-08 	6.998318295e-06
0.900664999 	0.003914572607 	0.001400552111 	1.581687684e-08 	0.003753509764 	3.794595162e-08 	7.155232845e-06
0.9026087948 	0.004000630808 	0.001431548972 	1.623476748e-08 	0.003836638612 	3.896955786e-08 	7.313699533e-06
0.9045311417 	0.004087225058 	0.001462746618 	1.659897576e-08 	0.003920335164 	3.984646494e-08 	7.473248424e-06
0.9064322771 	0.004174088405 	0.001494049535 	1.690549172e-08 	0.004004342208 	4.056617179e-08 	7.633389198e-06
0.9083124343 	0.00426094136 	0.001525357551 	1.715034528e-08 	0.004088389619 	4.111841445e-08 	7.793606922e-06
0.9101718447 	0.004347486225 	0.001556563799 	1.73247656e-08 	0.004172188946 	4.148040806e-08 	7.953351732e-06
0.9120107372 	0.004433411249 	0.001587556287 	1.74297527e-08 	0.004255437955 	4.165580687e-08 	8.11204748e-06
0.9138293381 	0.004518461487 	0.001618243297 	1.74880459e-08 	0.004337889069 	4.170648737e-08 	8.26922222e-06
0.9156278716 	0.004602497609 	0.00164857445 	1.751526682e-08 	0.004419405939 	4.167513028e-08 	8.42461603e-06
0.9174065593 	0.004685438458 	0.001678520206 	1.751267309e-08 	0.004499908374 	4.156572032e-08 	8.578076045e-06
0.9191656197 	0.004767205797 	0.001708052095 	1.748104984e-08 	0.00457931924 	4.138071003e-08 	8.729455228e-06
0.9209052695 	0.004847722381 	0.001737142004 	1.742102763e-08 	0.004657562426 	4.112192363e-08 	8.878608486e-06
0.9226257228 	0.004926911574 	0.001765762036 	1.733330145e-08 	0.0047345624 	4.079126614e-08 	9.025391838e-06
0.9243271915 	0.005004697695 	0.00179388464 	1.721871997e-08 	0.00481024455 	4.039106437e-08 	9.169663051e-06
0.926009885 	0.005081006677 	0.001821482849 	1.707832721e-08 	0.004884535796 	3.992422575e-08 	9.311282813e-06
0.9276740106 	0.005155766774 	0.001848530525 	1.691342512e-08 	0.004957365228 	3.939437243e-08 	9.450115952e-06
0.9293197732 	0.005228909175 	0.001875002575 	1.672543904e-08 	0.005028664696 	3.880550232e-08 	9.586032555e-06
0.9309473751 	0.005300368475 	0.001900875127 	1.651589565e-08 	0.0050983693 	3.816191661e-08 	9.718908905e-06
0.9325570169 	0.005370082995 	0.001926125647 	1.628642094e-08 	0.005166417701 	3.746818704e-08 	9.848628069e-06
0.9341488968 	0.005437994934 	0.001950732989 	1.603871013e-08 	0.005232752273 	3.672907707e-08 	9.975080201e-06
0.9357232106 	0.005504050371 	0.001974677401 	1.577450199e-08 	0.005297319127 	3.594947847e-08 	1.009816257e-05
0.9372801523 	0.005568199133 	0.001997940477 	1.549557098e-08 	0.005360067986 	3.513437988e-08 	1.021777934e-05
0.9388199136 	0.005630394542 	0.002020505067 	1.5203712e-08 	0.005420951949 	3.428881696e-08 	1.033384109e-05
0.9403426839 	0.005690593066 	0.002042355151 	1.49006508e-08 	0.005479927155 	3.341766909e-08 	1.044626422e-05
0.9418486508 	0.005748753868 	0.002063475681 	1.458807266e-08 	0.005536952371 	3.252571485e-08 	1.055497014e-05
0.9433379996 	0.005804838287 	0.002083852393 	1.426760888e-08 	0.00559198848 	3.161758751e-08 	1.065988426e-05
0.9448109137 	0.005858809232 	0.002103471591 	1.394082801e-08 	0.005644997908 	3.069775494e-08 	1.076093496e-05
0.9462675745 	0.005910630503 	0.002122319904 	1.36092273e-08 	0.005695943978 	2.977049679e-08 	1.085805233e-05
0.9477081614 	0.005960266037 	0.002140384016 	1.327423497e-08 	0.00574479018 	2.883990202e-08 	1.095116676e-05
0.9491328516 	0.006007679073 	0.002157650367 	1.293720632e-08 	0.005791499369 	2.790985386e-08 	1.104020746e-05
0.9505418206 	0.006052831216 	0.002174104816 	1.259938122e-08 	0.005836032867 	2.698394246e-08 	1.112510069e-05
0.9519352418 	0.0060956814 	0.002189732272 	1.226190603e-08 	0.005878349465 	2.606550866e-08 	1.120576788e-05
0.9533132867 	0.006136184726 	0.002204516268 	1.192583095e-08 	0.005918404291 	2.515763122e-08 	1.128212351e-05
0.9546761252 	0.006174291144 	0.002218438495 	1.159211018e-08 	0.005956147531 	2.426312861e-08 	1.135407262e-05
0.9560239248 	0.006209943985 	0.002231478263 	1.126160092e-08 	0.005991522991 	2.338455317e-08 	1.142150808e-05
0.9573568517 	0.006243078327 	0.002243611902 	1.093506046e-08 	0.00602446646 	2.252417149e-08 	1.148430749e-05
0.9586750698 	0.006273619224 	0.002254812119 	1.061316016e-08 	0.006054903971 	2.168398284e-08 	1.154232984e-05
0.9599787416 	0.006301479902 	0.002265047374 	1.029650071e-08 	0.006082750115 	2.086580704e-08 	1.159541233e-05
0.9612680274 	0.006326560483 	0.002274281285 	9.985590443e-09 	0.006107906256 	2.007112392e-08 	1.164336693e-05
0.962543086 	0.006348748252 	0.002282472254 	9.680589997e-09 	0.006130258934 	1.929976543e-08 	1.168597735e-05
0.9638040745 	0.006366428373 	0.002289020907 	9.412030635e-09 	0.006148166604 	1.862331876e-08 	1.172011434e-05
0.9646254847 	0.006378821655 	0.002293630874 	9.188862612e-09 	0.00616080564 	1.807340343e-08 	1.174420786e-05
0.9654317418 	0.006388235833 	0.002297151101 	9.001241448e-09 	0.006170487938 	1.761514089e-08 	1.176266501e-05
0.9662231253 	0.006396159617 	0.002300133314 	8.818434224e-09 	0.006178722641 	1.717374864e-08 	1.177836264e-05
0.9669999095 	0.006402590383 	0.002302576066 	8.640068242e-09 	0.006185505001 	1.674763327e-08 	1.17912917e-05
0.9677623638 	0.006407521358 	0.002304476852 	8.465933754e-09 	0.006190828036 	1.6336131e-08 	1.180143889e-05
0.9685107524 	0.006410943099 	0.002305832228 	8.295766194e-09 	0.006194682317 	1.59384343e-08 	1.180878622e-05
0.969245335 	0.006412843861 	0.002306637916 	8.129254388e-09 	0.006197056216 	1.555360235e-08 	1.181331153e-05
0.9699663661 	0.006413209591 	0.002306888833 	7.966067064e-09 	0.006197935983 	1.518066444e-08 	1.181498861e-05
0.9706740958 	0.006412023808 	0.002306579038 	7.80585211e-09 	0.006197305599 	1.481860703e-08 	1.181378692e-05
0.9713687694 	0.00640926743 	0.002305701662 	7.648232206e-09 	0.006195146555 	1.446635254e-08 	1.180967118e-05
0.9720506278 	0.00640491855 	0.002304248826 	7.492802969e-09 	0.006191437637 	1.412275177e-08 	1.180260096e-05
0.9727199074 	0.006398952222 	0.002302211559 	7.339132004e-09 	0.006186154703 	1.378658124e-08 	1.179253022e-05
0.9733768402 	0.006391340233 	0.002299579719 	7.186758392e-09 	0.006179270465 	1.345654201e-08 	1.177940694e-05
0.974021654 	0.006382050884 	0.002296341911 	7.035192565e-09 	0.006170754271 	1.313125957e-08 	1.176317271e-05
0.9746545724 	0.006371048769 	0.002292485411 	6.883916598e-09 	0.006160571897 	1.280928491e-08 	1.174376228e-05
0.9752758147 	0.006358294557 	0.002287996083 	6.732384945e-09 	0.006148685326 	1.248909653e-08 	1.172110317e-05
0.9758855965 	0.006343744771 	0.002282858302 	6.580025604e-09 	0.006135052533 	1.216910355e-08 	1.169511528e-05
0.9764841291 	0.006327351553 	0.002277054871 	6.426241778e-09 	0.006119627262 	1.184764996e-08 	1.166571042e-05
0.9770716201 	0.006309062437 	0.002270566933 	6.270414052e-09 	0.006102358796 	1.152302014e-08 	1.163279193e-05
0.977648273 	0.006288820104 	0.002263373888 	6.111903214e-09 	0.00608319172 	1.119344617e-08 	1.159625415e-05
0.9782142879 	0.006266562131 	0.002255453302 	5.950053627e-09 	0.006062065675 	1.085711613e-08 	1.155598204e-05
0.9787698611 	0.006242220731 	0.002246780812 	5.784197683e-09 	0.006038915102 	1.051218473e-08 	1.151185061e-05
0.979315185 	0.006215722489 	0.002237330031 	5.61365986e-09 	0.006013668983 	1.015678461e-08 	1.146372449e-05
0.9798504489 	0.006186988086 	0.002227072451 	5.437762572e-09 	0.00598625057 	9.789041256e-09 	1.141145738e-05
0.9803758383 	0.006155932021 	0.002215977343 	5.255832859e-09 	0.005956577115 	9.407089551e-09 	1.135489153e-05
0.9808915353 	0.006122462329 	0.002204011654 	5.067209978e-09 	0.005924559589 	9.009093388e-09 	1.129385722e-05
0.9813977188 	0.006086480292 	0.002191139916 	4.871254206e-09 	0.005890102418 	8.593268803e-09 	1.122817228e-05
0.9818945642 	0.006047880152 	0.002177324131 	4.667357677e-09 	0.005853103177 	8.157914984e-09 	1.115764144e-05
0.9823822438 	0.006006548795 	0.002162523657 	4.454955533e-09 	0.005813452256 	7.701445656e-09 	1.108205577e-05
0.9828609268 	0.00596235357 	0.002146690875 	4.233860292e-09 	0.005771021153 	7.223293852e-09 	1.100117029e-05
0.983330779 	0.005915138631 	0.002129769891 	4.003398076e-09 	0.005725658954 	6.721573717e-09 	1.091469733e-05
0.9837919634 	0.005864752261 	0.002111706293 	3.761757665e-09 	0.005677218595 	6.19129851e-09 	1.082235654e-05
0.9842446399 	0.00581105579 	0.002092450351 	3.50796843e-09 	0.00562556545 	5.629706765e-09 	1.072389129e-05
0.9846889654 	0.005753906864 	0.002071951061 	3.242264723e-09 	0.005570561275 	5.037262571e-09 	1.061903805e-05
0.985125094 	0.005693152379 	0.002050153644 	2.964988174e-09 	0.005512057415 	4.414713748e-09 	1.050751343e-05
0.9855531769 	0.005628628087 	0.002026999423 	2.676550474e-09 	0.00544989439 	3.762997293e-09 	1.038901343e-05
0.9859733625 	0.005560158768 	0.002002425918 	2.377424654e-09 	0.005383902054 	3.083214895e-09 	1.026321369e-05
0.9863857966 	0.005487558776 	0.001976367086 	2.068159974e-09 	0.005313900127 	2.376673343e-09 	1.012977056e-05
0.986790622 	0.005410632807 	0.001948753656 	1.749409222e-09 	0.005239698925 	1.644959516e-09 	9.98832245e-06
0.9871879793 	0.005329176805 	0.001919513534 	1.421958716e-09 	0.005161100235 	8.900250645e-10 	9.838491501e-06
0.9875780061 	0.005242979046 	0.001888572293 	1.08675425e-09 	0.005077898355 	1.142636591e-10 	9.679885594e-06
0.9879608376 	0.005151821446 	0.001855853787 	7.449198601e-10 	0.004989881368 	-6.794269744e-10 	9.512100752e-06
0.9883366067 	0.005055481218 	0.001821280935 	3.977689848e-10 	0.004896832737 	-1.487598293e-09 	9.3347242e-06
0.9887054436 	0.004953732926 	0.001784776718 	4.68098792e-11 	0.004798533311 	-2.306210365e-09 	9.147338173e-06
0.9890674761 	0.004846350798 	0.001746265375 	-3.062488927e-10 	0.004694763618 	-3.130569511e-09 	8.949524298e-06
0.9894228299 	0.004733110427 	0.001705673512 	-6.594895683e-10 	0.004585305582 	-3.955230931e-09 	8.74086686e-06
0.9897716281 	0.004613785386 	0.001662762493 	-9.976126631e-10 	0.004469939782 	-4.773604404e-09 	8.520947581e-06
0.9901139916 	0.004488152143 	0.001617327043 	-1.34222379e-09 	0.004348449116 	-5.579409682e-09 	8.289352605e-06
0.9904500392 	0.004356011787 	0.001569513194 	-1.698476564e-09 	0.00422063872 	-6.367005567e-09 	8.045710467e-06
0.9907798874 	0.004217202613 	0.001519412956 	-2.036099378e-09 	0.004086350112 	-7.129191173e-09 	7.789719056e-06
0.9911036505 	0.004071601458 	0.001466931102 	-2.355417094e-09 	0.003945463193 	-7.857289285e-09 	7.521149431e-06
0.9914214408 	0.003919130583 	0.001412007517 	-2.655206702e-09 	0.003797901991 	-8.542135941e-09 	7.239856768e-06
0.9917333685 	0.003759769757 	0.001354616092 	-2.933166952e-09 	0.003643646223 	-9.174340715e-09 	6.9458024e-06
0.9920395418 	0.003593571119 	0.001294765455 	-3.186319514e-09 	0.003482745713 	-9.744423282e-09 	6.639081307e-06
0.9923400667 	0.003420675946 	0.001232501512 	-3.411332113e-09 	0.003315336725 	-1.024293903e-08 	6.319953247e-06
0.9926350475 	0.003241332917 	0.00116791162 	-3.604768817e-09 	0.00314165965 	-1.066065419e-08 	5.988876471e-06
0.9929245865 	0.003055917356 	0.001101130024 	-3.763282708e-09 	0.00296207746 	-1.098877647e-08 	5.646542905e-06
0.993208784 	0.002864950296 	0.001032344066 	-3.883773742e-09 	0.00277709459 	-1.12192345e-08 	5.293914141e-06
0.9934877387 	0.002669114826 	0.0009618002143 	-3.963538494e-09 	0.002587374662 	-1.134501442e-08 	4.93225523e-06
0.9937615472 	0.002486453296 	0.0008959985729 	-3.999673267e-09 	0.002410400855 	-1.136534733e-08 	4.594893966e-06
0.9939377693 	0.002335990367 	0.000841793169 	-4.000635657e-09 	0.002264609213 	-1.130862118e-08 	4.316974576e-06
0.9941139915 	0.00220108814 	0.0007931913923 	-3.9812987e-09 	0.002133884603 	-1.120654702e-08 	4.067777135e-06
0.9942902138 	0.002063940304 	0.0007437803938 	-3.941625747e-09 	0.002000981409 	-1.105141653e-08 	3.81442671e-06
0.994466436 	0.001924932685 	0.0006936975107 	-3.881689757e-09 	0.001866267198 	-1.084463376e-08 	3.557623981e-06
0.9946426583 	0.001784514569 	0.000643100057 	-3.801763713e-09 	0.001730160118 	-1.058646195e-08 	3.298166057e-06
0.9948188806 	0.001641966319 	0.0005886037183 	-4.70082339e-09 	0.001592666463 	-1.041013537e-08 	3.036064937e-06
0.9949951029 	0.001496472166 	0.0005264249101 	-5.474000119e-09 	0.001453723058 	-1.019202712e-08 	2.771200189e-06
0.9951713252 	0.00135016253 	0.0004610000647 	-5.154440727e-09 	0.001314479529 	-9.779498896e-09 	2.505763324e-06
0.9953475475 	0.001205728744 	0.0003973486075 	-4.822991014e-09 	0.001176612518 	-9.272127142e-09 	2.242950481e-06
0.9955237699 	0.001064710878 	0.0003362903916 	-4.423826051e-09 	0.001041577006 	-8.668604408e-09 	1.985535264e-06
0.9956999923 	0.000928797107 	0.0002789136775 	-3.967924606e-09 	0.0009109411672 	-7.981248503e-09 	1.736507048e-06
0.9958762147 	0.0007996450891 	0.0002262277736 	-3.471198113e-09 	0.0007862783002 	-7.225699537e-09 	1.498864975e-06
0.9960524371 	0.0006787720648 	0.0001790692371 	-2.953854275e-09 	0.0006690781833 	-6.422786574e-09 	1.275448978e-06
0.9962286596 	0.0005674547055 	0.0001380175347 	-2.438515394e-09 	0.0005606463658 	-5.597128753e-09 	1.068747797e-06
0.9964048821 	0.0004666492098 	0.0001033383632 	-1.947640983e-09 	0.0004620157234 	-4.775083108e-09 	8.807303794e-07
0.9965811045 	0.0003769439956 	7.496701074e-05 	-1.500780428e-09 	0.0003738835485 	-3.982340378e-09 	7.127259591e-07
0.9967573271 	0.0002985499512 	5.253498325e-05 	-1.112300859e-09 	0.0002965830198 	-3.241558822e-09 	5.653696668e-07
0.9969335496 	0.0002313249981 	3.543282548e-05 	-7.901102761e-10 	0.0002300907328 	-2.570508161e-09 	4.386168872e-07
0.9971097721 	0.0001748236579 	2.289453157e-05 	-5.35575702e-10 	0.0001740644573 	-1.981050397e-09 	3.318152344e-07
0.9972859947 	0.0001283598317 	1.408653172e-05 	-3.444841107e-10 	0.0001279003362 	-1.479021323e-09 	2.438135888e-07
0.9974622173 	9.107192014e-05 	8.186764616e-06 	-2.086582567e-10 	9.079761038e-05 	-1.064839241e-09 	1.730854813e-07
0.9976384399 	6.198245415e-05 	4.444768599e-06 	-1.177781831e-10 	6.18210571e-05 	-7.345437634e-10 	1.178481171e-07
0.9978146626 	4.004803768e-05 	2.219595836e-06 	-6.103944399e-11 	3.995504383e-05 	-4.809696137e-10 	7.616541847e-08
0.9979908852 	2.419853688e-05 	9.969420494e-07 	-2.842554637e-11 	2.414683324e-05 	-2.948428035e-10 	4.603057542e-08
0.9981671079 	1.336661331e-05 	3.895338271e-07 	-1.151644821e-11 	1.333958592e-05 	-1.656902824e-10 	2.54289583e-08
0.9983433306 	6.509977994e-06 	1.25702362e-07 	-3.85941254e-12 	6.497239923e-06 	-8.253917926e-11 	1.238554511e-08
0.9985195533 	2.629586233e-06 	3.076143167e-08 	-9.846642142e-13 	2.624528464e-06 	-3.443641612e-11 	5.003080702e-09
0.998695776 	7.884461568e-07 	4.907577698e-09 	-1.651722353e-13 	7.869411052e-07 	-1.085511436e-11 	1.500128465e-09
0.9988719988 	1.411594653e-07 	3.743977442e-10 	-1.351525907e-14 	1.408907178e-07 	-2.107855317e-12 	2.685768666e-10
0.9990482216 	1.442809855e-08 	9.762003366e-12 	-3.959037617e-16 	1.440064568e-08 	-2.499411984e-13 	2.745163312e-11
0.9990482216 	1.442809855e-08 	9.762003366e-12 	-3.959037617e-16 	1.440064568e-08 	-2.499411984e-13 	2.745163312e-11
