(1.543260000000000076e+01 1.280270000000000019e-03 1.257430000000000086e-19)
(1.543299999999999983e+01 2.987309999999999965e-03 -5.921169999999999940e-19)
(1.543340000000000067e+01 4.865050000000000104e-03 -1.728959999999999889e-20)
(1.543389999999999951e+01 6.767190000000000184e-03 6.675159999999999520e-20)
(1.543440000000000012e+01 8.677449999999999747e-03 -2.868429999999999521e-20)
(1.543500000000000050e+01 1.114599999999999966e-02 -3.471039999999999405e-20)
(1.543570000000000064e+01 1.429399999999999941e-02 3.485410000000000276e-19)
(1.543660000000000032e+01 1.785240000000000091e-02 -2.894660000000000743e-18)
(1.543750000000000000e+01 2.188290000000000027e-02 -3.615409999999999777e-20)
(1.543859999999999921e+01 2.644729999999999998e-02 -2.886609999999999994e-21)
(1.543970000000000020e+01 3.160679999999999740e-02 4.560069999999999605e-20)
(1.544100000000000072e+01 3.743649999999999756e-02 4.800630000000001241e-18)
(1.544250000000000078e+01 4.403870000000000007e-02 -3.463119999999999806e-20)
(1.544410000000000061e+01 5.151270000000000154e-02 -3.822220000000000220e-19)
(1.544589999999999996e+01 5.996479999999999866e-02 1.414609999999999998e-19)
(1.544819999999999993e+01 7.133939999999999726e-02 -1.598949999999999974e-20)
(1.545100000000000051e+01 8.541279999999999706e-02 6.916890000000001565e-18)
(1.545379999999999932e+01 1.005280000000000062e-01 4.221560000000000207e-18)
(1.545669999999999966e+01 1.167590000000000017e-01 2.888850000000000136e-19)
(1.545969999999999978e+01 1.341900000000000037e-01 -1.068029999999999985e-19)
(1.546260000000000012e+01 1.529079999999999884e-01 -3.206809999999999646e-20)
(1.546560000000000024e+01 1.730089999999999961e-01 -3.316379999999999923e-20)
(1.536880000000000024e+01 1.945060000000000122e-01 5.206939999999999813e-17)
(1.537180000000000035e+01 2.176720000000000044e-01 6.815149999999999670e-17)
(1.537480000000000047e+01 2.425360000000000016e-01 4.491759999999999894e-17)
(1.537759999999999927e+01 2.692180000000000129e-01 3.600950000000000241e-17)
(1.538039999999999985e+01 2.978489999999999749e-01 2.611200000000000019e-18)
(1.538299999999999912e+01 3.285640000000000227e-01 -2.378380000000000128e-18)
