(3.889599999999999724e-01 2.447799999999999976e-01 -3.414170000000000011e-19)
(3.878719999999999946e-01 2.458950000000000025e-01 4.031859999999999976e-19)
(3.867809999999999859e-01 2.470090000000000063e-01 8.530370000000000470e-19)
(3.856870000000000021e-01 2.481240000000000112e-01 1.184710000000000069e-18)
(3.845930000000000182e-01 2.492379999999999873e-01 -1.259589999999999936e-17)
(3.832030000000000158e-01 2.506539999999999879e-01 7.981040000000001407e-18)
(3.814139999999999753e-01 2.524819999999999842e-01 -1.538679999999999889e-17)
(3.794060000000000210e-01 2.545470000000000232e-01 1.085809999999999925e-17)
(3.662869999999999737e-01 9.951699999999999990e-01 2.557019999999999788e-16)
(3.664310000000000067e-01 9.967219999999999969e-01 -1.557549999999999911e-20)
(3.665749999999999842e-01 9.982729999999999659e-01 -2.586230000000000020e-16)
