(5.193690000000000140e+00 7.873019999999999463e-01 2.675049999999999952e-17)
(5.193690000000000140e+00 8.058840000000000447e-01 2.709109999999999908e-17)
(5.193690000000000140e+00 8.232340000000000213e-01 2.853649999999999911e-17)
(5.193690000000000140e+00 8.394329999999999847e-01 5.354389999999999748e-17)
(5.193690000000000140e+00 8.545570000000000110e-01 5.467149999999999756e-17)
(5.193690000000000140e+00 8.686779999999999502e-01 8.828650000000000781e-19)
(5.193690000000000140e+00 8.818620000000000347e-01 -1.750089999999999955e-19)
(5.193690000000000140e+00 8.941710000000000491e-01 1.183580000000000045e-16)
(5.193690000000000140e+00 9.056640000000000246e-01 1.259890000000000096e-16)
(5.193690000000000140e+00 9.163940000000000419e-01 1.695189999999999991e-17)
(5.193690000000000140e+00 9.264120000000000132e-01 8.979829999999999772e-17)
(5.193690000000000140e+00 9.357649999999999579e-01 8.934659999999999573e-17)
(5.193690000000000140e+00 9.444979999999999487e-01 3.380570000000000725e-18)
(5.193690000000000140e+00 9.526520000000000543e-01 1.594400000000000083e-16)
(5.193690000000000140e+00 9.602640000000000065e-01 3.064049999999999962e-17)
(5.193690000000000140e+00 9.663699999999999513e-01 -2.023520000000000092e-16)
(5.193690000000000140e+00 9.709550000000000125e-01 3.385710000000000144e-16)
(5.193690000000000140e+00 9.750130000000000186e-01 9.397979999999999970e-17)
(5.193690000000000140e+00 9.786049999999999471e-01 9.552109999999999627e-17)
(5.193690000000000140e+00 9.817839999999999900e-01 6.404800000000000309e-17)
(5.193690000000000140e+00 9.845979999999999732e-01 -2.368499999999999931e-16)
(5.193690000000000140e+00 9.870889999999999942e-01 6.621250000000000109e-17)
(5.193690000000000140e+00 9.892929999999999779e-01 4.490010000000000162e-16)
(5.193690000000000140e+00 9.912440000000000140e-01 6.827629999999999776e-17)
(5.193690000000000140e+00 9.929710000000000480e-01 3.111490000000000074e-17)
(5.193690000000000140e+00 9.943079999999999696e-01 3.318509999999999762e-17)
(5.193690000000000140e+00 9.953619999999999690e-01 3.073120000000000177e-17)
