0 	-3.323898483e-05 	1.112825822e-18 	-1.069879058e-20 	8.362989639e-19 	3.651360132e-20 	1.594218262e-21
0.0003200309159 	-3.354060695e-05 	-4.229910353e-06 	1.335480298e-10 	1.460372822e-05 	-1.871703438e-09 	2.783876488e-08
0.0006400614409 	-3.364368866e-05 	-8.63041484e-06 	3.787209916e-10 	1.625581398e-05 	-2.020802961e-09 	3.098809952e-08
0.0009600915746 	-3.352001323e-05 	-1.265420854e-05 	5.36205697e-10 	1.651350839e-05 	-1.991562247e-09 	3.147933669e-08
0.001280121317 	-3.359497383e-05 	-1.673729666e-05 	6.872887311e-10 	1.670284647e-05 	-1.952541992e-09 	3.184026769e-08
0.001600150666 	-3.360449199e-05 	-2.083351621e-05 	8.276404052e-10 	1.67324948e-05 	-1.89369187e-09 	3.189678564e-08
0.001920179623 	-3.362357871e-05 	-2.493965396e-05 	9.576864198e-10 	1.675962686e-05 	-1.834223719e-09 	3.194850689e-08
0.002240208187 	-3.364557797e-05 	-2.905228585e-05 	1.07729427e-09 	1.67813014e-05 	-1.773864027e-09 	3.198982459e-08
0.002560236358 	-3.367189191e-05 	-3.316976581e-05 	1.186394635e-09 	1.680256206e-05 	-1.713224966e-09 	3.203035331e-08
0.002880264135 	-3.370162125e-05 	-3.729111492e-05 	1.284931369e-09 	1.682334082e-05 	-1.652310495e-09 	3.206996341e-08
0.003200291518 	-3.373487763e-05 	-4.141575478e-05 	1.372864188e-09 	1.684467501e-05 	-1.591239615e-09 	3.21106323e-08
0.003520318506 	-3.377166656e-05 	-4.554333593e-05 	1.450163732e-09 	1.686703545e-05 	-1.53006364e-09 	3.215325752e-08
0.003840345101 	-3.381201163e-05 	-4.9673655e-05 	1.516809179e-09 	1.689072872e-05 	-1.468813056e-09 	3.219842347e-08
0.0041603713 	-3.385592424e-05 	-5.380660207e-05 	1.572786111e-09 	1.691593275e-05 	-1.407502829e-09 	3.224646936e-08
0.004480397105 	-3.390341856e-05 	-5.794212939e-05 	1.618085144e-09 	1.694276866e-05 	-1.346140736e-09 	3.229762607e-08
0.004800422516 	-3.395450965e-05 	-6.208023143e-05 	1.652700974e-09 	1.697132077e-05 	-1.284729929e-09 	3.235205432e-08
0.005120447531 	-3.400921385e-05 	-6.622093195e-05 	1.676631732e-09 	1.700165055e-05 	-1.223270632e-09 	3.240987131e-08
0.005440472151 	-3.406754873e-05 	-7.036427518e-05 	1.689878514e-09 	1.703380453e-05 	-1.161761101e-09 	3.247116574e-08
0.005760496377 	-3.41295335e-05 	-7.451031985e-05 	1.692445042e-09 	1.706781955e-05 	-1.100198232e-09 	3.253600782e-08
0.006080520207 	-3.419518931e-05 	-7.865913482e-05 	1.684337423e-09 	1.710372614e-05 	-1.038577957e-09 	3.260445575e-08
0.006400543643 	-3.426453949e-05 	-8.281079589e-05 	1.665563966e-09 	1.714155074e-05 	-9.768955044e-10 	3.267655996e-08
0.006720566684 	-3.433760985e-05 	-8.696538334e-05 	1.636135035e-09 	1.71813173e-05 	-9.151455652e-10 	3.275236608e-08
0.007040589331 	-3.441442947e-05 	-9.112297954e-05 	1.596062933e-09 	1.722304862e-05 	-8.533224054e-10 	3.283191757e-08
0.007360611583 	-3.449503282e-05 	-9.528366628e-05 	1.545361803e-09 	1.726676863e-05 	-7.914199726e-10 	3.291526006e-08
0.007680633441 	-3.457946522e-05 	-9.944752055e-05 	1.484047539e-09 	1.731250621e-05 	-7.294320249e-10 	3.30024486e-08
0.008000654905 	-3.46677906e-05 	-0.0001036146067 	1.412137733e-09 	1.736029359e-05 	-6.673521707e-10 	3.309354463e-08
0.008320675975 	-3.476010352e-05 	-0.0001077849649 	1.329651842e-09 	1.741015129e-05 	-6.051735905e-10 	3.318858727e-08
0.008640696652 	-3.485658044e-05 	-0.0001119585339 	1.236610406e-09 	1.746210723e-05 	-5.428890693e-10 	3.328762972e-08
0.008960716935 	-3.495792298e-05 	-0.0001161355697 	1.133045775e-09 	1.751691049e-05 	-4.804988745e-10 	3.339209996e-08
0.009280736826 	-3.506519347e-05 	-0.0001203105898 	1.018903439e-09 	1.757533658e-05 	-4.180016339e-10 	3.350347633e-08
0.009600756325 	-3.519470822e-05 	-0.0001250039845 	8.975530453e-10 	1.764382266e-05 	-3.554343446e-10 	3.363402983e-08
0.01009799211 	-3.53616356e-05 	-0.0001307667177 	6.778659711e-10 	1.77314436e-05 	-2.577057259e-10 	3.38010597e-08
0.01060457247 	-3.555143041e-05 	-0.0001371398581 	4.331872751e-10 	1.783318653e-05 	-1.578184132e-10 	3.399501e-08
0.01112067299 	-3.575078886e-05 	-0.0001436463021 	1.590702609e-10 	1.794089845e-05 	-5.560930859e-11 	3.420033886e-08
0.01140056368 	-3.586249813e-05 	-0.000147183423 	3.002650315e-09 	1.800115045e-05 	-1.438020438e-08 	3.431519592e-08
0.01164647258 	-3.596069846e-05 	-0.0001502912724 	1.473392911e-10 	1.805411407e-05 	-5.003074932e-11 	3.44161593e-08
0.01218215349 	-3.618211097e-05 	-0.0001570770695 	4.879405314e-10 	1.817330467e-05 	-1.593677489e-10 	3.464336972e-08
0.0127279014 	-3.641583828e-05 	-0.0001640065159 	8.626410389e-10 	1.829911448e-05 	-2.713145744e-10 	3.488319818e-08
0.01328390549 	-3.666249057e-05 	-0.0001710826876 	1.272977454e-09 	1.843187748e-05 	-3.859652606e-10 	3.513628134e-08
0.01385035847 	-3.692261778e-05 	-0.0001783088608 	1.720524614e-09 	1.857187672e-05 	-5.034187855e-10 	3.540315882e-08
0.0144274567 	-3.719675743e-05 	-0.0001856884782 	2.206896177e-09 	1.871939173e-05 	-6.237789024e-10 	3.568436342e-08
0.01501540022 	-3.748544953e-05 	-0.0001932251342 	2.733745002e-09 	1.887470664e-05 	-7.471542362e-10 	3.598043682e-08
0.0156143928 	-3.778924002e-05 	-0.0002009225663 	3.302763288e-09 	1.90381083e-05 	-8.736583173e-10 	3.629192579e-08
0.01622464209 	-3.810868344e-05 	-0.0002087846492 	3.915682468e-09 	1.920988763e-05 	-1.00340968e-09 	3.661938493e-08
0.01684635961 	-3.844434375e-05 	-0.0002168153905 	4.574272859e-09 	1.939033901e-05 	-1.136531902e-09 	3.696337542e-08
0.01747976086 	-3.879680085e-05 	-0.0002250189274 	5.280343048e-09 	1.957977115e-05 	-1.273154117e-09 	3.732448573e-08
0.01812506539 	-3.916663201e-05 	-0.0002333995292 	6.035739622e-09 	1.977846561e-05 	-1.413409203e-09 	3.770325259e-08
0.01878249687 	-3.955445546e-05 	-0.0002419615009 	6.842339191e-09 	1.998676231e-05 	-1.55743665e-09 	3.8100324e-08
0.01945228319 	-3.99609317e-05 	-0.0002507104175 	7.702137011e-09 	2.020504339e-05 	-1.70538673e-09 	3.851642841e-08
0.02013465651 	-4.03869502e-05 	-0.0002596557808 	8.617322887e-09 	2.043366388e-05 	-1.857414453e-09 	3.89522426e-08
0.02083178422 	-4.083365306e-05 	-0.0002688117258 	9.593152899e-09 	2.067323325e-05 	-2.014346919e-09 	3.940892841e-08
0.02154340914 	-4.130164431e-05 	-0.0002781847833 	1.063268956e-08 	2.0924211e-05 	-2.176448591e-09 	3.988736175e-08
0.02226840742 	-4.179100672e-05 	-0.0002877694987 	1.173632796e-08 	2.11865544e-05 	-2.34352172e-09 	4.038746119e-08
0.02300703036 	-4.230216448e-05 	-0.0002975653084 	1.290625154e-08 	2.146040072e-05 	-2.515784013e-09 	4.090948838e-08
0.02375953399 	-4.283585236e-05 	-0.0003075781908 	1.414518234e-08 	2.174618213e-05 	-2.693488087e-09 	4.145426718e-08
0.02452617913 	-4.339277045e-05 	-0.0003178134936 	1.545586633e-08 	2.204425821e-05 	-2.876896772e-09 	4.202248303e-08
0.0253072315 	-4.397360983e-05 	-0.0003282767509 	1.684115277e-08 	2.235496375e-05 	-3.066280753e-09 	4.261477415e-08
0.02610296183 	-4.457908371e-05 	-0.000338973616 	1.83039911e-08 	2.267866236e-05 	-3.261925956e-09 	4.323183367e-08
0.02691364592 	-4.520991305e-05 	-0.0003499098649 	1.984743539e-08 	2.301571562e-05 	-3.464130934e-09 	4.387435087e-08
0.02773956477 	-4.586683127e-05 	-0.0003610913956 	2.147464843e-08 	2.336649057e-05 	-3.6732081e-09 	4.454302541e-08
0.02858100463 	-4.655058428e-05 	-0.0003725242283 	2.318890584e-08 	2.37313589e-05 	-3.889484052e-09 	4.523856586e-08
0.02943825716 	-4.726193137e-05 	-0.0003842145048 	2.499360041e-08 	2.411069765e-05 	-4.113300112e-09 	4.596169094e-08
0.03031161947 	-4.800164557e-05 	-0.0003961684891 	2.689224667e-08 	2.45048892e-05 	-4.345012812e-09 	4.67131296e-08
0.03120139428 	-4.877051425e-05 	-0.000408392568 	2.888848539e-08 	2.491432158e-05 	-4.58499442e-09 	4.74936215e-08
0.03210788998 	-4.956933974e-05 	-0.0004208932516 	3.098608844e-08 	2.533938859e-05 	-4.833633471e-09 	4.830391738e-08
0.03303142075 	-5.039894007e-05 	-0.0004336771735 	3.318896379e-08 	2.578049015e-05 	-5.091335374e-09 	4.914477955e-08
0.03397230668 	-5.126015023e-05 	-0.0004467510921 	3.550116081e-08 	2.623803296e-05 	-5.358523158e-09 	5.001698331e-08
0.03493087388 	-5.215382381e-05 	-0.0004601218892 	3.792687546e-08 	2.671243115e-05 	-5.63563815e-09 	5.09213181e-08
0.03590745458 	-5.30808387e-05 	-0.00047379657 	4.047045573e-08 	2.720411309e-05 	-5.923141616e-09 	5.185860053e-08
0.03690238724 	-5.404209184e-05 	-0.0004877822655 	4.313640838e-08 	2.771350295e-05 	-6.221512474e-09 	5.282963918e-08
0.0379160167 	-5.503850576e-05 	-0.0005020861916 	4.592939678e-08 	2.824102283e-05 	-6.531249483e-09 	5.38352387e-08
0.03894869426 	-5.607113005e-05 	-0.0005167161956 	4.885434909e-08 	2.878727842e-05 	-6.85290413e-09 	5.487655368e-08
0.04000077783 	-5.71412507e-05 	-0.0005316842408 	5.191690405e-08 	2.93527924e-05 	-7.187042351e-09 	5.595458051e-08
0.04107387931 	-5.825099992e-05 	-0.0005470121996 	5.512675539e-08 	2.993851989e-05 	-7.534760722e-09 	5.70711399e-08
0.04217063918 	-5.940198801e-05 	-0.0005627201399 	5.849604176e-08 	3.054554852e-05 	-7.897515018e-09 	5.822830518e-08
0.04328800965 	-6.059387605e-05 	-0.0005788005327 	6.202151037e-08 	3.117357366e-05 	-8.27460827e-09 	5.942549565e-08
0.044426378 	-6.182675692e-05 	-0.0005952461935 	6.570630998e-08 	3.182235956e-05 	-8.666516475e-09 	6.066226189e-08
0.0455861388 	-6.310189104e-05 	-0.0006120671934 	6.955683733e-08 	3.249265802e-05 	-9.073941242e-09 	6.194003705e-08
0.04676769399 	-6.442046549e-05 	-0.0006292718296 	7.357926943e-08 	3.318505323e-05 	-9.497598651e-09 	6.325993477e-08
0.04797145311 	-6.578362141e-05 	-0.0006468687055 	7.64595968e-08 	3.390001114e-05 	-9.769481073e-09 	6.462284325e-08
0.04919783336 	-6.719259392e-05 	-0.0006648665749 	7.576191211e-08 	3.4638123e-05 	-9.586215908e-09 	6.602988961e-08
0.05044725979 	-6.864866012e-05 	-0.0006832743369 	7.493798726e-08 	3.53999768e-05 	-9.393498896e-09 	6.748219469e-08
0.05172016545 	-7.015318317e-05 	-0.0007021010058 	7.398215029e-08 	3.618620316e-05 	-9.190748111e-09 	6.898096066e-08
0.0530169915 	-7.170766408e-05 	-0.0007213556345 	7.288849988e-08 	3.699749912e-05 	-8.977366065e-09 	7.052751624e-08
0.0543381874 	-7.331385396e-05 	-0.0007410471616 	7.165089125e-08 	3.783468643e-05 	-8.752749699e-09 	7.212342794e-08
0.05568421106 	-7.497398224e-05 	-0.0007611841299 	7.026292646e-08 	3.869882381e-05 	-8.516304434e-09 	7.377071396e-08
0.05705552898 	-7.669120598e-05 	-0.0007817741922 	6.871794795e-08 	3.959142494e-05 	-8.2674546e-09 	7.54722598e-08
0.05845261643 	-7.847076913e-05 	-0.0008028238217 	6.700910137e-08 	4.051553983e-05 	-8.005743297e-09 	7.723387964e-08
0.05987595761 	-8.032188875e-05 	-0.0008243425621 	6.512974127e-08 	4.147708184e-05 	-7.73085492e-09 	7.906684595e-08
0.06132696399 	-8.225633673e-05 	-0.0008463531291 	6.306996967e-08 	4.247759514e-05 	-7.442517448e-09 	8.097410238e-08
0.06281019925 	-8.429367271e-05 	-0.0008689012056 	6.080556449e-08 	4.352706618e-05 	-7.138347442e-09 	8.297468586e-08
0.06432130776 	-8.673381814e-05 	-0.0008951073207 	5.851800711e-08 	4.478874189e-05 	-6.8347529e-09 	8.537979043e-08
0.0666410827 	-8.979000762e-05 	-0.0009278857304 	5.428325818e-08 	4.636310842e-05 	-6.3020733e-09 	8.838097061e-08
0.06898673389 	-9.309934293e-05 	-0.0009640297846 	4.981332137e-08 	4.805694491e-05 	-5.744854189e-09 	9.160989374e-08
0.07135854997 	-9.64229264e-05 	-0.001000828603 	4.493278025e-08 	4.975945172e-05 	-5.147182755e-09 	9.48553449e-08
0.0737568228 	-9.97876903e-05 	-0.001038295219 	3.963235782e-08 	5.148125063e-05 	-4.509552398e-09 	9.813757217e-08
0.07618184749 	-0.000103205484 	-0.00107641614 	3.390137091e-08 	5.322255956e-05 	-3.832173358e-09 	1.01456991e-07
0.07863392243 	-0.000106686421 	-0.001115188221 	2.772882539e-08 	5.499119549e-05 	-3.114490347e-09 	1.048285026e-07
0.08111334936 	-0.0001102369238 	-0.00115463781 	2.110383456e-08 	5.678998391e-05 	-2.355720084e-09 	1.082574933e-07
0.0836286727 	-0.0001138609327 	-0.001194810125 	1.397535598e-08 	5.862102936e-05 	-1.550631051e-09 	1.117479748e-07
0.08617295058 	-0.0001175545948 	-0.001235682638 	6.367678126e-09 	6.048189507e-05 	-7.023625107e-10 	1.152953021e-07
0.08820882703 	-0.0001205292436 	-0.001268552523 	-3.94250145e-08 	6.197555044e-05 	5.396231699e-10 	1.181426244e-07
0.08874561102 	-0.0001213139148 	-0.001277220627 	1.746755132e-09 	6.236955254e-05 	-1.931068862e-10 	1.188937019e-07
0.09134697064 	-0.0001251385119 	-0.001319431226 	1.043548678e-08 	6.428359586e-05 	-1.146971964e-09 	1.225424004e-07
0.0939773496 	-0.0001290268421 	-0.001362319537 	1.964479088e-08 	6.622277414e-05 	-2.146730392e-09 	1.262390132e-07
0.09663707163 	-0.0001329777818 	-0.001405892896 	2.938890807e-08 	6.818601009e-05 	-3.19304124e-09 	1.299814866e-07
0.09932646406 	-0.0001369905418 	-0.001450165749 	3.968298753e-08 	7.017219205e-05 	-4.286469678e-09 	1.337677014e-07
0.1020474201 	-0.0001410665703 	-0.001495179384 	5.055279096e-08 	7.218115065e-05 	-5.428477473e-09 	1.375973348e-07
0.1048062404 	-0.0001452056461 	-0.00154097318 	6.204469113e-08 	7.42126195e-05 	-6.622521156e-09 	1.414698791e-07
0.1075958387 	-0.0001494011846 	-0.001587516545 	7.413234658e-08 	7.62624395e-05 	-7.863843309e-09 	1.453774057e-07
0.1104165586 	-0.0001536480932 	-0.001634782904 	8.683038305e-08 	7.83268964e-05 	-9.152028628e-09 	1.493128344e-07
0.113268747 	-0.0001579442569 	-0.001682783797 	1.001564528e-07 	8.040435961e-05 	-1.048659261e-08 	1.532730567e-07
0.1161527553 	-0.000162287277 	-0.001731527605 	1.141286336e-07 	8.249305467e-05 	-1.186678461e-08 	1.5725469e-07
0.1190689383 	-0.0001666742769 	-0.001781027995 	1.28766206e-07 	8.459027755e-05 	-1.329138144e-08 	1.612525797e-07
0.1220184539 	-0.0001711046838 	-0.001831326915 	1.440975994e-07 	8.669430514e-05 	-1.475945905e-08 	1.65263441e-07
0.1250089864 	-0.0001755765623 	-0.001882473518 	1.601840597e-07 	8.88035915e-05 	-1.627294575e-08 	1.692843271e-07
0.1280328844 	-0.0001800805358 	-0.001934438334 	1.76993598e-07 	9.091219103e-05 	-1.782316064e-08 	1.733039038e-07
0.1310905201 	-0.0001846079768 	-0.001987192077 	1.945411892e-07 	9.301377936e-05 	-1.940588937e-08 	1.773101153e-07
0.1341822699 	-0.0001891533055 	-0.00204074891 	2.128484008e-07 	9.510459365e-05 	-2.101652421e-08 	1.812957885e-07
0.1373085144 	-0.0001937097287 	-0.002095120607 	2.07880496e-07 	9.717967188e-05 	-2.030010874e-08 	1.852514643e-07
0.1404696386 	-0.0001982703581 	-0.00215033508 	1.990646413e-07 	9.923292867e-05 	-1.920599141e-08 	1.891655424e-07
0.1436708133 	-0.0002028284152 	-0.002206445099 	1.89605788e-07 	0.000101259041 	-1.805300465e-08 	1.930278757e-07
0.1469115851 	-0.0002073714019 	-0.002263461744 	1.795004763e-07 	0.0001032496307 	-1.684378492e-08 	1.968224929e-07
0.1501885166 	-0.0002118824366 	-0.002321352876 	1.687544336e-07 	0.0001051930288 	-1.558274827e-08 	2.005271498e-07
0.1535020113 	-0.0002163457306 	-0.002380113251 	1.573457117e-07 	0.0001070784824 	-1.427275939e-08 	2.041213485e-07
0.1568524772 	-0.0002207448408 	-0.002439756241 	1.452543367e-07 	0.0001088946504 	-1.291786003e-08 	2.075834693e-07
0.1602403266 	-0.0002250614542 	-0.002500306268 	1.324608817e-07 	0.0001106278155 	-1.152328043e-08 	2.108873638e-07
0.1636700028 	-0.0002292758446 	-0.002561813193 	1.18916765e-07 	0.0001122637398 	-1.009335541e-08 	2.140058901e-07
0.1671422645 	-0.0002333622613 	-0.002624290422 	1.046121366e-07 	0.0001137850803 	-8.637745481e-09 	2.169059879e-07
0.1706532711 	-0.0002372892595 	-0.002687700646 	8.956140366e-08 	0.0001151703856 	-7.169995961e-09 	2.195467649e-07
0.1742034549 	-0.0002410251797 	-0.002752028859 	7.374574318e-08 	0.0001163984022 	-5.702723242e-09 	2.218877058e-07
0.1777932531 	-0.0002445366035 	-0.002817279516 	5.714915032e-08 	0.0001174463265 	-4.250603776e-09 	2.238853409e-07
0.1814231076 	-0.000247787767 	-0.002883474843 	3.975784763e-08 	0.0001182885859 	-2.830369059e-09 	2.254909213e-07
0.1850999798 	-0.0002507400404 	-0.002950654173 	2.151442208e-08 	0.0001188987864 	-1.457832837e-09 	2.266541331e-07
0.188819334 	-0.0002533482495 	-0.003018781787 	2.465947373e-09 	0.0001192469401 	-1.580349561e-10 	2.273178107e-07
0.1892955931 	-0.0002536291336 	-0.003027520694 	-4.663038076e-08 	0.0001192539637 	-1.298396555e-08 	2.273311997e-07
0.1925801925 	-0.000255565751 	-0.00308780208 	1.753407488e-08 	0.000119301447 	-1.048034393e-09 	2.274217161e-07
0.1963830182 	-0.0002573451061 	-0.003157686748 	3.835143747e-08 	0.0001190309526 	-2.129712889e-09 	2.269060787e-07
0.2002282796 	-0.0002586379156 	-0.003228419256 	5.995716621e-08 	0.0001184024574 	-3.061360081e-09 	2.25707992e-07
0.2041202567 	-0.0002593944526 	-0.003300000561 	8.236832978e-08 	0.0001173822765 	-3.818710483e-09 	2.237632437e-07
0.2080594045 	-0.000259563269 	-0.003372384037 	1.055432796e-07 	0.000115936551 	-4.374585855e-09 	2.210072891e-07
0.2120425111 	-0.0002590933635 	-0.003445468277 	1.294177499e-07 	0.0001140319878 	-4.701761535e-09 	2.173766623e-07
0.2160700672 	-0.0002579362835 	-0.003519167866 	1.539510928e-07 	0.000111637187 	-4.77421743e-09 	2.128115064e-07
0.2201425686 	-0.0002560451211 	-0.003593415284 	1.790889997e-07 	0.0001087214097 	-4.564473878e-09 	2.072532244e-07
0.2242640801 	-0.0002533743902 	-0.003668154079 	2.047815212e-07 	0.0001052553811 	-4.043898061e-09 	2.006460106e-07
0.2284351157 	-0.0002498819051 	-0.003743279291 	2.308960188e-07 	0.000101213075 	-3.183466859e-09 	1.929402517e-07
0.2326526998 	-0.0002455309406 	-0.003818634655 	2.572651703e-07 	9.657289114e-05 	-1.961662416e-09 	1.840947716e-07
0.2369173517 	-0.0002402887832 	-0.003894081144 	2.837499208e-07 	9.131635153e-05 	-3.737266082e-10 	1.740743461e-07
0.2412295967 	-0.0002341229888 	-0.003969504479 	3.102570441e-07 	8.542486464e-05 	1.557633569e-09 	1.628435346e-07
0.2455951021 	-0.0002269991855 	-0.004044789339 	3.368516031e-07 	7.887824123e-05 	3.768291763e-09 	1.503638509e-07
0.2500108086 	-0.0002188817266 	-0.004119733431 	3.637559511e-07 	7.165362626e-05 	6.169440716e-09 	1.365917267e-07
0.2544757956 	-0.0002097198283 	-0.004194064564 	3.915098052e-07 	6.370518089e-05 	8.641142369e-09 	1.214397807e-07
0.2589906129 	-0.0001994419512 	-0.004267434615 	4.044405184e-07 	5.496023049e-05 	1.063154629e-08 	1.047694747e-07
0.263557627 	-0.0001879344715 	-0.004339212162 	3.845631695e-07 	4.526382005e-05 	1.27082662e-08 	8.628542144e-08
0.2681799304 	-0.000175142453 	-0.004407515037 	3.575601099e-07 	3.445867226e-05 	1.10983873e-08 	6.568780663e-08
0.2728538215 	-0.0001622831673 	-0.004467997933 	3.141057973e-07 	2.466633965e-05 	9.069805769e-09 	4.702089903e-08
0.2775798758 	-0.0001501032923 	-0.004512868805 	2.553793427e-07 	1.647418894e-05 	1.654322028e-08 	3.140438288e-08
0.2823588813 	-0.0001369800437 	-0.004534866863 	2.024578979e-07 	6.117694871e-06 	1.901896851e-08 	1.166202675e-08
0.2871966566 	-0.0001234294781 	-0.0045359647 	1.667551233e-07 	-4.851943306e-06 	1.235767052e-08 	-9.249152469e-09
0.2920884254 	-0.0001109260523 	-0.004524338217 	1.401630552e-07 	-1.323474722e-05 	1.059738666e-08 	-2.522910662e-08
0.2970347901 	-9.835568067e-05 	-0.004504299322 	1.162820601e-07 	-2.137386811e-05 	1.121740058e-08 	-4.074453318e-08
0.3020363598 	-8.536589051e-05 	-0.004476064897 	9.39211186e-08 	-3.012071064e-05 	1.027238077e-08 	-5.741844611e-08
0.307098782 	-7.259993692e-05 	-0.004439066845 	7.316682642e-08 	-3.846396086e-05 	9.123256407e-09 	-7.33229999e-08
0.3122178274 	-6.026661714e-05 	-0.004392915303 	5.467070049e-08 	-4.626278319e-05 	7.704967328e-09 	-8.818972283e-08
0.3173940061 	-4.857222743e-05 	-0.004337575674 	3.88540286e-08 	-5.337049889e-05 	6.094516294e-09 	-1.017390045e-07
0.3226284087 	-3.768684866e-05 	-0.004273035422 	2.599352903e-08 	-5.966829697e-05 	4.443903971e-09 	-1.13744358e-07
0.3279254551 	-2.773703905e-05 	-0.004199919803 	1.620984034e-08 	-6.509008812e-05 	2.958809412e-09 	-1.240797988e-07
0.3332816223 	-1.879778536e-05 	-0.004119155193 	9.326859794e-09 	-6.961201956e-05 	1.796133281e-09 	-1.326998569e-07
0.3386975697 	-1.087434293e-05 	-0.00403112841 	4.755928389e-09 	-7.323754403e-05 	9.853240924e-10 	-1.396111142e-07
0.3441755749 	-3.911285778e-06 	-0.003936514891 	1.891341534e-09 	-7.601801713e-05 	4.499073351e-10 	-1.449114688e-07
0.3497173251 	2.192073853e-06 	-0.003836225629 	2.855705885e-10 	-7.804998441e-05 	8.708842171e-11 	-1.487849632e-07
0.3514027616 	3.812013472e-06 	-0.00380456226 	2.189960578e-06 	-7.847360086e-05 	-1.98465717e-09 	-1.495924938e-07
0.3553209274 	7.577384314e-06 	-0.003730946957 	3.574435436e-10 	-7.945787562e-05 	1.800043717e-10 	-1.514687951e-07
0.3609870718 	1.242449197e-05 	-0.003621135929 	2.121783283e-10 	-8.039160786e-05 	4.053412618e-10 	-1.532487483e-07
0.3667195497 	1.692561259e-05 	-0.003506946415 	-7.178196799e-10 	-8.101070087e-05 	6.476475779e-10 	-1.544289116e-07
0.3725166888 	2.123841719e-05 	-0.003388247961 	-2.614277323e-09 	-8.144454519e-05 	9.524811698e-10 	-1.552559395e-07
0.3783785302 	2.545070517e-05 	-0.003264592299 	-5.828798052e-09 	-8.175858862e-05 	1.322127852e-09 	-1.558545935e-07
0.3843071225 	2.956908272e-05 	-0.003135263986 	-1.079451874e-08 	-8.19472776e-05 	1.708820855e-09 	-1.562142872e-07
0.3903039129 	3.352414661e-05 	-0.002999429183 	-1.790917708e-08 	-8.194204102e-05 	2.03284539e-09 	-1.562043048e-07
0.396367634 	3.718809913e-05 	-0.002856268585 	-2.744989894e-08 	-8.162772526e-05 	2.210008103e-09 	-1.556051316e-07
0.4024993303 	4.039978022e-05 	-0.002705027754 	-3.953068779e-08 	-8.086437003e-05 	2.16944864e-09 	-1.541499644e-07
0.4087021267 	4.298658952e-05 	-0.002545118794 	-5.406274676e-08 	-7.950736849e-05 	1.860881348e-09 	-1.515631423e-07
0.4149741531 	4.478212368e-05 	-0.002376262991 	-7.072285448e-08 	-7.742436716e-05 	1.259501896e-09 	-1.475923628e-07
0.4213161813 	4.564154825e-05 	-0.002198497608 	-8.895111622e-08 	-7.450630865e-05 	3.658688444e-10 	-1.420297322e-07
0.4277313904 	4.545691747e-05 	-0.002012252365 	-1.079057864e-07 	-7.068468722e-05 	-7.774256871e-10 	-1.347446596e-07
0.4342183981 	4.41578831e-05 	-0.001818523764 	-1.264097808e-07 	-6.592237633e-05 	-2.12344216e-09 	-1.256663715e-07
0.4407778066 	4.175705212e-05 	-0.00161891287 	-1.430543522e-07 	-6.028951994e-05 	-3.449155211e-09 	-1.149285816e-07
0.4474123577 	3.825595786e-05 	-0.001415784533 	-1.561521634e-07 	-5.376649074e-05 	-4.894502284e-09 	-1.02493875e-07
0.4541212809 	3.393501301e-05 	-0.001212566824 	-1.638860111e-07 	-4.680753812e-05 	-5.431810701e-09 	-8.922817713e-08
0.4609050812 	2.901389412e-05 	-0.001013422817 	-1.641599434e-07 	-3.96383145e-05 	-6.373703683e-09 	-7.556164434e-08
0.4677663327 	2.331095097e-05 	-0.0008209003027 	-1.570016475e-07 	-3.157159166e-05 	-8.670535807e-09 	-6.018422857e-08
0.4747043718 	1.762254217e-05 	-0.000638387175 	-1.414918528e-07 	-2.400729798e-05 	-7.175747848e-09 	-4.576458244e-08
0.4817198836 	1.284450049e-05 	-0.0004764515137 	-1.121661712e-07 	-1.820892404e-05 	-4.322753768e-09 	-3.471127013e-08
0.4888153226 	9.074173229e-06 	-0.0003458897672 	-7.513636122e-08 	-1.341780296e-05 	-3.560198707e-09 	-2.557806173e-08
0.4959899515 	6.459961559e-06 	-0.0002468774754 	-4.622375183e-08 	-9.835808181e-06 	-1.934590818e-09 	-1.874978411e-08
0.5031649243 	4.795684657e-06 	-0.0001731169977 	-2.896715246e-08 	-7.564523269e-06 	-6.594967041e-10 	-1.44200838e-08
0.5102617754 	3.687001018e-06 	-0.0001187497594 	-1.848612257e-08 	-6.06084667e-06 	-2.948001663e-10 	-1.155365828e-08
0.5172803182 	2.947574732e-06 	-7.904646011e-05 	-1.195749041e-08 	-5.061506514e-06 	6.123314767e-11 	-9.648638189e-09
0.5242218659 	2.470092579e-06 	-5.004637054e-05 	-7.956121457e-09 	-4.424568153e-06 	2.447980326e-10 	-8.434456645e-09
0.5310874576 	2.171573918e-06 	-2.861125751e-05 	-5.333342728e-09 	-4.03492208e-06 	3.744088958e-10 	-7.691682934e-09
0.5378772912 	1.985653548e-06 	-1.246321942e-05 	-3.77361489e-09 	-3.795688083e-06 	4.45848442e-10 	-7.235636443e-09
0.5445926252 	1.870428236e-06 	-2.574921621e-08 	-2.876156253e-09 	-3.646449579e-06 	4.938344226e-10 	-6.951146375e-09
0.5512342888 	1.797076901e-06 	9.774190113e-06 	-2.377976035e-09 	-3.545027941e-06 	5.266722348e-10 	-6.757808545e-09
0.557802664 	1.748667567e-06 	1.767099493e-05 	-2.123314805e-09 	-3.467559327e-06 	5.487064647e-10 	-6.610131836e-09
0.5642988774 	1.714523663e-06 	2.417800082e-05 	-2.017790487e-09 	-3.399345303e-06 	5.632414158e-10 	-6.480096946e-09
0.5707237498 	1.688816888e-06 	2.96643742e-05 	-2.001120371e-09 	-3.333222669e-06 	5.706938467e-10 	-6.354048828e-09
0.577077725 	1.668353627e-06 	3.440546258e-05 	-2.032550772e-09 	-3.265915251e-06 	5.721419791e-10 	-6.225742183e-09
0.5833617689 	1.651706348e-06 	3.861534037e-05 	-2.083967787e-09 	-3.196820217e-06 	5.678846283e-10 	-6.094027845e-09
0.5895767917 	1.638556044e-06 	4.24672912e-05 	-2.136403868e-09 	-3.126943892e-06 	5.588530476e-10 	-5.960824148e-09
0.5957232321 	1.629207481e-06 	4.610737127e-05 	-2.176545883e-09 	-3.058008393e-06 	5.459089516e-10 	-5.829413926e-09
0.6018018976 	1.624355563e-06 	4.966465667e-05 	-2.195643315e-09 	-2.992038456e-06 	5.300691058e-10 	-5.70365689e-09
0.6078138169 	1.624954327e-06 	5.325838714e-05 	-2.188672258e-09 	-2.93119636e-06 	5.123073474e-10 	-5.587674947e-09
0.6137593944 	1.632128535e-06 	5.700362298e-05 	-2.15080624e-09 	-2.877633261e-06 	4.931947939e-10 	-5.485568792e-09
0.6196393617 	1.647456958e-06 	6.101848576e-05 	-2.074663139e-09 	-2.83372703e-06 	4.730641366e-10 	-5.401871312e-09
0.625454667 	1.673189768e-06 	6.543237264e-05 	-1.946403142e-09 	-2.802311907e-06 	4.520592698e-10 	-5.341985357e-09
0.6312058611 	1.712225315e-06 	7.039574671e-05 	-1.744593255e-09 	-2.786747085e-06 	4.297735527e-10 	-5.312314481e-09
0.6368935895 	1.768475245e-06 	7.609232688e-05 	-1.438541722e-09 	-2.791320868e-06 	4.053340341e-10 	-5.321033382e-09
0.6425186168 	1.847555849e-06 	8.275448319e-05 	-9.824667577e-10 	-2.822023692e-06 	3.776333399e-10 	-5.379561498e-09
0.6480817161 	1.957361641e-06 	9.068387944e-05 	-3.096723201e-10 	-2.887174951e-06 	3.447831561e-10 	-5.503757905e-09
0.653583425 	2.10869805e-06 	0.0001002774089 	6.7851617e-10 	-2.997989168e-06 	3.034985293e-10 	-5.715000601e-09
0.6590244207 	2.316694496e-06 	0.0001120609932 	2.129722372e-09 	-3.170130473e-06 	2.483149679e-10 	-6.043149773e-09
0.6644054777 	2.602657816e-06 	0.0001267338049 	4.260291289e-09 	-3.425385267e-06 	1.707186482e-10 	-6.529736356e-09
0.6697271999 	2.996580475e-06 	0.0001452199736 	7.374032308e-09 	-3.794553991e-06 	6.150899778e-11 	-7.233474548e-09
0.6749901949 	3.538053282e-06 	0.0001687188444 	1.187182703e-08 	-4.317454374e-06 	-1.007193113e-10 	-8.230268012e-09
0.6801951104 	4.277842064e-06 	0.0001987338343 	1.823733051e-08 	-5.044567911e-06 	-3.105215807e-10 	-9.616348503e-09
0.6853426864 	5.276615208e-06 	0.0002370672979 	2.701988485e-08 	-6.03412538e-06 	-6.355903268e-10 	-1.150272007e-08
0.6904334652 	6.601200063e-06 	0.0002858346783 	3.901742643e-08 	-7.344662522e-06 	-9.853014372e-10 	-1.400096811e-08
0.6954680649 	8.427386364e-06 	0.0003477475338 	5.563192766e-08 	-9.220066762e-06 	-2.007924437e-09 	-1.757600983e-08
0.7004471053 	1.094365299e-05 	0.0004263793529 	7.811557801e-08 	-1.185440595e-05 	-2.746686897e-09 	-2.259779251e-08
0.705371273 	1.399878862e-05 	0.0005239559913 	1.010336748e-07 	-1.472889581e-05 	-2.413721697e-09 	-2.80773691e-08
0.7102411011 	1.748364917e-05 	0.0006367425114 	1.145403506e-07 	-1.790609419e-05 	-4.085750448e-09 	-3.413399228e-08
0.715057188 	2.140552946e-05 	0.0007565932045 	1.206195895e-07 	-2.196019237e-05 	-5.200408535e-09 	-4.186223018e-08
0.7198201268 	2.52399769e-05 	0.0008788986126 	1.270144359e-07 	-2.588067865e-05 	-3.570625945e-09 	-4.933576667e-08
0.724530548 	2.875220977e-05 	0.001003634691 	1.328872569e-07 	-2.913271519e-05 	-3.216109102e-09 	-5.553505218e-08
0.7291889935 	3.222080709e-05 	0.001130397913 	1.360492417e-07 	-3.238355715e-05 	-3.447504334e-09 	-6.173206047e-08
0.7337960302 	3.555039574e-05 	0.001257524888 	1.369937103e-07 	-3.552244782e-05 	-3.030072213e-09 	-6.77156585e-08
0.7383522256 	3.858927121e-05 	0.001383458293 	1.360560972e-07 	-3.831681335e-05 	-2.691680048e-09 	-7.304249584e-08
0.7428581594 	4.131909706e-05 	0.00150696563 	1.335229434e-07 	-4.078120379e-05 	-2.225444559e-09 	-7.774030898e-08
0.747314382 	4.369167469e-05 	0.001627064156 	1.295767942e-07 	-4.286333752e-05 	-1.698024747e-09 	-8.170943456e-08
0.7517214274 	4.567787425e-05 	0.001742945483 	1.243601874e-07 	-4.453993801e-05 	-1.101558852e-09 	-8.490550108e-08
0.7560798383 	4.725290475e-05 	0.001853943423 	1.180373764e-07 	-4.578972348e-05 	-4.752145798e-10 	-8.728793954e-08
0.7603901521 	4.840688987e-05 	0.001959500973 	1.109700984e-07 	-4.661212071e-05 	5.645466715e-11 	-8.885565723e-08
0.7646529193 	4.910959151e-05 	0.002059174464 	1.038751423e-07 	-4.694649029e-05 	3.56322334e-10 	-8.949305859e-08
0.7688686441 	4.94539445e-05 	0.002156065938 	1.080328094e-07 	-4.694705793e-05 	1.702581838e-10 	-8.949414067e-08
0.7730378455 	5.001581945e-05 	0.002251536499 	9.743966694e-08 	-4.722939113e-05 	1.607795502e-11 	-9.003234622e-08
0.7771610371 	5.12424911e-05 	0.002337284347 	8.369194034e-08 	-4.816581012e-05 	-3.711631342e-10 	-9.181742108e-08
0.78123873 	5.298143825e-05 	0.002418533024 	9.170417325e-08 	-4.965252305e-05 	-1.202740517e-09 	-9.465150913e-08
0.7852714323 	5.491296359e-05 	0.002506259442 	9.803411735e-08 	-5.135918705e-05 	-1.445974437e-09 	-9.790488507e-08
0.789259631 	5.678603252e-05 	0.002598998845 	1.021352931e-07 	-5.297818242e-05 	-9.789505274e-10 	-1.009911402e-07
0.7932038172 	5.842267983e-05 	0.00269494833 	1.036565312e-07 	-5.434519998e-05 	-1.555845909e-10 	-1.035970556e-07
0.7971044765 	5.965892565e-05 	0.002792207981 	1.025025116e-07 	-5.529144313e-05 	7.325376558e-10 	-1.054008581e-07
0.8009620913 	6.03942761e-05 	0.002888941656 	9.881520584e-08 	-5.571775216e-05 	1.619560961e-09 	-1.062135216e-07
0.8047771403 	6.057681313e-05 	0.002983489265 	9.289083438e-08 	-5.55757374e-05 	2.521250307e-09 	-1.05942802e-07
0.8085500876 	6.018126397e-05 	0.003074433624 	8.509321774e-08 	-5.484495625e-05 	3.445825641e-09 	-1.0454973e-07
0.8122813978 	5.919438337e-05 	0.003160626996 	7.580436892e-08 	-5.351735515e-05 	4.379853485e-09 	-1.020189533e-07
0.8159715303 	5.761177641e-05 	0.003241188958 	6.540474935e-08 	-5.159381593e-05 	5.295227689e-09 	-9.835215292e-08
0.8196209396 	5.544424084e-05 	0.003315490192 	5.42679576e-08 	-4.909055005e-05 	6.143473829e-09 	-9.358023241e-08
0.8232300789 	5.273130013e-05 	0.003383131919 	4.275657804e-08 	-4.605294446e-05 	6.840479956e-09 	-8.778971189e-08
0.8267993892 	4.95562188e-05 	0.003443921837 	3.120269869e-08 	-4.257073423e-05 	7.272077496e-09 	-8.115165137e-08
0.8303293095 	4.60499607e-05 	0.003497839683 	1.98662234e-08 	-3.878145001e-05 	7.359584862e-09 	-7.392822246e-08
0.8338202746 	4.23665302e-05 	0.003544983354 	8.88088592e-09 	-3.484437126e-05 	7.177307393e-09 	-6.642305611e-08
0.8372727143 	3.861946947e-05 	0.003585494143 	-1.781007417e-09 	-3.087520518e-05 	7.013109933e-09 	-5.885672238e-08
0.8406870545 	3.479630225e-05 	0.003619476197 	-1.22743344e-08 	-2.685951617e-05 	7.228943063e-09 	-5.120170303e-08
0.8440637165 	3.069551461e-05 	0.003646944603 	-2.275102619e-08 	-2.258533152e-05 	7.972421204e-09 	-4.305391914e-08
0.8474031146 	2.594963805e-05 	0.003667846273 	-3.317836925e-08 	-1.766702391e-05 	8.972602575e-09 	-3.367825786e-08
0.8507056601 	2.014511522e-05 	0.003682181713 	-4.321509537e-08 	-1.167058242e-05 	1.007219593e-08 	-2.224737376e-08
0.8539717594 	1.347861761e-05 	0.003690188862 	-5.222651583e-08 	-5.253743581e-06 	1.161229556e-08 	-1.001509547e-08
0.857201815 	5.112742276e-06 	0.003692537471 	-5.934463884e-08 	3.348416929e-06 	1.644960246e-08 	6.38301331e-09
0.8603962247 	-4.736290594e-06 	0.003690216295 	-7.363420393e-08 	1.459444078e-05 	1.845826094e-08 	2.782106044e-08
0.8635553826 	-1.12610426e-05 	0.003656815913 	-1.166060952e-07 	2.074058456e-05 	8.430248305e-09 	3.953731873e-08
0.8666796769 	-1.443755141e-05 	0.003600931014 	-1.336262844e-07 	2.240013113e-05 	1.244658441e-09 	4.270087573e-08
0.8697694922 	-1.82620353e-05 	0.003554458535 	-1.170419757e-07 	2.63906727e-05 	2.50806648e-09 	5.030795707e-08
0.8728252091 	-2.190845865e-05 	0.00351157901 	-1.125645216e-07 	3.035030738e-05 	2.473085258e-10 	5.785612131e-08
0.8758472039 	-2.459558669e-05 	0.003469666511 	-1.07385175e-07 	3.270819383e-05 	-2.102591298e-09 	6.235090821e-08
0.8788358488 	-2.703606567e-05 	0.00342791649 	-1.023072938e-07 	3.487501398e-05 	-1.949842424e-09 	6.648146966e-08
0.881791512 	-2.922605834e-05 	0.003385938113 	-9.767914024e-08 	3.68076867e-05 	-2.087037144e-09 	7.016568101e-08
0.8847145574 	-3.117040564e-05 	0.003343797858 	-9.337499329e-08 	3.849483994e-05 	-2.246732386e-09 	7.338186402e-08
0.8876053449 	-3.289105118e-05 	0.003301612375 	-8.938253287e-08 	3.995799451e-05 	-2.45378169e-09 	7.617104329e-08
0.8904642303 	-3.440345734e-05 	0.003259474549 	-8.556231839e-08 	4.12100189e-05 	-2.690429882e-09 	7.855774976e-08
0.8932915657 	-3.572169885e-05 	0.003217452325 	-8.179670778e-08 	4.226570252e-05 	-2.915335708e-09 	8.057017615e-08
0.8960876994 	-3.685703345e-05 	0.003175597468 	-7.803030972e-08 	4.313737787e-05 	-3.107126628e-09 	8.223183163e-08
0.8988529757 	-3.781895243e-05 	0.003133954765 	-7.425868338e-08 	4.38355589e-05 	-3.257510717e-09 	8.356275873e-08
0.9015877351 	-3.861601012e-05 	0.003092566475 	-7.050340885e-08 	4.43696883e-05 	-3.36823796e-09 	8.458095781e-08
0.9042923145 	-3.925611189e-05 	0.003051473906 	-6.679020075e-08 	4.474840708e-05 	-3.445531956e-09 	8.530290107e-08
0.9069670469 	-3.974653847e-05 	0.003010717378 	-6.31372916e-08 	4.497960925e-05 	-3.495855946e-09 	8.574363668e-08
0.9096122615 	-4.009390082e-05 	0.002970335709 	-5.955397277e-08 	4.507041287e-05 	-3.524025874e-09 	8.591673361e-08
0.9122282842 	-4.0304191e-05 	0.002930365947 	-5.604319315e-08 	4.502724629e-05 	-3.532918686e-09 	8.58344461e-08
0.9148154371 	-4.038296277e-05 	0.002890843207 	-5.260502051e-08 	4.485608734e-05 	-3.523956014e-09 	8.550816957e-08
0.9173740388 	-4.03354212e-05 	0.002851800838 	-4.923923438e-08 	4.456243516e-05 	-3.497715632e-09 	8.494838691e-08
0.9199044044 	-4.016665276e-05 	0.002813270844 	-4.594668921e-08 	4.415151631e-05 	-3.454370568e-09 	8.416506136e-08
0.9224068456 	-3.988230202e-05 	0.002775286269 	-4.273003463e-08 	4.362937095e-05 	-3.393990373e-09 	8.316970719e-08
0.9248816704 	-3.947897414e-05 	0.002737868339 	-3.959293552e-08 	4.298346188e-05 	-3.315900957e-09 	8.193842499e-08
0.9273291837 	-3.899269039e-05 	0.002701016602 	-3.653914844e-08 	4.22794308e-05 	-3.222841369e-09 	8.059634606e-08
0.9297496868 	-3.842708302e-05 	0.002664691716 	-3.35695088e-08 	4.151704501e-05 	-3.116063116e-09 	7.914302686e-08
0.9321434779 	-3.778295189e-05 	0.002631299988 	-3.089595558e-08 	4.064735526e-05 	-3.003179374e-09 	7.748515647e-08
0.9337027968 	-3.722049783e-05 	0.00260458361 	-2.878736065e-08 	3.990699066e-05 	-2.905639859e-09 	7.607381576e-08
0.935233349 	-3.67572284e-05 	0.002582011551 	-2.700800617e-08 	3.933782756e-05 	-2.821355797e-09 	7.498883271e-08
0.9367356652 	-3.62713136e-05 	0.00256005734 	-2.52920756e-08 	3.873535537e-05 	-2.736270479e-09 	7.384035328e-08
0.9382102662 	-3.576371833e-05 	0.00253864811 	-2.363368599e-08 	3.810067172e-05 	-2.650927188e-09 	7.263046983e-08
0.9396576634 	-3.52572298e-05 	0.002517747536 	-2.203083751e-08 	3.747828873e-05 	-2.567554969e-09 	7.144403488e-08
0.9410783587 	-3.474697582e-05 	0.002497334834 	-2.048178788e-08 	3.685779891e-05 	-2.486300292e-09 	7.026120882e-08
0.9424728445 	-3.423275744e-05 	0.00247739809 	-1.898470096e-08 	3.623835015e-05 	-2.407568416e-09 	6.908036732e-08
0.9438416045 	-3.371448709e-05 	0.002457924873 	-1.753744334e-08 	3.561949064e-05 	-2.33176021e-09 	6.790064909e-08
0.9451851132 	-3.319205241e-05 	0.002438903317 	-1.613770267e-08 	3.500083423e-05 	-2.25917388e-09 	6.672131801e-08
0.9465038366 	-3.266537376e-05 	0.002420322656 	-1.478306165e-08 	3.438211318e-05 	-2.189978911e-09 	6.554186374e-08
0.9477982317 	-3.213436627e-05 	0.002402173431 	-1.347105605e-08 	3.376305325e-05 	-2.124215365e-09 	6.436176346e-08
0.9490687475 	-3.159898365e-05 	0.002384447494 	-1.219922936e-08 	3.314342747e-05 	-2.061804228e-09 	6.318058449e-08
0.9503158245 	-3.105923843e-05 	0.002367137874 	-1.096518478e-08 	3.252307826e-05 	-2.002562795e-09 	6.199802649e-08
0.9515398951 	-3.051520762e-05 	0.002350238628 	-9.766633675e-09 	3.190192329e-05 	-1.946224406e-09 	6.081393248e-08
0.9527413837 	-2.99670277e-05 	0.002333744689 	-8.601443267e-09 	3.127995005e-05 	-1.892461528e-09 	5.96282786e-08
0.9539207068 	-2.941488186e-05 	0.002317651732 	-7.4676901e-09 	3.065720236e-05 	-1.840910702e-09 	5.844114843e-08
0.9550782736 	-2.885898245e-05 	0.002301956068 	-6.36372214e-09 	3.003376218e-05 	-1.79119711e-09 	5.725269817e-08
0.9562144852 	-2.829955113e-05 	0.002286654536 	-5.288219752e-09 	2.940972871e-05 	-1.742955428e-09 	5.606311692e-08
0.9573297356 	-2.773680145e-05 	0.002271744412 	-4.240227999e-09 	2.878520027e-05 	-1.695842878e-09 	5.487259214e-08
0.9584244117 	-2.717092738e-05 	0.002257223345 	-3.21912711e-09 	2.816026146e-05 	-1.649540995e-09 	5.368128509e-08
0.9594988928 	-2.660210018e-05 	0.002243089314 	-2.224530322e-09 	2.753497728e-05 	-1.603747012e-09 	5.248931964e-08
0.9605535516 	-2.603047873e-05 	0.002229340673 	-1.256151773e-09 	2.690940389e-05 	-1.558165073e-09 	5.129680289e-08
0.9615887538 	-2.545622717e-05 	0.002215976223 	-3.137133453e-10 	2.628360816e-05 	-1.512508071e-09 	5.01038623e-08
0.9626048583 	-2.487952863e-05 	0.002202995269 	6.030494209e-10 	2.56576809e-05 	-1.466519032e-09 	4.891067099e-08
0.9636022174 	-2.430059195e-05 	0.002190397664 	1.494295429e-09 	2.50317442e-05 	-1.420005178e-09 	4.771746167e-08
0.964581177 	-2.371964692e-05 	0.002178183781 	2.359985813e-09 	2.440594651e-05 	-1.372865525e-09 	4.652451733e-08
0.9655420764 	-2.313692929e-05 	0.002166354448 	3.199879788e-09 	2.378044551e-05 	-1.325094315e-09 	4.533213858e-08
0.966485249 	-2.255266425e-05 	0.002154910873 	4.013631902e-09 	2.315539024e-05 	-1.276760695e-09 	4.414060951e-08
0.9674110216 	-2.196705361e-05 	0.002143854598 	4.800916113e-09 	2.25309082e-05 	-1.227983949e-09 	4.295017318e-08
0.9683197153 	-2.138026784e-05 	0.002133187479 	5.561493686e-09 	2.1907098e-05 	-1.178922734e-09 	4.176101755e-08
0.9692116452 	-2.079244145e-05 	0.002122911682 	6.295214985e-09 	2.128402514e-05 	-1.129777134e-09 	4.05732675e-08
0.9700871205 	-2.020367004e-05 	0.002113029666 	7.002005904e-09 	2.066171903e-05 	-1.080788745e-09 	3.93869791e-08
0.9709464448 	-1.96140096e-05 	0.002103544156 	7.681880583e-09 	2.00401719e-05 	-1.0322291e-09 	3.820213752e-08
0.9717899161 	-1.90234791e-05 	0.002094458108 	8.334978106e-09 	1.941934117e-05 	-9.843788894e-10 	3.70186616e-08
0.9726178268 	-1.843206734e-05 	0.002085774647 	8.961595162e-09 	1.879915634e-05 	-9.375060458e-10 	3.583641694e-08
0.9734304639 	-1.783974372e-05 	0.002077496991 	9.562191943e-09 	1.817952984e-05 	-8.918488651e-10 	3.465523661e-08
0.9742281093 	-1.724647183e-05 	0.00206962834 	1.013736716e-08 	1.756037083e-05 	-8.476060129e-10 	3.347494745e-08
0.9750110395 	-1.665222501e-05 	0.002062171716 	1.068781152e-08 	1.694160073e-05 	-8.049323693e-10 	3.229539967e-08
0.975779526 	-1.605700279e-05 	0.002055129748 	1.121425263e-08 	1.632316973e-05 	-7.639386914e-10 	3.11164983e-08
0.9765338353 	-1.546084788e-05 	0.002048504391 	1.171740113e-08 	1.570507365e-05 	-7.246933237e-10 	2.993823538e-08
0.9772742289 	-1.486386353e-05 	0.002042296578 	1.219790342e-08 	1.508737117e-05 	-6.872248751e-10 	2.876072277e-08
0.9780009634 	-1.426623126e-05 	0.0020365058 	1.2656303e-08 	1.447020154e-05 	-6.515254234e-10 	2.758422593e-08
0.978714291 	-1.366822875e-05 	0.00203112961 	1.309301065e-08 	1.38538023e-05 	-6.175541263e-10 	2.640919766e-08
0.9794144589 	-1.307024726e-05 	0.002026163073 	1.350828442e-08 	1.323852622e-05 	-5.852412236e-10 	2.523631044e-08
0.98010171 	-1.247280859e-05 	0.002021598144 	1.39022207e-08 	1.262485818e-05 	-5.544926642e-10 	2.406648859e-08
0.9807762824 	-1.187658006e-05 	0.002017423022 	1.427475501e-08 	1.201342982e-05 	-5.251952111e-10 	2.290093619e-08
0.9814384101 	-1.128238559e-05 	0.002013621451 	1.462568084e-08 	1.140502962e-05 	-4.972221676e-10 	2.174115633e-08
0.9820883228 	-1.069121234e-05 	0.002010172031 	1.495468636e-08 	1.080060871e-05 	-4.704397841e-10 	2.058896208e-08
0.9827262456 	-1.010421119e-05 	0.00200704751 	1.526141237e-08 	1.020128028e-05 	-4.447142581e-10 	1.944647551e-08
0.9833523999 	-9.522690382e-06 	0.002004214084 	1.554553337e-08 	9.608313082e-06 	-4.199189792e-10 	1.831611523e-08
0.9839670027 	-8.948101094e-06 	0.002001630662 	1.580686127e-08 	9.023117078e-06 	-3.95941805e-10 	1.7200569e-08
0.9845702672 	-8.382019691e-06 	0.001999248056 	1.604546645e-08 	8.447231193e-06 	-3.726912871e-10 	1.610277044e-08
0.9851624025 	-7.826166713e-06 	0.001997008091 	1.626180744e-08 	7.882392403e-06 	-3.501006366e-10 	1.502603072e-08
0.9857436139 	-7.282180002e-06 	0.001994842559 	1.645684993e-08 	7.330119952e-06 	-3.281401923e-10 	1.397324593e-08
0.9863141029 	-6.752022355e-06 	0.001992672396 	1.663216694e-08 	6.792569877e-06 	-3.06789922e-10 	1.294852608e-08
0.9868740674 	-6.238982814e-06 	0.001990411803 	1.679005295e-08 	6.274571362e-06 	-2.860344119e-10 	1.196107694e-08
0.9874237016 	-5.723029757e-06 	0.001987948406 	1.693320553e-08 	5.734460044e-06 	-2.665445254e-10 	1.093147466e-08
0.9879631959 	-5.271233965e-06 	0.001985164996 	1.706492934e-08 	5.30460164e-06 	-2.46786744e-10 	1.011204506e-08
0.9884927375 	-4.868860934e-06 	0.001982110378 	1.719076006e-08 	4.953908039e-06 	-2.270604892e-10 	9.44352559e-09
0.98901251 	-4.398463882e-06 	0.001977775847 	1.729015333e-08 	4.413183306e-06 	-2.124829712e-10 	8.412753962e-09
0.9893470337 	-4.027898722e-06 	0.001973546606 	1.736852201e-08 	3.984807439e-06 	-2.012186559e-10 	7.596150498e-09
0.9896815574 	-3.81141083e-06 	0.001970216725 	1.745459265e-08 	3.818067805e-06 	-1.892459956e-10 	7.278298414e-09
0.9900160812 	-3.568626519e-06 	0.001966229268 	1.75498712e-08 	3.592164303e-06 	-1.78330064e-10 	6.847663552e-09
0.9903506049 	-3.302839459e-06 	0.001961759801 	1.765855714e-08 	3.312660237e-06 	-1.684242218e-10 	6.314851119e-09
0.9906851286 	-3.058207766e-06 	0.001956881489 	1.778332948e-08 	3.066695103e-06 	-1.58471572e-10 	5.84597321e-09
0.9910196523 	-2.823007551e-06 	0.001951673882 	1.792599256e-08 	2.830028334e-06 	-1.488097288e-10 	5.394820569e-09
0.991354176 	-2.598633282e-06 	0.001946221063 	1.808739915e-08 	2.604766255e-06 	-1.394683917e-10 	4.96540844e-09
0.9916886998 	-2.385888573e-06 	0.001940596195 	1.826715058e-08 	2.391997352e-06 	-1.304714784e-10 	4.559811775e-09
0.9920232235 	-2.185418693e-06 	0.001934865365 	1.846342978e-08 	2.19264231e-06 	-1.218353061e-10 	4.179785656e-09
0.9923577472 	-1.997796514e-06 	0.00192909665 	1.867271354e-08 	2.007601872e-06 	-1.135528323e-10 	3.827047152e-09
0.9926922709 	-1.823385737e-06 	0.001923377638 	1.888943244e-08 	1.837454995e-06 	-1.055845658e-10 	3.502699914e-09
0.9930267946 	-1.66212375e-06 	0.001917841761 	1.910579537e-08 	1.681997118e-06 	-9.785192354e-11 	3.206353993e-09
0.9933613184 	-1.513132249e-06 	0.001912700687 	1.931217779e-08 	1.539442426e-06 	-9.024548134e-11 	2.934605129e-09
0.9936958421 	-1.374248029e-06 	0.00190827403 	1.94985862e-08 	1.405483542e-06 	-8.266655515e-11 	2.679242264e-09
0.9940303658 	-1.241811612e-06 	0.001904998842 	1.965757061e-08 	1.272892401e-06 	-7.512268512e-11 	2.426486698e-09
0.9943648895 	-1.111427006e-06 	0.001903393047 	1.978833124e-08 	1.133092865e-06 	-6.786445083e-11 	2.159989927e-09
0.9946994132 	-9.804573418e-07 	0.00190394772 	1.990056708e-08 	9.812288074e-07 	-6.144881837e-11 	1.870494825e-09
0.9950339369 	-8.517759155e-07 	0.001906945578 	2.001528806e-08 	8.237483851e-07 	-5.650605058e-11 	1.570293371e-09
0.9953684607 	-7.355362413e-07 	0.001912254512 	2.015969093e-08 	6.820046383e-07 	-5.313322274e-11 	1.300090394e-09
0.9957029844 	-6.444882706e-07 	0.001919206059 	2.035595657e-08 	5.82897355e-07 	-5.039211615e-11 	1.111164367e-09
0.9960375081 	-5.834218732e-07 	0.001926681492 	2.060917896e-08 	5.376898878e-07 	-4.67266857e-11 	1.024986369e-09
0.9963720318 	-5.421182272e-07 	0.001933434424 	2.090311754e-08 	5.277454292e-07 	-4.126653302e-11 	1.006029467e-09
0.9967065555 	-5.010829728e-07 	0.001938509825 	2.120842817e-08 	5.157574253e-07 	-3.46383642e-11 	9.831769998e-10
0.9970410793 	-4.457811217e-07 	0.001941521778 	2.149798361e-08 	4.740030094e-07 	-2.824392408e-11 	9.035814782e-10
0.997375603 	-3.749512617e-07 	0.001942644418 	2.175805888e-08 	4.008733176e-07 	-2.289948195e-11 	7.641759602e-10
0.9977101267 	-2.964615529e-07 	0.001942376687 	2.198912037e-08 	3.126289082e-07 	-1.839539265e-11 	5.959575896e-10
0.9980446504 	-2.181660739e-07 	0.001941265963 	2.219935091e-08 	2.25233424e-07 	-1.409539892e-11 	4.293575064e-10
0.9983791741 	-1.428538333e-07 	0.001939734758 	2.239778482e-08 	1.443717722e-07 	-9.547522507e-12 	2.752127238e-10
0.9987136979 	-7.113908946e-08 	0.001938037512 	2.259088069e-08 	7.130453851e-08 	-4.882533583e-12 	1.359262684e-10
0.9990482216 	-3.488393904e-08 	0.001936744656 	2.269831187e-08 	3.412862323e-08 	-2.386652988e-12 	6.505864173e-11
0.9990482216 	-3.488393904e-08 	0.001936744656 	2.269831187e-08 	3.412862323e-08 	-2.386652988e-12 	6.505864173e-11
