0.3526971907 	0.002581518569 	-0.008041093727 	4.304048622e-07 	-0.00257544133 	4.683041596e-07 	-4.909506983e-06
0.3528833318 	0.002573210462 	-0.008021618376 	4.067524944e-07 	-0.002566924065 	4.432925888e-07 	-4.893270708e-06
0.3530694809 	0.002562105769 	-0.007987233791 	3.819849764e-07 	-0.002554230091 	4.174336804e-07 	-4.869072465e-06
0.3532556373 	0.002550920399 	-0.007950867377 	3.57194986e-07 	-0.002541978811 	3.917803132e-07 	-4.845718119e-06
0.3534418003 	0.002538271967 	-0.007911035198 	3.321954032e-07 	-0.002527946858 	3.660401542e-07 	-4.818969318e-06
0.3536279691 	0.002523725703 	-0.007865140424 	3.067436332e-07 	-0.002512062011 	3.401819989e-07 	-4.788688385e-06
0.3538141431 	0.002506616599 	-0.007810935339 	2.809026973e-07 	-0.002493696873 	3.142039276e-07 	-4.753679328e-06
0.3540003216 	0.002486728122 	-0.007747753501 	2.551685238e-07 	-0.002472607735 	2.882617784e-07 	-4.713477568e-06
0.3541865037 	0.002464639 	-0.007677657613 	2.303475327e-07 	-0.002449261566 	2.62668678e-07 	-4.668973283e-06
0.3543726888 	0.002441757779 	-0.007605350248 	2.071539156e-07 	-0.002424932805 	2.377889284e-07 	-4.622595901e-06
0.3545588762 	0.002419917786 	-0.007536645566 	1.858311828e-07 	-0.002401383806 	2.138691452e-07 	-4.577704964e-06
0.3547450652 	0.002400736722 	-0.007476415658 	1.660918966e-07 	-0.002380248346 	1.909281515e-07 	-4.537414903e-06
0.354931255 	0.00238511349 	-0.00742721545 	1.473594376e-07 	-0.002362475548 	1.687885959e-07 	-4.50353501e-06
0.3551174449 	0.002373106582 	-0.007389091883 	1.290796288e-07 	-0.002348153526 	1.472069929e-07 	-4.476233256e-06
0.3553036343 	0.002364170746 	-0.00736029068 	1.108448581e-07 	-0.002336753681 	1.261170637e-07 	-4.454501983e-06
0.3554898223 	0.002357792099 	-0.00733793569 	9.255615635e-08 	-0.002328149528 	1.050501257e-07 	-4.438100077e-06
0.3556760083 	0.002352283986 	-0.007319486869 	7.453052341e-08 	-0.002319859461 	8.390435377e-08 	-4.422296904e-06
0.3558621916 	0.002346567073 	-0.007304387725 	5.462202369e-08 	-0.002309990677 	6.281060728e-08 	-4.40348426e-06
0.3560483715 	0.002335912894 	-0.007269714585 	3.476503172e-08 	-0.002296406424 	4.197342629e-08 	-4.377588897e-06
0.3562345472 	0.002319888743 	-0.007214085392 	1.766358898e-08 	-0.002278705765 	2.179821098e-08 	-4.343846523e-06
0.356420718 	0.002302623088 	-0.007159104763 	1.93143222e-09 	-0.002258299822 	2.399574535e-09 	-4.304947122e-06
0.3564442227 	0.002300366105 	-0.007152127141 	3.233310381e-07 	-0.0022555712 	1.232367553e-07 	-4.29974561e-06
0.3566065628 	0.002284754691 	-0.007103836396 	1.302503279e-08 	-0.002236696204 	1.609137763e-08 	-4.263764622e-06
0.3567923551 	0.002267211385 	-0.007047933446 	2.712404677e-08 	-0.002215798112 	3.403575903e-08 	-4.22392705e-06
0.3569781408 	0.002249582306 	-0.006991670893 	4.036904243e-08 	-0.002194741091 	5.136764112e-08 	-4.183786517e-06
0.357163919 	0.002231824768 	-0.006935067025 	5.273312784e-08 	-0.002173445089 	6.810025325e-08 	-4.143190418e-06
0.3573496891 	0.002213962248 	-0.006878158764 	6.420495427e-08 	-0.00215195182 	8.423578218e-08 	-4.102218272e-06
0.3575354505 	0.002196018496 	-0.00682099949 	7.477608244e-08 	-0.002130298419 	9.977204731e-08 	-4.060940872e-06
0.3577212023 	0.002178027155 	-0.006763672942 	8.445054388e-08 	-0.002108532367 	1.147119855e-07 	-4.019448729e-06
0.357906944 	0.002160082431 	-0.006706368704 	9.328987001e-08 	-0.002086788996 	1.29084926e-07 	-3.97799982e-06
0.3580926748 	0.002142087733 	-0.006648898382 	1.008512811e-07 	-0.002064959401 	1.427585151e-07 	-3.936386543e-06
0.358278394 	0.00212179129 	-0.006584391463 	1.069218742e-07 	-0.002040169633 	1.554746072e-07 	-3.889130356e-06
0.3585669344 	0.00209626517 	-0.006503266107 	1.16440278e-07 	-0.002008996797 	1.752123017e-07 	-3.829706267e-06
0.3588608649 	0.002067464319 	-0.006411188215 	1.226954762e-07 	-0.001973998783 	1.933524505e-07 	-3.762990325e-06
0.3591602827 	0.002038045465 	-0.006316926589 	1.261089274e-07 	-0.00193827935 	2.102759905e-07 	-3.694899157e-06
0.3594652866 	0.002007953582 	-0.006220479244 	1.263927419e-07 	-0.001901762301 	2.259316304e-07 	-3.625287513e-06
0.3597759769 	0.001977220632 	-0.00612175465 	1.231383779e-07 	-0.00186456917 	2.402574858e-07 	-3.554387068e-06
0.3600924555 	0.001945839498 	-0.006020646307 	1.158454302e-07 	-0.001826755768 	2.531758534e-07 	-3.482304214e-06
0.3604148257 	0.001913782727 	-0.005917015458 	1.039162167e-07 	-0.001788353793 	2.645922192e-07 	-3.409099376e-06
0.3607431925 	0.001881011924 	-0.005810688254 	8.664214692e-08 	-0.001749390542 	2.74389366e-07 	-3.334824591e-06
0.3610776623 	0.001847476544 	-0.005701454906 	6.318467915e-08 	-0.001709887529 	2.82416964e-07 	-3.259520868e-06
0.3614183433 	0.001813110854 	-0.005589065957 	3.254788905e-08 	-0.001669856243 	2.884747864e-07 	-3.183210112e-06
0.3617653449 	0.001777829685 	-0.005473225227 	-6.463777498e-09 	-0.001629292291 	2.922765664e-07 	-3.105883944e-06
0.3621187783 	0.001741520807 	-0.005353577436 	-5.532150485e-08 	-0.001588164041 	2.933815651e-07 	-3.02748207e-06
0.3624787563 	0.001704034725 	-0.005229682808 	-1.159441406e-07 	-0.00154639878 	2.911488473e-07 	-2.947865874e-06
0.362845393 	0.001665179004 	-0.005100996059 	-1.906124301e-07 	-0.001503872486 	2.847311061e-07 	-2.866798939e-06
0.3632188042 	0.001624747143 	-0.004966990527 	-2.802948081e-07 	-0.00146041451 	2.732217935e-07 	-2.783955958e-06
0.3635991072 	0.001582581077 	-0.004827409902 	-3.836761463e-07 	-0.001415836628 	2.55906269e-07 	-2.698978125e-06
0.3639864209 	0.001538575771 	-0.004682235229 	-5.004173072e-07 	-0.001369955973 	2.321907004e-07 	-2.611516845e-06
0.3643808655 	0.001492624161 	-0.004531387583 	-6.328091163e-07 	-0.001322602997 	2.015636069e-07 	-2.521248911e-06
0.3647825629 	0.001444607759 	-0.004374662252 	-7.829900756e-07 	-0.001273640801 	1.637508646e-07 	-2.427913357e-06
0.3651916363 	0.001394424204 	-0.004211862033 	-9.51882229e-07 	-0.001222978956 	1.186001315e-07 	-2.331337799e-06
0.3656082104 	0.001341997306 	-0.004042860159 	-1.140023469e-06 	-0.001170567549 	6.590889648e-08 	-2.231427091e-06
0.3660324115 	0.001287273265 	-0.003867602451 	-1.347777233e-06 	-0.001116381693 	5.332462044e-09 	-2.128133789e-06
0.3664643669 	0.001230210661 	-0.003686111792 	-1.575193674e-06 	-0.001060394452 	-6.361839366e-08 	-2.021406547e-06
0.3669042055 	0.001170771522 	-0.003498353037 	-1.821881176e-06 	-0.001002593858 	-1.415129566e-07 	-1.911222549e-06
0.3673532781 	0.001108487507 	-0.003303071448 	-2.088278569e-06 	-0.0009424953819 	-2.293475256e-07 	-1.796658151e-06
0.3678226155 	0.001042986533 	-0.003099370903 	-2.375698986e-06 	-0.0008796996734 	-3.281447626e-07 	-1.676952077e-06
0.3683005872 	0.0009748315571 	-0.002889169821 	-2.639389881e-06 	-0.0008147127193 	-4.30629979e-07 	-1.553068881e-06
0.3687873492 	0.0009046655756 	-0.002674663881 	-2.712419853e-06 	-0.0007480450451 	-5.029554217e-07 	-1.425981764e-06
0.3692830603 	0.000832861801 	-0.002457128408 	-2.748168175e-06 	-0.0006799253324 	-5.648293911e-07 	-1.296126659e-06
0.369787882 	0.0007599391578 	-0.002238242911 	-2.740239639e-06 	-0.0006106826894 	-6.138517097e-07 	-1.164130936e-06
0.3703019789 	0.0006865912734 	-0.002020161398 	-2.682745204e-06 	-0.0005407699374 	-6.474651434e-07 	-1.0308578e-06
0.3708255181 	0.000613764678 	-0.00180554452 	-2.571976711e-06 	-0.0004708926272 	-6.592756379e-07 	-8.976522254e-07
0.3713586698 	0.0005427072959 	-0.001597593422 	-2.404062127e-06 	-0.0004020960284 	-6.509415269e-07 	-7.665067869e-07
0.3719016073 	0.0004744776886 	-0.001400444337 	-2.168962591e-06 	-0.0003348138081 	-6.391821038e-07 	-6.38248175e-07
0.3724545069 	0.0004097016253 	-0.001217323249 	-1.957787565e-06 	-0.0002695727793 	-5.95271034e-07 	-5.138806412e-07
0.3730175478 	0.0003473079912 	-0.001040373893 	-1.915948516e-06 	-0.0002091974719 	-5.095232337e-07 	-3.987885248e-07
0.3735909124 	0.0002860017569 	-0.0008609229758 	-1.746976371e-06 	-0.0001563208536 	-4.217785459e-07 	-2.979909942e-07
0.3741747866 	0.0002289762859 	-0.0006935131845 	-1.404148327e-06 	-0.0001105592262 	-3.513446526e-07 	-2.107566134e-07
0.3747693591 	0.0001789587992 	-0.0005498518958 	-1.119603564e-06 	-7.063015673e-05 	-2.838519687e-07 	-1.346407094e-07
0.3753748222 	0.0001356533454 	-0.0004259130463 	-8.717326924e-07 	-3.654626201e-05 	-2.21687648e-07 	-6.966733291e-08
0.3759913715 	9.879488307e-05 	-0.0003203775944 	-6.500441951e-07 	-7.791162028e-06 	-1.733931216e-07 	-1.485212027e-08
0.3766192059 	6.78793238e-05 	-0.0002327925374 	-4.606352381e-07 	1.678135009e-05 	-1.317118148e-07 	3.19899174e-08
0.3772585279 	4.26155005e-05 	-0.0001621461269 	-3.077291898e-07 	3.757254101e-05 	-9.609289708e-08 	7.162370592e-08
0.3779095436 	2.252787975e-05 	-0.0001068159372 	-1.919877242e-07 	5.494794835e-05 	-6.681027568e-08 	1.047460615e-07
0.3785724626 	6.944673773e-06 	-6.466968319e-05 	-1.099431154e-07 	6.933669555e-05 	-4.376048048e-08 	1.321750129e-07
0.379247498 	-4.909703609e-06 	-3.335664276e-05 	-5.569161199e-08 	8.123883798e-05 	-2.613680424e-08 	1.548638044e-07
0.3799348671 	-1.382623026e-05 	-1.054520476e-05 	-2.235960286e-08 	9.116740941e-05 	-1.273996096e-08 	1.73790421e-07
0.3806347904 	-2.052182684e-05 	5.881994203e-06 	-3.432786987e-09 	9.956140582e-05 	-2.44252147e-09 	1.897917112e-07
0.3808310927 	-2.19148977e-05 	9.118395266e-06 	1.446064347e-07 	0.0001015532782 	8.716898593e-08 	1.935887735e-07
0.3813466422 	-2.558444917e-05 	1.764220825e-05 	-8.697185633e-09 	0.0001067981725 	-6.260421641e-09 	2.035869998e-07
0.3820801772 	-2.953252963e-05 	2.618498374e-05 	-1.473756163e-08 	0.0001132684229 	-1.365483901e-08 	2.159210954e-07
0.3828382826 	-3.271301391e-05 	3.250472281e-05 	-1.653334963e-08 	0.0001192226605 	-2.021227888e-08 	2.272715271e-07
0.3836101777 	-3.5342576e-05 	3.725871134e-05 	-1.605110316e-08 	0.0001247926091 	-2.637030934e-08 	2.378893973e-07
0.3843961079 	-3.759882528e-05 	4.092960693e-05 	-1.459203972e-08 	0.0001301216333 	-3.254795426e-08 	2.480479985e-07
0.3851963225 	-3.961792941e-05 	4.387673929e-05 	-1.284596454e-08 	0.0001353357033 	-3.900124299e-08 	2.579874652e-07
0.3860110754 	-4.149078976e-05 	4.634487884e-05 	-1.115585927e-08 	0.0001405193592 	-4.587744213e-08 	2.67868954e-07
0.3868406247 	-4.328182141e-05 	4.850021071e-05 	-9.668535107e-09 	0.0001457388172 	-5.326329226e-08 	2.778186916e-07
0.3876852333 	-4.503801022e-05 	5.045420161e-05 	-8.422594466e-09 	0.000151053051 	-6.121167864e-08 	2.879490983e-07
0.3885451683 	-4.679475365e-05 	5.227947986e-05 	-7.398847025e-09 	0.0001565240265 	-6.975586766e-08 	2.98378298e-07
0.3894207017 	-4.858725002e-05 	5.40163484e-05 	-6.547172924e-09 	0.0001622445475 	-7.894754014e-08 	3.092832011e-07
0.3903121102 	-5.070870869e-05 	5.59564069e-05 	-5.731905913e-09 	0.0001691285108 	-8.912914545e-08 	3.224059485e-07
0.3916794299 	-5.334541333e-05 	5.836861509e-05 	-5.029736508e-09 	0.0001776550795 	-1.048447453e-07 	3.386599581e-07
0.3930606337 	-5.621775451e-05 	6.108280428e-05 	-4.271869677e-09 	0.0001867781619 	-1.215713926e-07 	3.560510888e-07
0.3944558643 	-5.911432296e-05 	6.395769009e-05 	-3.384589346e-09 	0.0001958066249 	-1.330671813e-07 	3.732618488e-07
0.3958652666 	-6.20853691e-05 	6.698519859e-05 	-2.133417129e-09 	0.000204932899 	-1.229494754e-07 	3.906590637e-07
0.3973226541 	-6.519660491e-05 	7.018858307e-05 	-1.148149047e-09 	0.000214344705 	-1.116733487e-07 	4.086005817e-07
0.3987982205 	-6.841261651e-05 	7.358540976e-05 	-3.841400081e-10 	0.0002239504152 	-9.942754547e-08 	4.269117351e-07
0.4002886278 	-7.171225092e-05 	7.714850265e-05 	1.780206472e-10 	0.000233681488 	-8.617944707e-08 	4.454618645e-07
0.401794029 	-7.510727674e-05 	8.088277468e-05 	5.470305828e-10 	0.0002435499512 	-7.196117652e-08 	4.642738982e-07
0.4033145791 	-7.859503642e-05 	8.479353898e-05 	7.276960606e-10 	0.000253546177 	-5.681683269e-08 	4.833294829e-07
0.404850435 	-8.217634532e-05 	8.888330944e-05 	7.188101586e-10 	0.0002636714117 	-4.078831542e-08 	5.026309943e-07
0.4064017559 	-8.585879609e-05 	9.314680233e-05 	5.269849907e-10 	0.0002739385907 	-2.390008291e-08 	5.222030912e-07
0.4079687029 	-8.962895967e-05 	9.759440552e-05 	1.619481296e-10 	0.0002843153895 	-6.190467028e-09 	5.419841537e-07
0.4085056593 	-9.094283379e-05 	9.916503848e-05 	6.280486906e-08 	0.0002878886847 	1.458737994e-07 	5.487958475e-07
0.4095500387 	-9.350227449e-05 	0.0001022246497 	2.962794911e-10 	0.0002948509417 	-1.203101464e-08 	5.620678444e-07
0.4111722932 	-9.752333441e-05 	0.0001070549304 	8.7548818e-10 	0.0003056367743 	-3.121659918e-08 	5.826286391e-07
0.4128244561 	-0.0001016640948 	0.000112095282 	1.611263504e-09 	0.0003165858049 	-5.12736809e-08 	6.035005346e-07
0.4144931395 	-0.0001058849958 	0.0001172974128 	2.513130016e-09 	0.0003276015559 	-7.193828029e-08 	6.244996177e-07
0.4161785171 	-0.0001101854625 	0.0001226313477 	3.609869377e-09 	0.000338682302 	-9.315991934e-08 	6.456225994e-07
0.4178807647 	-0.000114561071 	0.000128086501 	4.947098489e-09 	0.0003498204313 	-1.149311398e-07 	6.668549697e-07
0.4196000609 	-0.0001190114868 	0.0001336516795 	6.524197845e-09 	0.0003610141494 	-1.373650788e-07 	6.881933075e-07
0.4213365867 	-0.0001235243136 	0.0001393098722 	8.409117225e-09 	0.0003722365565 	-1.603690708e-07 	7.095863346e-07
0.4230905257 	-0.0001281313927 	0.0001450631598 	1.011140507e-08 	0.0003836293134 	-1.853639167e-07 	7.313040956e-07
0.4248808085 	-0.0001329222835 	0.0001509547724 	1.002702131e-08 	0.0003954543801 	-1.884256384e-07 	7.538459594e-07
0.4267111345 	-0.0001378640684 	0.000156989683 	8.919891427e-09 	0.0004075577985 	-1.699444199e-07 	7.769184387e-07
0.4285596439 	-0.000142883353 	0.0001631165339 	7.955419521e-09 	0.0004197173166 	-1.498828847e-07 	8.000978599e-07
0.430426532 	-0.0001479976282 	0.0001693012068 	7.072568997e-09 	0.0004320240413 	-1.29135444e-07 	8.235578976e-07
0.432311997 	-0.0001532438016 	0.000175526364 	6.177517501e-09 	0.0004446379194 	-1.079826475e-07 	8.476034551e-07
0.4342162403 	-0.0001586761452 	0.000181782336 	5.117072302e-09 	0.000457769944 	-8.630378605e-08 	8.726367439e-07
0.4361394662 	-0.0001643395535 	0.000188103563 	3.808409542e-09 	0.0004716275742 	-6.36153476e-08 	8.990532386e-07
0.438086583 	-0.00017037031 	0.0001945112861 	2.256645356e-09 	0.0004866484163 	-3.897053848e-08 	9.276871383e-07
0.4400903286 	-0.0001769293091 	0.0002011118535 	5.503657148e-10 	0.0005033068754 	-1.041347473e-08 	9.594427914e-07
0.4407568964 	-0.0001792888135 	0.0002033761636 	8.501127463e-08 	0.0005094357861 	2.447398034e-07 	9.711261987e-07
0.4421124636 	-0.0001840835292 	0.0002079786919 	7.503732422e-10 	0.0005218848613 	-2.260621362e-08 	9.948575959e-07
0.4441539424 	-0.0001919674593 	0.0002151523377 	1.435033868e-09 	0.0005428259623 	-6.22068719e-08 	1.034777155e-06
0.4462156827 	-0.0002007820296 	0.0002227835346 	1.186572429e-09 	0.0005667019457 	-1.110651359e-07 	1.080291415e-06
0.4482979098 	-0.0002107096429 	0.0002310578755 	-5.919823941e-10 	0.0005940281074 	-1.718188977e-07 	1.132382674e-06
0.4504008528 	-0.0002219647248 	0.0002401991149 	-4.678807171e-09 	0.0006253623791 	-2.470669773e-07 	1.192114505e-06
0.4525441768 	-0.0002348192193 	0.0002505007588 	-1.210243336e-08 	0.0006613138993 	-3.397712717e-07 	1.260648095e-06
0.454731616 	-0.0002494493508 	0.0002622965552 	-2.395621194e-08 	0.0007021324713 	-4.522284293e-07 	1.338459638e-06
0.4569406477 	-0.0002659259542 	0.0002758375209 	-4.175764264e-08 	0.0007477438828 	-5.834777123e-07 	1.425407665e-06
0.4591715173 	-0.0002842799081 	0.0002914439804 	-6.813252551e-08 	0.0007979692318 	-7.304774018e-07 	1.52115114e-06
0.4614244743 	-0.0003048438694 	0.0003101800261 	-1.026756326e-07 	0.0008529720719 	-7.313544813e-07 	1.62600184e-06
0.4636997726 	-0.0003264741892 	0.0003323899353 	-8.820245352e-08 	0.0009069645573 	-5.087396804e-07 	1.728926524e-06
0.4660138631 	-0.0003420352129 	0.0003523009572 	-2.520765813e-08 	0.000937709263 	-1.748427101e-07 	1.787534478e-06
0.4683768474 	-0.0003500954602 	0.0003676277091 	1.887177766e-10 	0.0009433536943 	-6.508124253e-08 	1.798294333e-06
0.4707631028 	-0.0003562910229 	0.0003813799509 	1.154144015e-08 	0.0009440935613 	-5.513344688e-08 	1.799704725e-06
0.4731729021 	-0.0003617674191 	0.0003930610345 	1.841360052e-08 	0.0009449882821 	-4.406410579e-08 	1.801410312e-06
0.4756065229 	-0.0003666706112 	0.0004027918631 	1.685631211e-08 	0.0009460673824 	-3.014317204e-08 	1.803467377e-06
0.4780642477 	-0.0003711565308 	0.000411011121 	9.559198133e-09 	0.0009472285813 	-1.452875236e-08 	1.805680945e-06
0.4802716443 	-0.0003748207871 	0.0004172771494 	2.51275765e-08 	0.0009482114151 	-1.851464755e-08 	1.807554499e-06
0.4805791243 	-0.0003753319454 	0.0004181519079 	1.385119584e-09 	0.0009483476184 	-2.031756276e-09 	1.80781414e-06
0.4831257177 	-0.0003792317508 	0.0004245264381 	1.402337037e-08 	0.0009493050321 	-1.87611505e-08 	1.809639237e-06
0.4856974442 	-0.0003829110514 	0.0004302594964 	2.828730537e-08 	0.000950104832 	-3.542682222e-08 	1.811163878e-06
0.4882946084 	-0.0003864098666 	0.0004355264152 	4.348265468e-08 	0.0009507236582 	-5.184307453e-08 	1.812343533e-06
0.4909175204 	-0.0003897787402 	0.0004404145533 	5.918290025e-08 	0.0009511919149 	-6.79566698e-08 	1.81323616e-06
0.4935914432 	-0.0003930710708 	0.000445014666 	7.52986344e-08 	0.0009515340736 	-8.397019175e-08 	1.813888409e-06
0.4963073025 	-0.0003962940148 	0.0004494429187 	9.157949671e-08 	0.0009517300585 	-9.984686287e-08 	1.814262011e-06
0.4990499663 	-0.0003994585443 	0.0004536852178 	1.077885559e-07 	0.0009518242778 	-1.155135418e-07 	1.814441619e-06
0.5018197696 	-0.0004025704179 	0.0004577933398 	1.238470471e-07 	0.0009518227639 	-1.310201883e-07 	1.814438733e-06
0.5046170535 	-0.0004056626884 	0.0004617612072 	1.379241487e-07 	0.0009517726457 	-1.445284823e-07 	1.814343194e-06
0.5074731508 	-0.0004087653674 	0.0004656420584 	1.237609377e-07 	0.0009516809716 	-1.287868311e-07 	1.814168438e-06
0.5103654706 	-0.000411863934 	0.0004695074435 	1.093749882e-07 	0.0009515180073 	-1.132801776e-07 	1.813857783e-06
0.5132863965 	-0.0004149581737 	0.0004733125708 	9.4923512e-08 	0.0009513204785 	-9.801887139e-08 	1.813481238e-06
0.5162362976 	-0.0004180541144 	0.0004770768612 	8.048892702e-08 	0.0009510913982 	-8.298006941e-08 	1.813044547e-06
0.5192259846 	-0.0004211775957 	0.0004807940436 	6.606009894e-08 	0.000950855261 	-6.80669905e-08 	1.812594404e-06
0.522272157 	-0.0004243310928 	0.0004845251015 	5.161121359e-08 	0.0009505849502 	-5.319492948e-08 	1.812079117e-06
0.5253484873 	-0.0004274998338 	0.0004882734643 	3.736297757e-08 	0.0009502751989 	-3.855185279e-08 	1.811488644e-06
0.5284553749 	-0.0004306759324 	0.0004920255236 	2.334138535e-08 	0.0009499328048 	-2.412560226e-08 	1.810835946e-06
0.5315944582 	-0.0004338842449 	0.000495752312 	9.555552143e-09 	0.0009495886931 	-9.898554814e-09 	1.810179973e-06
0.5338265938 	-0.0004361487727 	0.0004983663903 	5.912417844e-09 	0.0009493317142 	-7.595265917e-08 	1.8096901e-06
0.5347983671 	-0.000437134492 	0.0004995028928 	4.087432138e-09 	0.0009492182775 	-4.314711896e-09 	1.809473858e-06
0.5380331266 	-0.0004404011513 	0.0005033111005 	1.727213609e-08 	0.0009487877764 	-1.828886493e-08 	1.808653204e-06
0.5413001689 	-0.0004436774813 	0.000507138412 	3.01351784e-08 	0.0009483201892 	-3.201982169e-08 	1.807761853e-06
0.5446007731 	-0.0004469856555 	0.0005109598008 	4.267438599e-08 	0.0009478404224 	-4.551554261e-08 	1.806847284e-06
0.5479665339 	-0.0004503328085 	0.0005148204276 	5.502769068e-08 	0.0009473237638 	-5.892893403e-08 	1.805862389e-06
0.5513659018 	-0.0004536899751 	0.0005187631059 	6.699706621e-08 	0.000946729362 	-7.2070083e-08 	1.804729294e-06
0.5547993447 	-0.0004570587531 	0.0005227252161 	7.858499059e-08 	0.0009460935795 	-8.494001419e-08 	1.803517316e-06
0.5582741879 	-0.0004604549799 	0.0005267045398 	8.981945766e-08 	0.0009454233354 	-9.757376977e-08 	1.802239644e-06
0.5618076284 	-0.0004638753658 	0.0005307435939 	1.007454169e-07 	0.0009446888071 	-1.100267957e-07 	1.800839429e-06
0.5653765506 	-0.0004672952684 	0.0005348651885 	1.112361515e-07 	0.0009438614951 	-1.221817022e-07 	1.799262342e-06
0.5689814607 	-0.0004707267966 	0.0005390043967 	1.212971513e-07 	0.0009429845976 	-1.340323567e-07 	1.797590732e-06
0.5726399359 	-0.0004741766283 	0.0005431868744 	1.293251593e-07 	0.0009420424079 	-1.43797932e-07 	1.795794657e-06
0.5763462671 	-0.0004776257762 	0.000547457456 	1.183052337e-07 	0.0009409945787 	-1.324192799e-07 	1.793797203e-06
0.5800900842 	-0.0004810674177 	0.0005517863491 	1.076755285e-07 	0.0009398531339 	-1.213633966e-07 	1.791621292e-06
0.5838760648 	-0.0004845134082 	0.0005561481075 	9.741046384e-08 	0.0009386367866 	-1.105918938e-07 	1.789302596e-06
0.5877219169 	-0.0004879571677 	0.0005605841209 	8.746436494e-08 	0.0009373123387 	-1.000534442e-07 	1.78677783e-06
0.5916068205 	-0.0004913749327 	0.0005651177595 	7.793509347e-08 	0.000935849124 	-8.98689738e-08 	1.783988536e-06
0.5955313545 	-0.0004947813619 	0.0005696842212 	6.881873209e-08 	0.0009342927866 	-8.001803377e-08 	1.781021725e-06
0.5995159326 	-0.0004981730755 	0.0005743194953 	6.005165712e-08 	0.0009326145114 	-7.042822952e-08 	1.777822466e-06
0.6035443405 	-0.000501523258 	0.0005790662875 	5.171363782e-08 	0.0009307684859 	-6.120375025e-08 	1.774303428e-06
0.6076140506 	-0.0005048435104 	0.0005838592858 	4.381146997e-08 	0.0009287997607 	-5.234264693e-08 	1.77055049e-06
0.6117400776 	-0.0005081295777 	0.0005887224374 	3.629827185e-08 	0.0009266866735 	-4.379252505e-08 	1.766522359e-06
0.6159146912 	-0.0005113566525 	0.0005936997524 	2.922269589e-08 	0.0009243822837 	-3.562015787e-08 	1.762129552e-06
0.6201323578 	-0.000514532839 	0.0005987368753 	2.259612476e-08 	0.0009219232365 	-2.783777161e-08 	1.757441924e-06
0.624405768 	-0.0005176516976 	0.0006038501974 	1.638053153e-08 	0.0009192916248 	-2.040422197e-08 	1.752425341e-06
0.6287296122 	-0.0005206888915 	0.0006090810433 	1.061287854e-08 	0.000916441372 	-1.337341078e-08 	1.746991967e-06
0.6330983433 	-0.0005236520445 	0.0006143789338 	5.296917504e-09 	0.0009134070321 	-6.755011815e-09 	1.741207671e-06
0.6375243826 	-0.0005265301019 	0.0006197634852 	3.992814964e-10 	0.0009101658823 	-5.155364438e-10 	1.735029139e-06
0.6379202885 	-0.0005267750904 	0.0006202504539 	4.057921857e-09 	0.0009098573553 	-3.763265799e-08 	1.734441001e-06
0.6420004271 	-0.0005292992598 	0.0006252661261 	3.976533407e-09 	0.0009066765154 	-5.274707376e-09 	1.728377436e-06
0.6465232803 	-0.0005319680488 	0.0006308394404 	7.913034903e-09 	0.000902974551 	-1.06349069e-08 	1.721320463e-06
0.6511063536 	-0.0005345176405 	0.000636516122 	1.144466676e-08 	0.0008990233549 	-1.559138346e-08 	1.713788385e-06
0.6557388531 	-0.0005369306591 	0.0006423081498 	1.454427826e-08 	0.0008948000434 	-2.009520445e-08 	1.70573758e-06
0.660422338 	-0.0005392099012 	0.0006481805048 	1.723979326e-08 	0.0008903286218 	-2.416745052e-08 	1.697213807e-06
0.665165319 	-0.0005413244311 	0.0006541584821 	1.954083763e-08 	0.0008855740885 	-2.780514379e-08 	1.688150345e-06
0.6699055951 	-0.0005432556801 	0.0006601707559 	2.142533667e-08 	0.0008805896651 	-3.095446476e-08 	1.678648649e-06
0.6745962236 	-0.0005449874914 	0.0006661566838 	2.292182382e-08 	0.0008754291659 	-3.362942976e-08 	1.668811303e-06
0.6792376453 	-0.0005465000776 	0.0006721298124 	2.405070095e-08 	0.0008700751362 	-3.583462094e-08 	1.658605034e-06
0.683825733 	-0.0005478082497 	0.0006780577176 	2.485378171e-08 	0.0008645641721 	-3.760532628e-08 	1.648099605e-06
0.6883675362 	-0.0005489073892 	0.0006839583994 	2.537281016e-08 	0.0008588897623 	-3.898590359e-08 	1.637282603e-06
0.6928591181 	-0.0005497928026 	0.0006898457962 	2.562192121e-08 	0.0008530409343 	-3.997981612e-08 	1.626133111e-06
0.6972995107 	-0.0005504812005 	0.0006956883502 	2.564348385e-08 	0.0008470570222 	-4.062939968e-08 	1.614726112e-06
0.7016955919 	-0.0005509617006 	0.0007015121615 	2.546521424e-08 	0.0008409177411 	-4.096294196e-08 	1.603022935e-06
0.7060419018 	-0.0005512364298 	0.0007073195895 	2.510175173e-08 	0.0008346253665 	-4.098872199e-08 	1.591027921e-06
0.7103394253 	-0.0005513182803 	0.0007130899299 	2.458940717e-08 	0.0008282107291 	-4.074744871e-08 	1.578799839e-06
0.7145929543 	-0.0005511961156 	0.0007188504947 	2.394500971e-08 	0.0008216517841 	-4.025660611e-08 	1.566296667e-06
0.7187984672 	-0.000550877112 	0.0007245972623 	2.318392572e-08 	0.000814959427 	-3.952996145e-08 	1.553539174e-06
0.7229570291 	-0.0005503710044 	0.0007303182617 	2.233422864e-08 	0.0008081573448 	-3.860278145e-08 	1.540572515e-06
0.7270723394 	-0.0005496679089 	0.0007360387732 	2.140693041e-08 	0.0008012257927 	-3.748828957e-08 	1.52735905e-06
0.7311414373 	-0.0005487759238 	0.0007417562356 	2.041395259e-08 	0.000794175615 	-3.620000538e-08 	1.513919452e-06
0.7351650003 	-0.0005477055946 	0.0007474605374 	1.937641856e-08 	0.0007870305318 	-3.476804487e-08 	1.500298937e-06
0.7391464853 	-0.0005464479445 	0.0007531750982 	1.830240825e-08 	0.0007797738112 	-3.320546886e-08 	1.486465611e-06
0.7430834556 	-0.0005450087983 	0.0007589039424 	1.719798461e-08 	0.0007724097894 	-3.15214479e-08 	1.472427739e-06
0.7469765096 	-0.0005434025189 	0.0007646347392 	1.607876937e-08 	0.000764966916 	-2.974176558e-08 	1.458239553e-06
0.7508280447 	-0.0005416213001 	0.0007703884073 	1.495119955e-08 	0.0007574330345 	-2.788109298e-08 	1.443877881e-06
0.7546370775 	-0.0005396671472 	0.0007761770427 	1.381566376e-08 	0.0007498036524 	-2.594339353e-08 	1.429334159e-06
0.7584037601 	-0.0005375583309 	0.0007819870858 	1.268259685e-08 	0.0007421107177 	-2.394986893e-08 	1.414669287e-06
0.7621294977 	-0.000535290329 	0.0007878348015 	1.155731614e-08 	0.0007343498334 	-2.191680072e-08 	1.399874884e-06
0.7658146819 	-0.0005328616933 	0.0007937380005 	1.043655683e-08 	0.0007265108704 	-1.984531579e-08 	1.384931642e-06
0.7694590036 	-0.0005302903383 	0.0007996882801 	9.324959237e-09 	0.0007186205068 	-1.775042131e-08 	1.369890416e-06
0.773063084 	-0.0005275802441 	0.0008056927091 	8.226216686e-09 	0.0007106883601 	-1.564789467e-08 	1.35476954e-06
0.7766284048 	-0.0005247281416 	0.0008117707664 	7.137027229e-09 	0.0007027050579 	-1.354168579e-08 	1.339551147e-06
0.7801542793 	-0.0005217449694 	0.0008179268064 	6.055137198e-09 	0.0006946809534 	-1.143768952e-08 	1.324254974e-06
0.7836411951 	-0.0005186466957 	0.0008241572608 	4.981836349e-09 	0.0006866418478 	-9.348957383e-09 	1.308930204e-06
0.7870900882 	-0.0005154319744 	0.0008304787177 	3.91561645e-09 	0.0006785859185 	-7.284735022e-09 	1.293573364e-06
0.7905013293 	-0.0005121040832 	0.0008369063482 	2.849375869e-09 	0.0006705105413 	-5.244043846e-09 	1.278179451e-06
0.7938749387 	-0.0005086809658 	0.0008434389683 	1.780816508e-09 	0.0006624386526 	-3.234923866e-09 	1.262792187e-06
0.7972113697 	-0.0005051725677 	0.0008500827438 	7.076222191e-10 	0.0006543862949 	-1.265851894e-09 	1.247442155e-06
0.7993670608 	-0.0005028248439 	0.0008545073063 	4.944884673e-08 	0.0006491368604 	-1.626935916e-07 	1.237435274e-06
0.8005115188 	-0.0005015782343 	0.000856856428 	3.69687229e-10 	0.0006463495712 	-6.535599576e-10 	1.232121926e-06
0.8037753446 	-0.0004979057718 	0.0008637723606 	1.452602264e-09 	0.0006383324915 	-2.517511441e-09 	1.216839144e-06
0.8070032442 	-0.0004941727019 	0.000870832708 	2.55534675e-09 	0.0006303576057 	-4.331382789e-09 	1.201636795e-06
0.8101956416 	-0.0004903851502 	0.0008780499838 	3.682162834e-09 	0.0006224340623 	-6.090230268e-09 	1.186532319e-06
0.8133533493 	-0.0004865423594 	0.0008854447806 	4.839800413e-09 	0.0006145564549 	-7.79386544e-09 	1.17151541e-06
0.8164763566 	-0.0004826524859 	0.0008930304251 	6.03599268e-09 	0.0006067297739 	-9.44378702e-09 	1.156595581e-06
0.8195650428 	-0.0004787287336 	0.0009008149228 	7.27538618e-09 	0.0005989700705 	-1.103666269e-08 	1.141803429e-06
0.8226198062 	-0.0004747752681 	0.0009088139518 	8.562264045e-09 	0.0005912828316 	-1.256941027e-08 	1.127149416e-06
0.8256412934 	-0.0004707900859 	0.0009170494195 	9.902511766e-09 	0.0005836612612 	-1.404204996e-08 	1.112620584e-06
0.8286296259 	-0.0004667789538 	0.0009255372015 	1.130326018e-08 	0.0005761073906 	-1.545655996e-08 	1.098220807e-06
0.8315851548 	-0.0004627521904 	0.0009342887648 	1.276880707e-08 	0.0005686323676 	-1.681122424e-08 	1.083971336e-06
0.8345082558 	-0.0004587135741 	0.0009433204137 	1.430325668e-08 	0.0005612407757 	-1.810512655e-08 	1.069880907e-06
0.8373994246 	-0.0004546587322 	0.0009526549878 	1.591167992e-08 	0.0005539240557 	-1.933989562e-08 	1.055933205e-06
0.840258936 	-0.0004505862215 	0.0009623132217 	1.760243906e-08 	0.0005466751844 	-2.05224408e-08 	1.042114842e-06
0.843087083 	-0.0004464994882 	0.000972311149 	1.93815001e-08 	0.0005394961466 	-2.165794676e-08 	1.028429601e-06
0.8458842206 	-0.0004423967259 	0.0009826677907 	2.125330421e-08 	0.0005323844984 	-2.275080582e-08 	1.014872823e-06
0.8486507275 	-0.0004382707333 	0.0009934056627 	2.321879946e-08 	0.0005253301285 	-2.380078245e-08 	1.001425233e-06
0.8513870014 	-0.0004341184752 	0.001004544554 	2.527627037e-08 	0.000518325332 	-2.48013108e-08 	9.880721439e-07
0.8540932784 	-0.0004299534146 	0.00101609281 	2.741607936e-08 	0.0005113840007 	-2.573210369e-08 	9.748400372e-07
0.8567698952 	-0.0004257992838 	0.001028052246 	2.962117601e-08 	0.0005045331943 	-2.656048121e-08 	9.617804962e-07
0.859417184 	-0.0004216868706 	0.001040420781 	3.187332358e-08 	0.0004978081952 	-2.725287407e-08 	9.489607787e-07
0.8620355136 	-0.0004176436846 	0.001053198694 	3.416248464e-08 	0.0004912383265 	-2.779435241e-08 	9.36436783e-07
0.8646251844 	-0.0004136849398 	0.00106639331 	3.649912749e-08 	0.0004848354782 	-2.821305857e-08 	9.242311745e-07
0.8671864803 	-0.0004097991275 	0.001080025636 	3.891525842e-08 	0.0004785822711 	-2.859094744e-08 	9.123108238e-07
0.869719717 	-0.0004059254954 	0.001094142621 	4.146132729e-08 	0.0004724044462 	-2.905717532e-08 	9.005341725e-07
0.8722252062 	-0.0004019575454 	0.001108814099 	4.418951268e-08 	0.0004661764281 	-2.97515225e-08 	8.88661839e-07
0.8747032823 	-0.0003977662183 	0.001124119471 	4.712656984e-08 	0.0004597486084 	-3.076238196e-08 	8.764086281e-07
0.8771542268 	-0.0003932509948 	0.001140120262 	5.024697385e-08 	0.0004530059999 	-3.206179656e-08 	8.635553423e-07
0.8795783229 	-0.0003883979596 	0.001156829927 	5.345359931e-08 	0.0004459379997 	-3.346635089e-08 	8.500817696e-07
0.8819758673 	-0.0003833138167 	0.001174197873 	5.658895069e-08 	0.0004386725294 	-3.465960963e-08 	8.362317637e-07
0.8843471534 	-0.0003782323766 	0.001192106678 	5.947218303e-08 	0.0004314805742 	-3.528069448e-08 	8.225218982e-07
0.8866924807 	-0.0003734682558 	0.001210394633 	6.195038953e-08 	0.0004247201727 	-3.505099534e-08 	8.096346941e-07
0.8890121322 	-0.0003693313245 	0.001228896438 	6.394761022e-08 	0.0004187358564 	-3.389082712e-08 	7.982269238e-07
0.8913063745 	-0.0003660247572 	0.00124749189 	6.548831226e-08 	0.0004137466717 	-3.197698301e-08 	7.887161513e-07
0.8935754874 	-0.0003635493383 	0.001266154146 	6.669863245e-08 	0.0004097391825 	-2.97264581e-08 	7.81076763e-07
0.8958197471 	-0.0003616592099 	0.001284975685 	6.778076814e-08 	0.0004064209189 	-2.771306659e-08 	7.747512302e-07
0.8980394268 	-0.000359886646 	0.001304162514 	6.896370994e-08 	0.0004032551536 	-2.653687238e-08 	7.687164018e-07
0.9002348058 	-0.000357637046 	0.001323993903 	7.043869555e-08 	0.0003995706891 	-2.666921019e-08 	7.616927883e-07
0.9024061361 	-0.000354343299 	0.001344750967 	7.22914945e-08 	0.0003947376842 	-2.830432448e-08 	7.524797377e-07
0.9045536803 	-0.0003496299072 	0.001366637287 	7.444989516e-08 	0.0003883513559 	-3.12553844e-08 	7.40305621e-07
0.9066776993 	-0.0003434289142 	0.001389718296 	7.666708223e-08 	0.0003803543286 	-3.493283283e-08 	7.250610643e-07
0.9087784508 	-0.0003360115491 	0.001413895391 	7.854239224e-08 	0.000371065339 	-3.842561553e-08 	7.073536685e-07
0.9108561896 	-0.0003279208212 	0.001438921224 	7.95767253e-08 	0.0003610988381 	-4.068154625e-08 	6.883547476e-07
0.912911172 	-0.0003198354943 	0.001464444296 	7.926353698e-08 	0.0003512084676 	-4.077176907e-08 	6.695009526e-07
0.9149436382 	-0.0003124167947 	0.001490066065 	7.722165735e-08 	0.0003421172598 	-3.822009019e-08 	6.521705837e-07
0.9169538349 	-0.0003061674251 	0.001515404755 	7.178902998e-08 	0.0003343649279 	-3.263141301e-08 	6.373924846e-07
0.9189420056 	-0.0003013189848 	0.001540161338 	6.408017572e-08 	0.0003281878721 	-2.590188722e-08 	6.256172992e-07
0.9209083911 	-0.0002977634826 	0.001564176942 	5.63760111e-08 	0.0003234520936 	-2.08552071e-08 	6.165895893e-07
0.9228532297 	-0.0002950559462 	0.001587460866 	4.967400711e-08 	0.0003196657962 	-1.949761649e-08 	6.09371854e-07
0.924776758 	-0.0002925337364 	0.001610159555 	4.452218528e-08 	0.0003161139344 	-2.250190061e-08 	6.026010184e-07
0.9266792058 	-0.0002895846473 	0.001632446891 	4.048321227e-08 	0.000312147038 	-2.812777342e-08 	5.950390113e-07
0.9285608024 	-0.0002860059734 	0.001654358627 	3.596799475e-08 	0.0003075598147 	-3.210627246e-08 	5.862944887e-07
0.9304217757 	-0.0002822817034 	0.001675645574 	2.877156733e-08 	0.0003028733558 	-2.924145697e-08 	5.773607954e-07
0.9322623509 	-0.0002795614341 	0.001695748556 	1.729033382e-08 	0.0002992956469 	-1.629252602e-08 	5.705406879e-07
0.9340827508 	-0.0002791737032 	0.001713985699 	2.219915349e-09 	0.0002981552965 	2.793435695e-09 	5.683668631e-07
0.9358831957 	-0.0002818731377 	0.001729918915 	-1.381705698e-08 	0.0003001677416 	2.670039838e-08 	5.722031428e-07
0.9376639037 	-0.0002870822591 	0.001743786607 	-2.408314559e-08 	0.0003049864736 	3.924712542e-08 	5.813889852e-07
0.9394250883 	-0.0002910859398 	0.001753703253 	-8.971963555e-08 	0.0003086456326 	3.947503458e-09 	5.883643594e-07
0.9411669627 	-0.0002891893329 	0.001754265418 	-1.26857485e-07 	0.0003056582083 	-3.117922521e-08 	5.826694983e-07
0.9428897376 	-0.0002834924225 	0.001752945116 	-8.963797426e-08 	0.0002987379932 	-2.942283243e-08 	5.694776449e-07
0.9445936216 	-0.0002777831571 	0.00175689186 	-7.413390818e-08 	0.000292315451 	-2.916425704e-08 	5.572344946e-07
0.9462788209 	-0.0002717221166 	0.001762037867 	-6.891719605e-08 	0.0002854454377 	-3.198566483e-08 	5.441383397e-07
0.9479455394 	-0.0002652661301 	0.001767690595 	-6.555175733e-08 	0.0002780311501 	-3.143297493e-08 	5.300046469e-07
0.9495939787 	-0.0002586520695 	0.001773684143 	-6.258731749e-08 	0.0002705364901 	-3.08970458e-08 	5.157177419e-07
0.9512243377 	-0.0002518568834 	0.001780015489 	-5.902889789e-08 	0.000262917453 	-3.052903411e-08 	5.011937395e-07
0.9528368136 	-0.0002448679979 	0.00178676798 	-5.481423634e-08 	0.0002551518522 	-3.00972691e-08 	4.863903462e-07
0.9544316015 	-0.0002382198457 	0.001792879522 	-5.04192849e-08 	0.0002477728766 	-2.958877906e-08 	4.723239677e-07
0.9554705059 	-0.0002327292475 	0.001798144308 	-4.678594783e-08 	0.0002417111899 	-2.924438263e-08 	4.607687081e-07
0.9564902884 	-0.0002279408645 	0.001803625139 	-4.32129517e-08 	0.0002364807884 	-2.883085612e-08 	4.507981091e-07
0.9574913001 	-0.0002231618663 	0.001809475878 	-3.95013564e-08 	0.0002312630508 	-2.838411465e-08 	4.40851651e-07
0.9584738859 	-0.0002183964372 	0.001815703144 	-3.566711501e-08 	0.000226064534 	-2.790808109e-08 	4.309418331e-07
0.9594383841 	-0.0002136664062 	0.001822322608 	-3.17219863e-08 	0.0002209266757 	-2.740385544e-08 	4.211476473e-07
0.9603851272 	-0.000208966813 	0.001829362782 	-2.767631528e-08 	0.000215837566 	-2.68770969e-08 	4.114463898e-07
0.9613144412 	-0.0002042987153 	0.001836858048 	-2.353982455e-08 	0.0002107975391 	-2.633161774e-08 	4.018386977e-07
0.9622266463 	-0.0001996626779 	0.00184483987 	-1.932195053e-08 	0.0002058063311 	-2.57708299e-08 	3.92324068e-07
0.9631220568 	-0.0001950589669 	0.001853337416 	-1.503164409e-08 	0.0002008634304 	-2.519784122e-08 	3.829015255e-07
0.9640009813 	-0.0001904877547 	0.001862378625 	-1.067755156e-08 	0.0001959684327 	-2.461553876e-08 	3.735702994e-07
0.9648637228 	-0.0001859489453 	0.001871990445 	-6.268066053e-09 	0.0001911206473 	-2.40265196e-08 	3.643290729e-07
0.9657105787 	-0.0001814422207 	0.001882198778 	-1.811385773e-09 	0.0001863191442 	-2.343307893e-08 	3.551760736e-07
0.966541841 	-0.000176967142 	0.001893028598 	2.684380535e-09 	0.0001815629059 	-2.283723246e-08 	3.461093615e-07
0.9673577962 	-0.0001725231942 	0.001904504004 	7.211120137e-09 	0.0001768508663 	-2.224072743e-08 	3.371269042e-07
0.9681587258 	-0.0001681098315 	0.001916648242 	1.176062173e-08 	0.0001721819504 	-2.164505484e-08 	3.28226653e-07
0.9689449059 	-0.0001637265267 	0.001929483687 	1.632447911e-08 	0.0001675551254 	-2.105146596e-08 	3.194066385e-07
0.9697166078 	-0.0001593728172 	0.001943031799 	2.089399113e-08 	0.0001629694457 	-2.046099015e-08 	3.106650585e-07
0.9704740975 	-0.0001550483483 	0.001957313034 	2.546005619e-08 	0.0001584240958 	-1.987445368e-08 	3.020003582e-07
0.9712176365 	-0.000150752913 	0.001972346717 	3.001305976e-08 	0.0001539184292 	-1.929249934e-08 	2.934113055e-07
0.9719474812 	-0.0001464864909 	0.001988150887 	3.454275334e-08 	0.0001494520102 	-1.871560777e-08 	2.848970694e-07
0.9726638834 	-0.0001422492627 	0.002004742072 	3.903812512e-08 	0.0001450246094 	-1.814411251e-08 	2.76457213e-07
0.9733670903 	-0.0001380416721 	0.002022135008 	4.348726348e-08 	0.0001406363004 	-1.757822664e-08 	2.680918763e-07
0.9740573446 	-0.0001338644412 	0.002040342532 	4.787716328e-08 	0.0001362874645 	-1.701806279e-08 	2.598017864e-07
0.9747348845 	-0.0001297185218 	0.002059374994 	5.219353838e-08 	0.0001319786778 	-1.646361839e-08 	2.515880414e-07
0.9753999438 	-0.000125605176 	0.002079239736 	5.642073227e-08 	0.0001277108599 	-1.591484757e-08 	2.434523945e-07
0.9760527521 	-0.0001215259974 	0.002099940868 	6.054142285e-08 	0.0001234853059 	-1.537166175e-08 	2.353973141e-07
0.9766935347 	-0.0001174828608 	0.002121478588 	6.453629586e-08 	0.000119303583 	-1.483392802e-08 	2.27425788e-07
0.9773225128 	-0.0001134779359 	0.002143848455 	6.838343718e-08 	0.0001151675603 	-1.430141413e-08 	2.195413791e-07
0.9779399037 	-0.0001095137398 	0.002167040514 	7.205843133e-08 	0.0001110795184 	-1.377214151e-08 	2.117484349e-07
0.9785459205 	-0.0001055933541 	0.00219103857 	7.553560853e-08 	0.0001070425942 	-1.32465378e-08 	2.040529356e-07
0.9791407724 	-0.0001017199643 	0.002215820067 	7.879398822e-08 	0.0001030598872 	-1.272090922e-08 	1.964607889e-07
0.9797246648 	-9.789891582e-05 	0.002241361891 	8.190055225e-08 	9.913860352e-05 	-1.21425114e-08 	1.889857325e-07
0.9802977995 	-9.413370452e-05 	0.002267670557 	8.491928245e-08 	9.528278511e-05 	-1.195922338e-08 	1.816354709e-07
0.9808603744 	-9.035721778e-05 	0.002294764258 	8.786915392e-08 	9.135585954e-05 	-1.159829683e-08 	1.741496593e-07
0.9814125837 	-8.666746889e-05 	0.002322772161 	9.267440051e-08 	8.755037466e-05 	-1.009146414e-08 	1.668953475e-07
0.9819546183 	-8.318884756e-05 	0.002352133894 	9.17367954e-08 	8.414313633e-05 	-1.007218597e-08 	1.604002042e-07
0.9824866654 	-7.94525013e-05 	0.002380126405 	8.511186438e-08 	8.037253284e-05 	-1.171513169e-08 	1.53212386e-07
0.9830089088 	-7.536256706e-05 	0.002406098703 	8.4749959e-08 	7.606495477e-05 	-1.151117518e-08 	1.45000945e-07
0.9835215289 	-7.142827336e-05 	0.002432825948 	8.826763219e-08 	7.203428298e-05 	-1.023394064e-08 	1.373173642e-07
0.9840247029 	-6.770444849e-05 	0.002460607939 	9.11565887e-08 	6.829665583e-05 	-9.642654353e-09 	1.301924081e-07
0.9845186046 	-6.409196911e-05 	0.002489326512 	9.370076097e-08 	6.463433393e-05 	-9.159761765e-09 	1.232110046e-07
0.9850034048 	-6.062389613e-05 	0.002518918043 	9.598182833e-08 	6.111115302e-05 	-8.53159919e-09 	1.164948426e-07
0.9854792709 	-5.730847692e-05 	0.002549340299 	9.804884401e-08 	5.774631922e-05 	-7.931600485e-09 	1.100805342e-07
0.9859463674 	-5.413918696e-05 	0.002580566174 	9.993083124e-08 	5.45324476e-05 	-7.370566379e-09 	1.039540016e-07
0.9864048558 	-5.110870628e-05 	0.002612576111 	1.016387358e-07 	5.146119534e-05 	-6.84406949e-09 	9.809934122e-08
0.9868548945 	-4.821072457e-05 	0.002645353105 	1.031755398e-07 	4.852588826e-05 	-6.348613417e-09 	9.25038301e-08
0.9872966392 	-4.543965174e-05 	0.002678880476 	1.045416362e-07 	4.572069562e-05 	-5.882398738e-09 	8.715635327e-08
0.9877302424 	-4.27904871e-05 	0.002713141071 	1.057370234e-07 	4.304038559e-05 	-5.443768527e-09 	8.204693739e-08
0.9881558542 	-4.02587358e-05 	0.002748117254 	1.067621963e-07 	4.048024206e-05 	-5.031199305e-09 	7.716659227e-08
0.9885736216 	-3.784030494e-05 	0.002783792017 	1.076189367e-07 	3.803595773e-05 	-4.643352476e-09 	7.250710698e-08
0.9889836891 	-3.553137309e-05 	0.002820153574 	1.083122764e-07 	3.57035034e-05 	-4.279037123e-09 	6.806080075e-08
0.9893861985 	-3.332816147e-05 	0.002857213249 	1.088579707e-07 	3.347892422e-05 	-3.93715756e-09 	6.382013456e-08
0.9897812889 	-3.122542114e-05 	0.002894868336 	1.09205775e-07 	3.135691107e-05 	-3.617193233e-09 	5.97749877e-08
0.9901690971 	-2.921952645e-05 	0.002933082647 	1.09382442e-07 	2.933372762e-05 	-3.317772327e-09 	5.591823774e-08
0.9905497571 	-2.730888507e-05 	0.002971921394 	1.094368815e-07 	2.740725667e-05 	-3.037469314e-09 	5.224584866e-08
0.9909234005 	-2.549054846e-05 	0.003011345084 	1.093367628e-07 	2.557385901e-05 	-2.775804629e-09 	4.875088316e-08
0.9912901566 	-2.37654934e-05 	0.003051313695 	1.090904152e-07 	2.383821156e-05 	-2.531702286e-09 	4.544225672e-08
0.9916501522 	-2.214786646e-05 	0.00309180237 	1.087047646e-07 	2.223126801e-05 	-2.303519024e-09 	4.237897569e-08
0.9920035119 	-2.060540963e-05 	0.003132813937 	1.081877695e-07 	2.069125554e-05 	-2.092550159e-09 	3.94432839e-08
0.9923503578 	-1.92147414e-05 	0.00317012058 	1.074655606e-07 	1.925429133e-05 	-1.913646658e-09 	3.670403074e-08
0.9925735893 	-1.813619706e-05 	0.003200623749 	1.070465463e-07 	1.814107169e-05 	-1.781174214e-09 	3.45819247e-08
0.9927968229 	-1.725694568e-05 	0.003228545555 	1.065067964e-07 	1.727441276e-05 	-1.664974365e-09 	3.29298319e-08
0.9930200586 	-1.640022536e-05 	0.003256980504 	1.05910325e-07 	1.643044585e-05 	-1.553554405e-09 	3.132099639e-08
0.9932432965 	-1.555499283e-05 	0.003285954977 	1.052587269e-07 	1.558696804e-05 	-1.447054323e-09 	2.971309326e-08
0.9934665364 	-1.473161557e-05 	0.003315488167 	1.045542257e-07 	1.4764519e-05 	-1.346663532e-09 	2.81452768e-08
0.9936897785 	-1.382092343e-05 	0.003345588922 	1.037959059e-07 	1.374508271e-05 	-1.285728817e-09 	2.620194789e-08
0.9939130227 	-1.29765849e-05 	0.003376239792 	1.029811115e-07 	1.283549746e-05 	-1.173611935e-09 	2.446802559e-08
0.9941362689 	-1.250242591e-05 	0.003407770548 	1.021680525e-07 	1.2641557e-05 	-9.919383512e-10 	2.409832117e-08
0.9943595173 	-1.190040973e-05 	0.003435582016 	1.005825458e-07 	1.218618788e-05 	-9.713272514e-10 	2.323026107e-08
0.9945827679 	-1.089218329e-05 	0.003457619531 	9.879671824e-08 	1.091988283e-05 	-9.80843671e-10 	2.08163317e-08
0.9948060205 	-1.004510725e-05 	0.003478855214 	9.757278456e-08 	9.95491032e-06 	-8.453184018e-10 	1.897682589e-08
0.9950292752 	-9.432895863e-06 	0.003501522103 	9.635859831e-08 	9.429648965e-06 	-7.473660295e-10 	1.797553176e-08
0.995252532 	-8.795405522e-06 	0.003526151811 	9.521784383e-08 	8.824230624e-06 	-7.013638587e-10 	1.682143614e-08
0.995475791 	-8.144403329e-06 	0.003553479901 	9.415027006e-08 	8.161766221e-06 	-6.405053375e-10 	1.555859486e-08
0.9956990521 	-7.520977512e-06 	0.003584153166 	9.314527926e-08 	7.524595923e-06 	-5.838835889e-10 	1.434397118e-08
0.9959223153 	-6.922968837e-06 	0.003618632913 	9.218135779e-08 	6.90964881e-06 	-5.317006338e-10 	1.317171107e-08
0.9961455805 	-6.349202426e-06 	0.003657052701 	9.122421246e-08 	6.316854005e-06 	-4.831742586e-10 	1.204167941e-08
0.9963688479 	-5.801531769e-06 	0.003699095412 	9.023308234e-08 	5.753223971e-06 	-4.375232116e-10 	1.096724391e-08
0.9965921175 	-5.28262253e-06 	0.003743954419 	8.917007598e-08 	5.228246567e-06 	-3.944703437e-10 	9.966491073e-09
0.9968153891 	-4.792144742e-06 	0.003790429996 	8.801056284e-08 	4.745903148e-06 	-3.540932161e-10 	9.047010455e-09
0.9970386628 	-4.323518876e-06 	0.003837171569 	8.674991475e-08 	4.297653924e-06 	-3.164454297e-10 	8.19252285e-09
0.9972619387 	-3.864309591e-06 	0.003882998709 	8.54026264e-08 	3.862700684e-06 	-2.810740039e-10 	7.363381086e-09
0.9974852167 	-3.401415084e-06 	0.003927170839 	8.399408471e-08 	3.417975832e-06 	-2.4694358e-10 	6.515611912e-09
0.9977084967 	-2.927404e-06 	0.003969486696 	8.254996076e-08 	2.950675252e-06 	-2.129217007e-10 	5.624807128e-09
0.9979317789 	-2.442093337e-06 	0.004010186559 	8.108910724e-08 	2.461534789e-06 	-1.783117662e-10 	4.692369455e-09
0.9981550632 	-1.949882271e-06 	0.004049736191 	7.96223023e-08 	1.959778e-06 	-1.430006078e-10 	3.735881559e-09
0.9983783497 	-1.45549263e-06 	0.004088612778 	7.815491579e-08 	1.454900386e-06 	-1.071601957e-10 	2.773444504e-09
0.9986016382 	-1.02409829e-06 	0.004127174964 	7.66901755e-08 	1.076921645e-06 	-7.434448283e-11 	2.052911969e-09
0.9988249288 	-4.900233834e-07 	0.004165629876 	7.523111028e-08 	4.949374451e-07 	-3.609396741e-11 	9.434883308e-10
0.9990482216 	-6.920166061e-08 	0.004187428582 	7.397418171e-08 	-1.024064007e-07 	-7.883122829e-12 	-1.952150615e-10
0.9990482216 	-6.920166061e-08 	0.004187428582 	7.397418171e-08 	-1.024064007e-07 	-7.883122829e-12 	-1.952150615e-10
