0.4709558481 	3.975802178e-08 	-0.006328041247 	3.428199121e-08 	-3.781624953e-08 	5.342023197e-12 	-7.208828307e-11
0.4709558481 	3.975802178e-08 	-0.006328041247 	3.428199121e-08 	-3.781624953e-08 	5.342023197e-12 	-7.208828307e-11
0.4711314108 	8.186462564e-08 	-0.006325546251 	3.425306786e-08 	-8.03981457e-08 	1.163544806e-11 	-1.532612109e-10
0.4713069734 	1.586352969e-07 	-0.00631887104 	3.418991642e-08 	-1.507523524e-07 	2.274866507e-11 	-2.873758829e-10
0.471482536 	2.285071095e-07 	-0.006311623382 	3.411544861e-08 	-2.074584826e-07 	3.368349066e-11 	-3.954735276e-10
0.4716580986 	2.893724415e-07 	-0.006303078154 	3.401766114e-08 	-2.462976952e-07 	4.409176121e-11 	-4.695118617e-10
0.4718336613 	3.493645703e-07 	-0.00629209797 	3.388002884e-08 	-2.834343869e-07 	5.461617991e-11 	-5.403047177e-10
0.4720092239 	4.257310224e-07 	-0.006277252695 	3.368635101e-08 	-3.531017222e-07 	6.610119175e-11 	-6.731100218e-10
0.4721847865 	5.363291415e-07 	-0.006257229323 	3.343078515e-08 	-4.905450946e-07 	7.897594804e-11 	-9.3511529e-10
0.4723603491 	6.833254374e-07 	-0.006231475082 	3.312883735e-08 	-6.994131051e-07 	9.250328548e-11 	-1.33327577e-09
0.4725359118 	8.442934595e-07 	-0.006200787755 	3.28206664e-08 	-9.339573138e-07 	1.049908502e-10 	-1.78038222e-09
0.4727114744 	9.842831639e-07 	-0.006167463381 	3.256034936e-08 	-1.123153538e-06 	1.151535526e-10 	-2.141042807e-09
0.472887037 	1.081082509e-06 	-0.006134806346 	3.239470643e-08 	-1.221216586e-06 	1.232828475e-10 	-2.327978232e-09
0.4730625996 	1.140088313e-06 	-0.006106201369 	3.234411856e-08 	-1.237418981e-06 	1.309426397e-10 	-2.3588645e-09
0.4732381623 	1.186801189e-06 	-0.006084209743 	3.23962636e-08 	-1.221262534e-06 	1.396446115e-10 	-2.328065822e-09
0.4734137249 	1.247974274e-06 	-0.006070075076 	3.251382784e-08 	-1.22498258e-06 	1.499195987e-10 	-2.335157264e-09
0.4735892875 	1.338715362e-06 	-0.006063727604 	3.26489945e-08 	-1.277883991e-06 	1.61385288e-10 	-2.436002056e-09
0.4737648501 	1.461260987e-06 	-0.006064125659 	3.275661884e-08 	-1.383912166e-06 	1.733220394e-10 	-2.638121226e-09
0.4739404128 	1.609626664e-06 	-0.006069702423 	3.280204905e-08 	-1.530902919e-06 	1.851605834e-10 	-2.918326457e-09
0.4741159754 	1.774495758e-06 	-0.006078753083 	3.276362441e-08 	-1.700284436e-06 	1.966391473e-10 	-3.241214705e-09
0.474291538 	1.94753175e-06 	-0.006089712681 	3.263139537e-08 	-1.875624871e-06 	2.076622108e-10 	-3.575462306e-09
0.4744671006 	2.246265542e-06 	-0.006101263384 	3.240544391e-08 	-2.291880547e-06 	2.124112269e-10 	-4.368961318e-09
0.4746426632 	2.519885899e-06 	-0.006112323948 	3.209417347e-08 	-2.648147608e-06 	2.191447072e-10 	-5.048105355e-09
0.4748182259 	2.3780223e-06 	-0.00612278955 	3.169460144e-08 	-2.16601529e-06 	2.427756972e-10 	-4.129027156e-09
0.4749937885 	2.39222196e-06 	-0.006126619277 	3.135860709e-08 	-1.99101293e-06 	2.546939965e-10 	-3.795424018e-09
0.4751693511 	3.007464432e-06 	-0.006120087485 	3.115497793e-08 	-3.013577327e-06 	2.443202746e-10 	-5.744715965e-09
0.4753449137 	3.438245461e-06 	-0.006110030289 	3.096940926e-08 	-3.662311343e-06 	2.445269467e-10 	-6.981383306e-09
0.4755204764 	3.484307503e-06 	-0.006100308286 	3.078212716e-08 	-3.535859313e-06 	2.539322888e-10 	-6.740330592e-09
0.475696039 	3.617555617e-06 	-0.006090654579 	3.059556165e-08 	-3.576407748e-06 	2.582919493e-10 	-6.817627178e-09
0.4758716016 	3.888148129e-06 	-0.006081074097 	3.04101333e-08 	-3.884136371e-06 	2.604662467e-10 	-7.404243462e-09
0.4760471642 	4.162015727e-06 	-0.006071539625 	3.022704397e-08 	-4.191616958e-06 	2.619786728e-10 	-7.990386921e-09
0.4762227269 	4.383731065e-06 	-0.006061839235 	3.002638718e-08 	-4.35367881e-06 	2.622747731e-10 	-8.299321854e-09
0.4764955107 	4.670095306e-06 	-0.006049464615 	2.978095069e-08 	-4.563886921e-06 	2.61253891e-10 	-8.700036938e-09
0.4767734216 	5.107943167e-06 	-0.006034458383 	2.951073484e-08 	-5.02268084e-06 	2.589538531e-10 	-9.574625664e-09
0.4770565557 	5.582506774e-06 	-0.006019158597 	2.924344357e-08 	-5.533153123e-06 	2.547420951e-10 	-1.054772771e-08
0.4773450114 	6.038082139e-06 	-0.00600353239 	2.897966762e-08 	-5.984410604e-06 	2.482904552e-10 	-1.140794989e-08
0.4776388886 	6.508457819e-06 	-0.005987562042 	2.87206046e-08 	-6.444212955e-06 	2.397540265e-10 	-1.228446097e-08
0.4779382892 	7.000525823e-06 	-0.00597124281 	2.846828887e-08 	-6.926682585e-06 	2.291746798e-10 	-1.320418218e-08
0.4782433171 	7.512645786e-06 	-0.005954562554 	2.822351778e-08 	-7.428986099e-06 	2.16580275e-10 	-1.416171228e-08
0.4785540779 	8.043672818e-06 	-0.005937505139 	2.798725938e-08 	-7.949359576e-06 	2.020331189e-10 	-1.515368876e-08
0.4788706795 	8.592983821e-06 	-0.005920055328 	2.776045634e-08 	-8.487156222e-06 	1.856320121e-10 	-1.617887864e-08
0.4791932316 	9.159910396e-06 	-0.005902198395 	2.754397998e-08 	-9.041711183e-06 	1.675123268e-10 	-1.723601453e-08
0.4795218461 	9.743678249e-06 	-0.005883919984 	2.73386081e-08 	-9.612216847e-06 	1.478473259e-10 	-1.832355689e-08
0.4798566368 	1.034344042e-05 	-0.005865206091 	2.714500849e-08 	-1.01977844e-05 	1.268498084e-10 	-1.94398114e-08
0.48019772 	1.095829191e-05 	-0.005846043073 	2.696372278e-08 	-1.079746711e-05 	1.047733195e-10 	-2.058297331e-08
0.4805452138 	1.158727705e-05 	-0.005826417661 	2.679514931e-08 	-1.141026771e-05 	8.19128752e-11 	-2.175114158e-08
0.4808992388 	1.222939794e-05 	-0.005806316949 	2.663952471e-08 	-1.203514703e-05 	5.860517268e-11 	-2.294233523e-08
0.4812599177 	1.288362443e-05 	-0.005785728382 	2.649690447e-08 	-1.267103436e-05 	3.522822186e-11 	-2.415451322e-08
0.4816273755 	1.354890495e-05 	-0.00576463974 	2.636714226e-08 	-1.331683868e-05 	1.220033333e-11 	-2.538559575e-08
0.4820017397 	1.422417793e-05 	-0.005743039101 	2.624986848e-08 	-1.397146035e-05 	-1.002160132e-11 	-2.663348659e-08
0.48238314 	1.490838379e-05 	-0.005720914816 	2.614446844e-08 	-1.463380328e-05 	-3.094460534e-11 	-2.789609631e-08
0.4827717088 	1.56004772e-05 	-0.005698255462 	2.605006017e-08 	-1.530278735e-05 	-5.004296588e-11 	-2.917136587e-08
0.4831675807 	1.629943939e-05 	-0.005675049803 	2.59654726e-08 	-1.597736076e-05 	-6.67625052e-11 	-3.045729029e-08
0.4835708931 	1.700429021e-05 	-0.005651286735 	2.588922418e-08 	-1.665651228e-05 	-8.052582908e-11 	-3.175194185e-08
0.4839817856 	1.771409982e-05 	-0.005626955236 	2.581950274e-08 	-1.73392829e-05 	-9.073863889e-11 	-3.305349242e-08
0.4844004009 	1.842799945e-05 	-0.005602044311 	2.575414698e-08 	-1.802477669e-05 	-9.679719077e-11 	-3.43602341e-08
0.4848268841 	1.914519117e-05 	-0.005576542924 	2.569063036e-08 	-1.871217054e-05 	-9.809698942e-11 	-3.567059784e-08
0.485261383 	1.98649563e-05 	-0.005550439945 	2.562604774e-08 	-1.940072262e-05 	-9.404286412e-11 	-3.698316947e-08
0.4857040484 	2.058666221e-05 	-0.005523724078 	2.555710542e-08 	-2.008977915e-05 	-8.406066214e-11 	-3.829670273e-08
0.4861550336 	2.130976738e-05 	-0.005496383794 	2.54801149e-08 	-2.077877942e-05 	-6.761099778e-11 	-3.961012873e-08
0.4866144951 	2.203382444e-05 	-0.005468407269 	2.539099058e-08 	-2.146725884e-05 	-4.420586933e-11 	-4.092256187e-08
0.4870825921 	2.275848132e-05 	-0.005439782307 	2.528525107e-08 	-2.215485001e-05 	-1.342977631e-11 	-4.223330174e-08
0.487559487 	2.348348016e-05 	-0.005410496278 	2.515802365e-08 	-2.284128159e-05 	2.503151031e-11 	-4.354183112e-08
0.4880453452 	2.420865419e-05 	-0.005380536047 	2.500405123e-08 	-2.352637515e-05 	7.134902088e-11 	-4.484780985e-08
0.4885403351 	2.493392226e-05 	-0.005349887915 	2.481770112e-08 	-2.421003957e-05 	1.254869858e-10 	-4.615106426e-08
0.4890446283 	2.56592806e-05 	-0.005318537556 	2.459297593e-08 	-2.489226273e-05 	1.870984125e-10 	-4.745157122e-08
0.4895583997 	2.63847913e-05 	-0.005286469967 	2.432352959e-08 	-2.557310003e-05 	2.553220443e-10 	-4.874943633e-08
0.4900818274 	2.711056789e-05 	-0.005253669425 	2.400269908e-08 	-2.625266216e-05 	3.284178864e-10 	-5.004487063e-08
0.4906150929 	2.783675153e-05 	-0.005220119458 	2.362352895e-08 	-2.693109146e-05 	4.03852005e-10 	-5.133814543e-08
0.4911583811 	2.856343935e-05 	-0.005185802825 	2.317856032e-08 	-2.760846056e-05 	4.800455378e-10 	-5.262939921e-08
0.4917118805 	2.92904954e-05 	-0.005150701539 	2.265898287e-08 	-2.828449911e-05 	5.547658035e-10 	-5.391811658e-08
0.4922757829 	3.001796173e-05 	-0.005114796883 	2.205580219e-08 	-2.895963001e-05 	5.71843638e-10 	-5.520510372e-08
0.4928502838 	3.074735605e-05 	-0.005078069153 	2.136749509e-08 	-2.963745277e-05 	4.446049408e-10 	-5.649722229e-08
0.4934355824 	3.148006571e-05 	-0.005040496799 	2.058845668e-08 	-3.032093515e-05 	5.688162567e-10 	-5.780012967e-08
0.4940318817 	3.219830226e-05 	-0.005002030581 	2.081890548e-08 	-3.097637446e-05 	1.091948198e-09 	-5.904957916e-08
0.4946393885 	3.289218853e-05 	-0.004962506188 	2.607259658e-08 	-3.159230228e-05 	1.109175551e-09 	-6.022370877e-08
0.4952583133 	3.358494733e-05 	-0.004921513728 	3.435034982e-08 	-3.222784119e-05 	7.486708809e-10 	-6.143522257e-08
0.4958888709 	3.426858278e-05 	-0.004879109083 	3.951597346e-08 	-3.286862591e-05 	1.001732129e-09 	-6.265673634e-08
0.4965312797 	3.492295478e-05 	-0.004835653408 	4.110701773e-08 	-3.346425952e-05 	1.525661651e-09 	-6.379217956e-08
0.4971857627 	3.556319084e-05 	-0.004791295831 	4.113669005e-08 	-3.403719226e-05 	1.716887929e-09 	-6.48843486e-08
0.4978525466 	3.619927906e-05 	-0.004746158017 	4.080765688e-08 	-3.460487221e-05 	1.742655806e-09 	-6.596650436e-08
0.4985318627 	3.683336901e-05 	-0.004700247345 	4.02764261e-08 	-3.516962136e-05 	1.834239737e-09 	-6.704307321e-08
0.4992239466 	3.747544436e-05 	-0.00465359327 	3.992065972e-08 	-3.574556219e-05 	2.115276707e-09 	-6.81409765e-08
0.4999290382 	3.813449076e-05 	-0.004606230387 	4.002130529e-08 	-3.634013024e-05 	2.696170134e-09 	-6.927438846e-08
0.5006473819 	3.882098722e-05 	-0.004558246051 	4.119872372e-08 	-3.695959968e-05 	3.255281919e-09 	-7.045526939e-08
0.501379227 	3.955100288e-05 	-0.004509563385 	4.182726964e-08 	-3.761691051e-05 	3.661792514e-09 	-7.170828651e-08
0.502124827 	4.034126783e-05 	-0.004459983646 	3.663918267e-08 	-3.831673811e-05 	4.489196362e-09 	-7.304235243e-08
0.5028844406 	4.122525519e-05 	-0.00440900568 	2.36849759e-08 	-3.910698137e-05 	6.147717759e-09 	-7.454877572e-08
0.5036583311 	4.220756846e-05 	-0.00435611708 	7.155362179e-09 	-4.00213201e-05 	7.595120142e-09 	-7.629175946e-08
0.5044467669 	4.3200699e-05 	-0.004301405668 	-3.034430814e-09 	-4.095584006e-05 	6.885991078e-09 	-7.807321425e-08
0.5052500214 	4.410329234e-05 	-0.004245153753 	-6.739448647e-09 	-4.178441895e-05 	4.821783315e-09 	-7.96527159e-08
0.506068373 	4.498087683e-05 	-0.004180040933 	-1.09132581e-08 	-4.256118497e-05 	3.473504742e-09 	-8.113344782e-08
0.507324668 	4.594803783e-05 	-0.004098143208 	-1.574089973e-08 	-4.340797076e-05 	2.841547284e-09 	-8.274765689e-08
0.5085949819 	4.694432313e-05 	-0.004006695876 	-2.086009791e-08 	-4.428506534e-05 	2.686738338e-09 	-8.441964294e-08
0.5098794711 	4.790003465e-05 	-0.00391316267 	-2.605563744e-08 	-4.512286586e-05 	2.927285863e-09 	-8.601672358e-08
0.5111782938 	4.881355442e-05 	-0.00381749682 	-3.15043177e-08 	-4.591755088e-05 	3.172878945e-09 	-8.753161409e-08
0.5124916099 	4.967170218e-05 	-0.003719615471 	-3.727839902e-08 	-4.666021466e-05 	3.27558271e-09 	-8.894733768e-08
0.5138195812 	5.045632356e-05 	-0.003619402824 	-4.33941276e-08 	-4.733460224e-05 	3.249398353e-09 	-9.023290785e-08
0.5151623712 	5.115141776e-05 	-0.003516705881 	-4.986863504e-08 	-4.792518295e-05 	3.156285083e-09 	-9.135871882e-08
0.5165201452 	5.17417774e-05 	-0.003411326583 	-5.674656717e-08 	-4.841565528e-05 	3.033620891e-09 	-9.22936954e-08
0.5178930705 	5.221245463e-05 	-0.003303014958 	-6.409903474e-08 	-4.879153987e-05 	2.898294902e-09 	-9.30102359e-08
0.5192813161 	5.254911032e-05 	-0.003191532753 	-7.182724748e-08 	-4.90439791e-05 	2.745581795e-09 	-9.349145524e-08
0.520685053 	5.272902775e-05 	-0.003076894243 	-7.945603867e-08 	-4.915152195e-05 	2.536727e-09 	-9.36964618e-08
0.522104454 	5.271943507e-05 	-0.002959533235 	-8.650199387e-08 	-4.907058099e-05 	2.24953581e-09 	-9.354216583e-08
0.523539694 	5.249503787e-05 	-0.002840117217 	-9.2822386e-08 	-4.876147089e-05 	1.90453624e-09 	-9.295291607e-08
0.5249909497 	5.205118866e-05 	-0.00271937276 	-9.833435935e-08 	-4.820863261e-05 	1.517874239e-09 	-9.189905264e-08
0.5264583998 	5.140794677e-05 	-0.002598162583 	-1.028159637e-07 	-4.742849825e-05 	1.098211906e-09 	-9.041189973e-08
0.527942225 	5.094063177e-05 	-0.00247753752 	-1.060483659e-07 	-4.71266019e-05 	1.334230729e-09 	-8.983640139e-08
0.5294426081 	5.011846621e-05 	-0.002358764567 	-1.078272597e-07 	-4.620719277e-05 	3.127778015e-10 	-8.808375205e-08
0.5309597337 	4.812377522e-05 	-0.002243364569 	-1.079631024e-07 	-4.310537046e-05 	-1.794674928e-09 	-8.217081662e-08
0.5324937889 	4.635788024e-05 	-0.002113577639 	-1.25872626e-07 	-4.112136945e-05 	-3.251600983e-10 	-7.838875927e-08
0.5340449624 	4.511054677e-05 	-0.001967370144 	-1.398214213e-07 	-4.082710737e-05 	6.501550884e-10 	-7.782781396e-08
0.5356134452 	4.284642653e-05 	-0.001825804839 	-1.343546405e-07 	-3.86285514e-05 	-1.578959328e-09 	-7.363675522e-08
0.5371994306 	4.008641708e-05 	-0.001691615758 	-1.323130171e-07 	-3.548065783e-05 	-1.838470951e-09 	-6.763599515e-08
0.5388031139 	3.766421619e-05 	-0.001562743545 	-1.305611832e-07 	-3.304955208e-05 	-1.178542243e-09 	-6.300163191e-08
0.5404246925 	3.528335487e-05 	-0.001438621925 	-1.288955254e-07 	-3.07393745e-05 	-1.431726957e-09 	-5.859779136e-08
0.5420643661 	3.285547172e-05 	-0.001318911881 	-1.270603299e-07 	-2.837269019e-05 	-1.57551224e-09 	-5.408623328e-08
0.5437223366 	3.041102128e-05 	-0.001203614851 	-1.247645824e-07 	-2.5998106e-05 	-1.712938402e-09 	-4.955961583e-08
0.5453988083 	2.796342811e-05 	-0.001092865624 	-1.219562518e-07 	-2.362853059e-05 	-1.829085663e-09 	-4.504254651e-08
0.5470939875 	2.552856187e-05 	-0.0009868397746 	-1.186137619e-07 	-2.128063807e-05 	-1.919638844e-09 	-4.056681082e-08
0.5488080831 	2.312099961e-05 	-0.0008857385013 	-1.147258891e-07 	-1.8967577e-05 	-1.987928438e-09 	-3.615747353e-08
0.5505413061 	2.075516238e-05 	-0.0007897788821 	-1.102892112e-07 	-1.670135164e-05 	-2.03421259e-09 	-3.183741813e-08
0.5522938699 	1.844560643e-05 	-0.0006991823098 	-1.053146102e-07 	-1.449366625e-05 	-2.059061556e-09 	-2.762895618e-08
0.5540659904 	1.620655786e-05 	-0.0006141578973 	-9.983592785e-08 	-1.235552263e-05 	-2.063497426e-09 	-2.355306017e-08
0.5558578859 	1.405124396e-05 	-0.0005348815355 	-9.391666933e-08 	-1.029662662e-05 	-2.049335954e-09 	-1.962823215e-08
0.5576697768 	1.199111809e-05 	-0.0004614722523 	-8.765364696e-08 	-8.324741742e-06 	-2.019281909e-09 	-1.58692715e-08
0.5595018865 	1.003512541e-05 	-0.0003939685672 	-8.117615484e-08 	-6.445193521e-06 	-1.976470282e-09 	-1.22863302e-08
0.5613544406 	8.189055298e-06 	-0.0003323086958 	-7.463967362e-08 	-4.660497159e-06 	-1.924719013e-09 	-8.884202903e-09
0.563227667 	6.455171722e-06 	-0.0002763188451 	-6.82141453e-08 	-2.970347424e-06 	-1.865962192e-09 	-5.662307756e-09
0.5651217966 	4.832337643e-06 	-0.000225711551 	-6.207502072e-08 	-1.372218582e-06 	-1.802478536e-09 	-2.615830006e-09
0.5670370626 	3.314784067e-06 	-0.0001801038627 	-5.632791096e-08 	1.408751549e-07 	-1.744593101e-09 	2.685471995e-10
0.5689737009 	1.892726216e-06 	-0.0001390976379 	-5.10178259e-08 	1.581760964e-06 	-1.699898517e-09 	3.015276024e-09
0.5709319499 	5.560352356e-07 	-0.000102254321 	-4.624179988e-08 	2.962123357e-06 	-1.663603716e-09 	5.646630399e-09
0.5729120508 	-7.047016318e-07 	-6.906625878e-05 	-4.203655459e-08 	4.288702815e-06 	-1.631762869e-09 	8.175459549e-09
0.5749142474 	-1.89973571e-06 	-3.906167355e-05 	-3.835395178e-08 	5.568993785e-06 	-1.60611044e-09 	1.061604998e-08
0.5769387863 	-3.039887973e-06 	-1.181711354e-05 	-3.516612553e-08 	6.812134553e-06 	-1.587570078e-09 	1.298582179e-08
0.5789859169 	-4.135328755e-06 	1.306191219e-05 	-3.243632222e-08 	8.026408555e-06 	-1.57622634e-09 	1.530056553e-08
0.5810558911 	-5.195441275e-06 	3.592638977e-05 	-3.011230312e-08 	9.219383461e-06 	-1.571487882e-09 	1.757470727e-08
0.583148964 	-6.228440402e-06 	5.708225719e-05 	-2.813953831e-08 	1.039725589e-05 	-1.571670604e-09 	1.98200595e-08
0.5852653933 	-7.241228151e-06 	7.679216104e-05 	-2.646552641e-08 	1.15646428e-05 	-1.575110001e-09 	2.204542341e-08
0.5874054395 	-8.239548629e-06 	9.527905957e-05 	-2.504145111e-08 	1.272491315e-05 	-1.580504644e-09 	2.425722118e-08
0.5895693664 	-9.228146204e-06 	0.0001127303777 	-2.38230462e-08 	1.388048752e-05 	-1.586925907e-09 	2.646006709e-08
0.5917574402 	-1.021091028e-05 	0.0001293023804 	-2.27712108e-08 	1.503309162e-05 	-1.593760149e-09 	2.865725086e-08
0.5939699306 	-1.119099272e-05 	0.0001451246044 	-2.185241929e-08 	1.618394361e-05 	-1.600641229e-09 	3.085109461e-08
0.5962071099 	-1.217090501e-05 	0.0001603041845 	-2.10388508e-08 	1.733388794e-05 	-1.607378258e-09 	3.304320811e-08
0.5984692536 	-1.315260267e-05 	0.0001749299054 	-2.030819332e-08 	1.848348686e-05 	-1.613888875e-09 	3.523466317e-08
0.6007566404 	-1.413756351e-05 	0.0001890758337 	-1.964315492e-08 	1.963308186e-05 	-1.620145627e-09 	3.742611075e-08
0.6030695519 	-1.512686201e-05 	0.000202804435 	-1.903077738e-08 	2.078283446e-05 	-1.626139109e-09 	3.961785877e-08
0.6054082729 	-1.612123837e-05 	0.0002161691461 	-1.846166668e-08 	2.193275273e-05 	-1.631857117e-09 	4.18099226e-08
0.6077730914 	-1.71211596e-05 	0.0002292164232 	-1.792923591e-08 	2.308270804e-05 	-1.637276161e-09 	4.400205704e-08
0.6101642987 	-1.812687055e-05 	0.000241987328 	-1.742902277e-08 	2.42324451e-05 	-1.642360683e-09 	4.619377541e-08
0.6125821893 	-1.91384341e-05 	0.0002545187239 	-1.695811131e-08 	2.538158755e-05 	-1.647065859e-09 	4.838436032e-08
0.6150270608 	-2.015576104e-05 	0.0002668441615 	-1.65146655e-08 	2.652964087e-05 	-1.651341217e-09 	5.057286904e-08
0.6174992144 	-2.117863133e-05 	0.0002789945225 	-1.609756794e-08 	2.76759936e-05 	-1.655133615e-09 	5.275813594e-08
0.6199989545 	-2.220670826e-05 	0.0002909984822 	-1.570614955e-08 	2.881991783e-05 	-1.65838914e-09 	5.493877346e-08
0.622526589 	-2.323954753e-05 	0.0003028828386 	-1.533999387e-08 	2.996056961e-05 	-1.661053977e-09 	5.711317278e-08
0.625082429 	-2.427660274e-05 	0.0003146727447 	-1.499879966e-08 	3.109698967e-05 	-1.663074604e-09 	5.927950528e-08
0.6276667894 	-2.531722864e-05 	0.000326391873 	-1.468228768e-08 	3.222810485e-05 	-1.664397597e-09 	6.143572517e-08
0.6302799884 	-2.636068303e-05 	0.0003380625322 	-1.439013995e-08 	3.335273041e-05 	-1.664969352e-09 	6.357957408e-08
0.6329223478 	-2.740612828e-05 	0.0003497057498 	-1.412196251e-08 	3.446957372e-05 	-1.664735875e-09 	6.570858783e-08
0.6355941931 	-2.845263287e-05 	0.0003613413317 	-1.387726468e-08 	3.557723905e-05 	-1.663642766e-09 	6.782010582e-08
0.6382958531 	-2.949917355e-05 	0.0003729879062 	-1.365544996e-08 	3.667423414e-05 	-1.661635436e-09 	6.991128334e-08
0.6410276607 	-3.054463828e-05 	0.0003846629547 	-1.345581456e-08 	3.775897814e-05 	-1.658659563e-09 	7.197910691e-08
0.6437899523 	-3.158783047e-05 	0.0003963828347 	-1.327755107e-08 	3.882981147e-05 	-1.654661793e-09 	7.402041286e-08
0.646583068 	-3.262747438e-05 	0.0004081627953 	-1.311975521e-08 	3.988500727e-05 	-1.649590659e-09 	7.603190932e-08
0.6494073518 	-3.366222212e-05 	0.0004200169851 	-1.298143418e-08 	4.092278468e-05 	-1.643397683e-09 	7.801020149e-08
0.6522631514 	-3.469066204e-05 	0.0004319584553 	-1.286151569e-08 	4.194132375e-05 	-1.636038645e-09 	7.995182006e-08
0.6551508186 	-3.571132865e-05 	0.0004439991546 	-1.275885669e-08 	4.293878201e-05 	-1.627474973e-09 	8.185325273e-08
0.658070709 	-3.672271392e-05 	0.0004561499174 	-1.267225148e-08 	4.39133122e-05 	-1.617675209e-09 	8.371097813e-08
0.6610231822 	-3.772327979e-05 	0.0004684204442 	-1.260043861e-08 	4.486308125e-05 	-1.6066165e-09 	8.552150191e-08
0.6640086017 	-3.87114716e-05 	0.0004808192725 	-1.254210648e-08 	4.578628976e-05 	-1.594286024e-09 	8.728139392e-08
0.6670273351 	-3.968573216e-05 	0.0004933537378 	-1.249589734e-08 	4.668119175e-05 	-1.580682281e-09 	8.898732585e-08
0.6700797543 	-4.064451595e-05 	0.0005060299246 	-1.246040998e-08 	4.754611403e-05 	-1.565816115e-09 	9.06361081e-08
0.6731662352 	-4.158630298e-05 	0.0005188526048 	-1.243420098e-08 	4.83794745e-05 	-1.549711378e-09 	9.222472477e-08
0.6762871577 	-4.250961169e-05 	0.0005318251647 	-1.241578496e-08 	4.917979882e-05 	-1.532405073e-09 	9.375036537e-08
0.6794429063 	-4.341301038e-05 	0.0005449495188 	-1.24036343e-08 	4.994573465e-05 	-1.513946896e-09 	9.521045194e-08
0.6826338695 	-4.429512641e-05 	0.0005582260109 	-1.239617878e-08 	5.06760627e-05 	-1.494398035e-09 	9.66026602e-08
0.6858604404 	-4.515465262e-05 	0.0005716533012 	-1.239180594e-08 	5.136970406e-05 	-1.473829198e-09 	9.79249334e-08
0.6891230163 	-4.59903503e-05 	0.0005852282418 	-1.238886311e-08 	5.202572288e-05 	-1.452317816e-09 	9.917548761e-08
0.6924219988 	-4.680104825e-05 	0.0005989457387 	-1.238566189e-08 	5.264332425e-05 	-1.429944471e-09 	1.003528075e-07
0.6957577944 	-4.758563746e-05 	0.0006127986035 	-1.238048654e-08 	5.322184648e-05 	-1.406788654e-09 	1.014556316e-07
0.6991308138 	-4.834306105e-05 	0.0006267773946 	-1.237160719e-08 	5.376074778e-05 	-1.382924038e-09 	1.024829273e-07
0.7025414724 	-4.907229939e-05 	0.0006408702514 	-1.235729953e-08 	5.42595872e-05 	-1.358413506e-09 	1.034338539e-07
0.7059901901 	-4.97723504e-05 	0.0006550627245 	-1.233587216e-08 	5.471799996e-05 	-1.333304277e-09 	1.04307716e-07
0.7094773917 	-5.044220537e-05 	0.0006693376048 	-1.230570319e-08 	5.513566778e-05 	-1.307623519e-09 	1.05103907e-07
0.7130035066 	-5.10808206e-05 	0.0006836747584 	-1.226528735e-08 	5.55122846e-05 	-1.281374863e-09 	1.058218433e-07
0.7165689691 	-5.16870851e-05 	0.0006980509732 	-1.221329488e-08 	5.584751738e-05 	-1.25453644e-09 	1.064608901e-07
0.7201742182 	-5.225978692e-05 	0.0007124398301 	-1.214864262e-08 	5.614096638e-05 	-1.227060672e-09 	1.070202855e-07
0.7238196978 	-5.279755946e-05 	0.0007268115867 	-1.207057773e-08 	5.639208642e-05 	-1.198879774e-09 	1.074989901e-07
0.727505857 	-5.329892628e-05 	0.0007411330622 	-1.197877562e-08 	5.66003048e-05 	-1.169907081e-09 	1.078959122e-07
0.7312331497 	-5.376229046e-05 	0.0007553675026 	-1.18734538e-08 	5.676502304e-05 	-1.140032615e-09 	1.082099109e-07
0.7350020349 	-5.418454934e-05 	0.0007694362178 	-1.175593921e-08 	5.688473187e-05 	-1.109237797e-09 	1.084381092e-07
0.7387709215 	-5.456074837e-05 	0.000783181954 	-1.162920158e-08 	5.695777831e-05 	-1.077728906e-09 	1.08577356e-07
0.7424982157 	-5.488769561e-05 	0.0007964613831 	-1.149696048e-08 	5.698454993e-05 	-1.045753915e-09 	1.086283902e-07
0.7461843763 	-5.516517437e-05 	0.0008092197548 	-1.136282885e-08 	5.696652987e-05 	-1.013438556e-09 	1.08594039e-07
0.7498298574 	-5.539370275e-05 	0.0008214401087 	-1.12305749e-08 	5.690484062e-05 	-9.808974475e-10 	1.084764421e-07
0.7534351078 	-5.557373534e-05 	0.000833108211 	-1.110423495e-08 	5.680050101e-05 	-9.483064046e-10 	1.082775418e-07
0.7570005716 	-5.570568879e-05 	0.0008442129874 	-1.098797239e-08 	5.665445384e-05 	-9.159080818e-10 	1.079991353e-07
0.7605266877 	-5.578991131e-05 	0.0008547468262 	-1.088591952e-08 	5.646748637e-05 	-8.840120138e-10 	1.076427233e-07
0.7640138905 	-5.582672607e-05 	0.0008647057928 	-1.080200841e-08 	5.624030137e-05 	-8.529850644e-10 	1.072096456e-07
0.7674626093 	-5.581644982e-05 	0.0008740897633 	-1.073979796e-08 	5.597354332e-05 	-8.232414769e-10 	1.067011306e-07
0.770873269 	-5.575940573e-05 	0.0008829024917 	-1.070230621e-08 	5.566781822e-05 	-7.952302621e-10 	1.061183336e-07
0.7742462894 	-5.565593021e-05 	0.0008911516038 	-1.069185826e-08 	5.53237065e-05 	-7.694204274e-10 	1.05462361e-07
0.777582086 	-5.550637487e-05 	0.0008988485224 	-1.070995867e-08 	5.494177059e-05 	-7.462851166e-10 	1.04734285e-07
0.7808810695 	-5.531110292e-05 	0.0009060083306 	-1.075719667e-08 	5.452255496e-05 	-7.262860055e-10 	1.039351435e-07
0.7841436462 	-5.507048217e-05 	0.0009126495782 	-1.083318978e-08 	5.4066582e-05 	-7.098576756e-10 	1.030659323e-07
0.787370218 	-5.478487735e-05 	0.0009187940464 	-1.093656834e-08 	5.357434732e-05 	-6.973927393e-10 	1.021275962e-07
0.7905611821 	-5.44546425e-05 	0.0009244664852 	-1.106500141e-08 	5.304631436e-05 	-6.892290029e-10 	1.011210186e-07
0.7937169314 	-5.408011467e-05 	0.0009296943348 	-1.121526036e-08 	5.248290951e-05 	-6.856386525e-10 	1.000470124e-07
0.7968378547 	-5.366161011e-05 	0.0009345074439 	-1.138331483e-08 	5.188451942e-05 	-6.868197325e-10 	9.890631458e-08
0.7999243362 	-5.319942381e-05 	0.0009389377962 	-1.156445363e-08 	5.125149124e-05 	-6.928902417e-10 	9.769958692e-08
0.8029767561 	-5.269383264e-05 	0.0009430192526 	-1.175342201e-08 	5.058413614e-05 	-7.038848437e-10 	9.642742263e-08
0.8059954902 	-5.214510209e-05 	0.0009467873166 	-1.194456689e-08 	4.988273625e-05 	-7.197541616e-10 	9.509035948e-08
0.8089809102 	-5.155349625e-05 	0.0009502789268 	-1.213198189e-08 	4.914755452e-05 	-7.403665155e-10 	9.368889877e-08
0.8119333839 	-5.091929048e-05 	0.0009535322768 	-1.230964513e-08 	4.837884717e-05 	-7.655118794e-10 	9.222352892e-08
0.8148532749 	-5.024278582e-05 	0.0009565866657 	-1.247154436e-08 	4.757687787e-05 	-7.949077958e-10 	9.069475252e-08
0.8177409426 	-4.952432447e-05 	0.0009594823755 	-1.261178539e-08 	4.674193272e-05 	-8.28206921e-10 	8.910311502e-08
0.8205967427 	-4.876430518e-05 	0.000962260576 	-1.272468164e-08 	4.587433541e-05 	-8.650058575e-10 	8.744923341e-08
0.8234210268 	-4.796319787e-05 	0.0009649632538 	-1.280482374e-08 	4.497446143e-05 	-9.048549233e-10 	8.57338235e-08
0.8262141429 	-4.712155659e-05 	0.0009676331633 	-1.284712974e-08 	4.404275083e-05 	-9.472684999e-10 	8.395772413e-08
0.8289764348 	-4.624003028e-05 	0.0009703137988 	-1.284687721e-08 	4.30797188e-05 	-9.9173563e-10 	8.212191742e-08
0.8317082427 	-4.531937074e-05 	0.0009730493836 	-1.279971919e-08 	4.20859637e-05 	-1.037730572e-09 	8.022754401e-08
0.8344099031 	-4.436043754e-05 	0.0009758848759 	-1.270168636e-08 	4.106217217e-05 	-1.084723049e-09 	7.82759128e-08
0.8370817486 	-4.33641998e-05 	0.0009788659881 	-1.254917812e-08 	4.00091212e-05 	-1.132187992e-09 	7.626850497e-08
0.8397241082 	-4.23317346e-05 	0.0009820392201 	-1.233894486e-08 	3.892767718e-05 	-1.17961462e-09 	7.42069721e-08
0.8423373074 	-4.126422238e-05 	0.0009854519014 	-1.206806401e-08 	3.781879201e-05 	-1.226514754e-09 	7.209312876e-08
0.844921668 	-4.016293932e-05 	0.0009891522446 	-1.173391161e-08 	3.668349643e-05 	-1.272430317e-09 	6.992893985e-08
0.8474775082 	-3.902924712e-05 	0.0009931894052 	-1.133413127e-08 	3.552289093e-05 	-1.316940001e-09 	6.771650319e-08
0.8500051427 	-3.786458038e-05 	0.0009976135474 	-1.08666018e-08 	3.433813446e-05 	-1.359665119e-09 	6.545802807e-08
0.8525048829 	-3.667043208e-05 	0.001002475914 	-1.032940425e-08 	3.313043136e-05 	-1.400274693e-09 	6.31558103e-08
0.8549770366 	-3.544833747e-05 	0.001007828901 	-9.720789065e-09 	3.190101687e-05 	-1.438489819e-09 	6.081220458e-08
0.8574219081 	-3.419985678e-05 	0.001013726125 	-9.039143461e-09 	3.065114156e-05 	-1.474087345e-09 	5.842959485e-08
0.8598397987 	-3.292655714e-05 	0.001020222499 	-8.282958956e-09 	2.938205508e-05 	-1.506902891e-09 	5.601036331e-08
0.862231006 	-3.162999419e-05 	0.001027374297 	-7.450798809e-09 	2.809498969e-05 	-1.536833202e-09 	5.355685894e-08
0.8645958245 	-3.031169366e-05 	0.001035239209 	-6.541265026e-09 	2.679114375e-05 	-1.563837745e-09 	5.107136621e-08
0.8669345455 	-2.897313355e-05 	0.001043876397 	-5.552964632e-09 	2.547166593e-05 	-1.587939419e-09 	4.855607474e-08
0.8692474569 	-2.761572716e-05 	0.001053346527 	-4.484475155e-09 	2.413764018e-05 	-1.609224135e-09 	4.601305088e-08
0.8715348435 	-2.624080775e-05 	0.001063711788 	-3.334309793e-09 	2.279007233e-05 	-1.627838941e-09 	4.344421203e-08
0.8737969871 	-2.484961516e-05 	0.001075035894 	-2.100883509e-09 	2.142987865e-05 	-1.643988233e-09 	4.085130484e-08
0.8760341663 	-2.344328531e-05 	0.001087384051 	-7.824824171e-10 	2.005787712e-05 	-1.657927463e-09 	3.823588859e-08
0.8782466565 	-2.202284315e-05 	0.001100822904 	6.227595683e-10 	1.867478214e-05 	-1.669953703e-09 	3.559932515e-08
0.8804347301 	-2.05892002e-05 	0.001115420431 	2.116870963e-09 	1.728120366e-05 	-1.680392338e-09 	3.294277724e-08
0.8825986568 	-1.914315739e-05 	0.001131245798 	3.702031756e-09 	1.587765155e-05 	-1.68957926e-09 	3.026721683e-08
0.8847387028 	-1.768541438e-05 	0.001148369145 	5.380531081e-09 	1.446454632e-05 	-1.697838186e-09 	2.75734455e-08
0.8868551318 	-1.621658625e-05 	0.001166861309 	7.154681674e-09 	1.304223703e-05 	-1.705453306e-09 	2.486212868e-08
0.8889482045 	-1.4737228e-05 	0.001186793445 	9.026678869e-09 	1.161102708e-05 	-1.712638408e-09 	2.213384473e-08
0.8910181784 	-1.324786691e-05 	0.001208236553 	1.09983936e-08 	1.01712077e-05 	-1.719505015e-09 	1.938914882e-08
0.8930653087 	-1.174904149e-05 	0.001231260878 	1.307109375e-08 	8.723098214e-06 	-1.726033843e-09 	1.662864966e-08
0.8950898473 	-1.024134456e-05 	0.001255935175 	1.52450966e-08 	7.267090328e-06 	-1.732055573e-09 	1.385309395e-08
0.8970920436 	-8.725465855e-06 	0.001282325839 	1.751936767e-08 	5.803692348e-06 	-1.737248113e-09 	1.106345067e-08
0.8990721441 	-7.202228267e-06 	0.00131049589 	1.989109621e-08 	4.333567134e-06 	-1.741156927e-09 	8.260983409e-09
0.9010303927 	-5.672610626e-06 	0.00134050384 	2.235529464e-08 	2.857556924e-06 	-1.743241962e-09 	5.447297714e-09
0.9029670306 	-4.137750832e-06 	0.001372402475 	2.490448339e-08 	1.376688635e-06 	-1.742948537e-09 	2.624351169e-09
0.9048822962 	-2.598925926e-06 	0.001406237606 	2.752853104e-08 	-1.07844076e-07 	-1.739791303e-09 	-2.055807825e-10
0.9067764254 	-1.057510867e-06 	0.001442046869 	3.021471457e-08 	-1.594720726e-06 	-1.733432709e-09 	-3.039980934e-09
0.9086496514 	4.850758843e-07 	0.001479858662 	3.294803904e-08 	-3.082548534e-06 	-1.723734481e-09 	-5.876194256e-09
0.910502205 	2.027426579e-06 	0.001519691333 	3.571180909e-08 	-4.569918697e-06 	-1.710765585e-09 	-8.711535179e-09
0.9123343142 	3.568182612e-06 	0.001561552686 	3.848838492e-08 	-6.055448998e-06 	-1.694762646e-09 	-1.154336882e-08
0.9141462048 	5.106044174e-06 	0.00160543989 	4.126000311e-08 	-7.537799182e-06 	-1.676053662e-09 	-1.436914026e-08
0.9159380997 	6.639744758e-06 	0.001651339737 	4.400951901e-08 	-9.01565156e-06 	-1.654966493e-09 	-1.718633764e-08
0.9177102197 	8.167992632e-06 	0.001699229188 	4.672094281e-08 	-1.048765771e-05 	-1.631746515e-09 	-1.999239049e-08
0.9194627831 	9.689389275e-06 	0.001749076018 	4.937969333e-08 	-1.195236106e-05 	-1.606504542e-09 	-2.278452216e-08
0.9211960055 	1.120233593e-05 	0.001800839351 	5.197257774e-08 	-1.340810445e-05 	-1.579193643e-09 	-2.555957367e-08
0.9229101006 	1.270493439e-05 	0.001854469918 	5.448759319e-08 	-1.485292255e-05 	-1.549627604e-09 	-2.831379854e-08
0.9246052793 	1.419490448e-05 	0.001909909902 	5.691366748e-08 	-1.628445466e-05 	-1.517540289e-09 	-3.10426966e-08
0.9262817504 	1.566932645e-05 	0.001967092711 	5.924092062e-08 	-1.769949006e-05 	-1.482081316e-09 	-3.374014737e-08
0.9279397204 	1.712459471e-05 	0.002025944051 	6.146142929e-08 	-1.909389622e-05 	-1.443671049e-09 	-3.639827307e-08
0.9295793934 	1.855739816e-05 	0.00208638615 	6.357062439e-08 	-2.046455707e-05 	-1.401930489e-09 	-3.90111336e-08
0.9312009714 	1.99574321e-05 	0.002148365099 	6.558987361e-08 	-2.179473618e-05 	-1.339121517e-09 	-4.15468247e-08
0.9328046541 	2.135038762e-05 	0.002211890939 	6.75175945e-08 	-2.313893447e-05 	-1.384370011e-09 	-4.410924024e-08
0.9343906389 	2.279257133e-05 	0.002276998995 	6.933650234e-08 	-2.461374679e-05 	-1.291823776e-09 	-4.692064243e-08
0.9359591211 	2.406669494e-05 	0.002344110398 	7.144550117e-08 	-2.578941267e-05 	-9.417639427e-10 	-4.916178834e-08
0.937510294 	2.509464228e-05 	0.00241231365 	7.106866076e-08 	-2.652552056e-05 	-1.022058096e-09 	-5.056501458e-08
0.9390443485 	2.627865974e-05 	0.002476939501 	7.019892377e-08 	-2.768237279e-05 	-1.152519406e-09 	-5.277029646e-08
0.9405614735 	2.750193554e-05 	0.002538846582 	7.150760567e-08 	-2.904004291e-05 	-8.076192797e-10 	-5.535839306e-08
0.942061856 	2.840129448e-05 	0.00260206752 	7.251401932e-08 	-2.98419929e-05 	-6.084677464e-10 	-5.688713262e-08
0.9435456805 	2.916960106e-05 	0.002666288026 	7.323157109e-08 	-3.046934201e-05 	-5.682626169e-10 	-5.808303438e-08
0.9450131299 	2.992758995e-05 	0.002731245481 	7.366412799e-08 	-3.116300233e-05 	-4.335819945e-10 	-5.940534375e-08
0.946464385 	3.059539064e-05 	0.002796707978 	7.381066226e-08 	-3.176677522e-05 	-2.89310491e-10 	-6.055630268e-08
0.9478996243 	3.116921251e-05 	0.00286246658 	7.367034706e-08 	-3.227644392e-05 	-1.354196467e-10 	-6.152787289e-08
0.9493190246 	3.164629274e-05 	0.00292833576 	7.323759207e-08 	-3.26906499e-05 	3.206782806e-11 	-6.231746461e-08
0.9507227608 	3.202217047e-05 	0.002994146766 	7.250156445e-08 	-3.30052869e-05 	2.173039895e-10 	-6.291725018e-08
0.9521110058 	3.229121622e-05 	0.003059741532 	7.144663821e-08 	-3.321449009e-05 	4.233176697e-10 	-6.33160496e-08
0.9534839303 	3.244743071e-05 	0.003124967842 	7.005348885e-08 	-3.331218784e-05 	6.524010879e-10 	-6.350228866e-08
0.9548417036 	3.248448014e-05 	0.003189675741 	6.830068948e-08 	-3.329206914e-05 	9.057252971e-10 	-6.346393684e-08
0.9561844929 	3.239587198e-05 	0.003253715046 	6.616667278e-08 	-3.314771642e-05 	1.183096747e-09 	-6.318876044e-08
0.9575124634 	3.217531583e-05 	0.003316933811 	6.363187535e-08 	-3.287298242e-05 	1.482817961e-09 	-6.266504106e-08
0.9588257788 	3.181720071e-05 	0.003379177534 	6.068088802e-08 	-3.246248574e-05 	1.801636668e-09 	-6.188252031e-08
0.9601246008 	3.131650619e-05 	0.003440288909 	5.730446941e-08 	-3.191089059e-05 	2.135128598e-09 	-6.083102663e-08
0.9614090893 	3.066806707e-05 	0.003500108035 	5.350134747e-08 	-3.121085964e-05 	2.478316496e-09 	-5.949657308e-08
0.9626794024 	2.987422798e-05 	0.003558472149 	4.927957231e-08 	-3.03676661e-05 	2.821368612e-09 	-5.788921184e-08
0.9639356968 	2.903077994e-05 	0.003610482054 	4.506528258e-08 	-2.948953611e-05 	3.126403293e-09 	-5.621525202e-08
0.9647540487 	2.825882669e-05 	0.003651559223 	4.141475444e-08 	-2.869129936e-05 	3.366199415e-09 	-5.469359091e-08
0.9655573034 	2.750967373e-05 	0.003686780807 	3.805665853e-08 	-2.791260663e-05 	3.569232894e-09 	-5.320918614e-08
0.9663457395 	2.671219808e-05 	0.003720835342 	3.460570839e-08 	-2.708771709e-05 	3.756192872e-09 	-5.163671742e-08
0.9671196303 	2.5872721e-05 	0.00375371762 	3.108236667e-08 	-2.622431286e-05 	3.923470682e-09 	-4.999082899e-08
0.9678792442 	2.499441696e-05 	0.00378542775 	2.750770405e-08 	-2.532362153e-05 	4.069796564e-09 	-4.827386098e-08
0.9686248445 	2.408223236e-05 	0.003815971149 	2.390322711e-08 	-2.439022303e-05 	4.192529267e-09 	-4.6494544e-08
0.9693566897 	2.31417198e-05 	0.003845358457 	2.029061294e-08 	-2.342971428e-05 	4.289039962e-09 	-4.466354737e-08
0.9700750337 	2.217855752e-05 	0.003873605174 	1.669121439e-08 	-2.244776147e-05 	4.357592168e-09 	-4.279167239e-08
0.9707801255 	2.119851899e-05 	0.003900731234 	1.31254264e-08 	-2.145009396e-05 	4.398072633e-09 	-4.088984083e-08
0.9714722095 	2.020740892e-05 	0.003926760572 	9.612075018e-09 	-2.044246908e-05 	4.412411282e-09 	-3.896902776e-08
0.9721515258 	1.921095892e-05 	0.003951720674 	6.168116118e-09 	-1.94305708e-05 	4.40413328e-09 	-3.70400684e-08
0.9728183099 	1.821474489e-05 	0.003975642143 	2.80897996e-09 	-1.841992702e-05 	4.37659479e-09 	-3.511350045e-08
0.9734727929 	1.722417546e-05 	0.003998558288 	-4.502460785e-10 	-1.741589901e-05 	4.330012081e-09 	-3.319954402e-08
0.9741152019 	1.624457761e-05 	0.004020504768 	-3.592998132e-09 	-1.642376798e-05 	4.258288035e-09 	-3.130826652e-08
0.9747457596 	1.528135932e-05 	0.004041519298 	-6.599565891e-09 	-1.544889715e-05 	4.147574469e-09 	-2.944989177e-08
0.9753646845 	1.4340161e-05 	0.004061641394 	-9.446910619e-09 	-1.44968809e-05 	3.978943047e-09 	-2.76350842e-08
0.9759721914 	1.342684435e-05 	0.004080912097 	-1.211146176e-08 	-1.357352988e-05 	3.736840013e-09 	-2.587492052e-08
0.9765684907 	1.254715262e-05 	0.004099373581 	-1.457572269e-08 	-1.268452699e-05 	3.422812942e-09 	-2.418023392e-08
0.9771537895 	1.170595584e-05 	0.004117068568 	-1.683779952e-08 	-1.183467108e-05 	3.070354735e-09 	-2.256017236e-08
0.9777282904 	1.090619882e-05 	0.004134039521 	-1.89204151e-08 	-1.10268372e-05 	2.751788796e-09 	-2.102021646e-08
0.9782921928 	1.014790518e-05 	0.004150327749 	-2.087337178e-08 	-1.026096541e-05 	2.569769545e-09 	-1.956025197e-08
0.9788456922 	9.427840619e-06 	0.004165972716 	-2.276181525e-08 	-9.533703297e-06 	2.626930992e-09 	-1.817388824e-08
0.9793889805 	8.740860494e-06 	0.004181012035 	-2.463309984e-08 	-8.840057585e-06 	2.953798117e-09 	-1.685160672e-08
0.979922246 	8.084143428e-06 	0.004195482294 	-2.647376278e-08 	-8.178809935e-06 	3.324742598e-09 	-1.559108492e-08
0.9804456737 	7.454283267e-06 	0.004209420693 	-2.817815097e-08 	-7.54334962e-06 	3.78250826e-09 	-1.437972094e-08
0.9809594451 	6.853114553e-06 	0.004222867955 	-2.95302055e-08 	-6.932418983e-06 	4.393791687e-09 	-1.321511735e-08
0.9814637383 	6.30080119e-06 	0.004235792107 	-3.365305327e-08 	-6.3754914e-06 	4.27360767e-09 	-1.215345858e-08
0.9819587281 	5.814975047e-06 	0.004248238567 	-4.038338458e-08 	-5.893383068e-06 	3.339764181e-09 	-1.123442611e-08
0.9824445862 	5.384987735e-06 	0.004260349391 	-4.521673318e-08 	-5.456980812e-06 	2.548982938e-09 	-1.040252212e-08
0.9829214811 	5.009031587e-06 	0.004272173763 	-4.748811037e-08 	-5.064624301e-06 	1.886010336e-09 	-9.654581558e-09
0.9833895781 	4.709847991e-06 	0.004283574501 	-4.778748746e-08 	-4.767186777e-06 	1.097479752e-09 	-9.087582968e-09
0.9838490396 	4.470572605e-06 	0.004294696823 	-4.646552359e-08 	-4.53863389e-06 	3.916049834e-10 	-8.651897642e-09
0.9843000247 	4.252530934e-06 	0.004305785624 	-4.378865447e-08 	-4.313265507e-06 	-2.62268462e-10 	-8.222282867e-09
0.98474269 	4.053106359e-06 	0.004316758107 	-3.992595133e-08 	-4.098640788e-06 	-8.221923396e-10 	-7.8131485e-09
0.9851771888 	3.879215478e-06 	0.004327443248 	-3.465745721e-08 	-3.919210447e-06 	-9.470479964e-10 	-7.471104401e-09
0.9856036719 	3.722047007e-06 	0.0043377713 	-3.020238497e-08 	-3.763882474e-06 	-9.452785297e-10 	-7.175006112e-09
0.9860222871 	3.571487409e-06 	0.004347822139 	-2.864207528e-08 	-3.613256824e-06 	-1.227191673e-09 	-6.887871759e-09
0.9864331796 	3.428632533e-06 	0.004357651666 	-2.824964089e-08 	-3.467360002e-06 	-1.416735959e-09 	-6.609751867e-09
0.9868364919 	3.296565322e-06 	0.004367304462 	-2.776369006e-08 	-3.331809448e-06 	-1.374264992e-09 	-6.351354837e-09
0.9872323637 	3.17494759e-06 	0.00437679225 	-2.721736844e-08 	-3.207201483e-06 	-1.349730688e-09 	-6.113817421e-09
0.9876209323 	3.062553253e-06 	0.004386125066 	-2.662161524e-08 	-3.092449606e-06 	-1.368414362e-09 	-5.895068451e-09
0.9880023326 	2.957481003e-06 	0.004395311761 	-2.599024789e-08 	-2.98511857e-06 	-1.379092372e-09 	-5.690465665e-09
0.9883766967 	2.858357435e-06 	0.004404360375 	-2.533576296e-08 	-2.883858309e-06 	-1.379949855e-09 	-5.497435465e-09
0.9887441544 	2.763895207e-06 	0.00441327832 	-2.466727733e-08 	-2.787394135e-06 	-1.371736951e-09 	-5.313547938e-09
0.9891048331 	2.67294596e-06 	0.004422072456 	-2.399216951e-08 	-2.694578012e-06 	-1.354738389e-09 	-5.136614611e-09
0.9894588579 	2.584521779e-06 	0.004430749163 	-2.33167891e-08 	-2.604418272e-06 	-1.32933138e-09 	-4.964745088e-09
0.9898063516 	2.497797082e-06 	0.004439314417 	-2.264668238e-08 	-2.516085436e-06 	-1.296273218e-09 	-4.796358151e-09
0.9901474347 	2.412099391e-06 	0.004447773842 	-2.198669996e-08 	-2.428901796e-06 	-1.256508574e-09 	-4.630161901e-09
0.9904822253 	2.326898073e-06 	0.004456132791 	-2.134107912e-08 	-2.342329824e-06 	-1.211041305e-09 	-4.465131661e-09
0.9908108397 	2.241793493e-06 	0.00446439649 	-2.071350312e-08 	-2.255962562e-06 	-1.16087092e-09 	-4.300491656e-09
0.9911333916 	2.15649951e-06 	0.004472570499 	-2.010712391e-08 	-2.169500893e-06 	-1.106958251e-09 	-4.135671683e-09
0.9914499931 	2.070818195e-06 	0.004480662368 	-1.952448684e-08 	-2.082715139e-06 	-1.050206579e-09 	-3.970233916e-09
0.9917607538 	1.98462331e-06 	0.004488669167 	-1.896902473e-08 	-1.995424525e-06 	-9.914446589e-10 	-3.803833745e-09
0.9920657815 	1.89794981e-06 	0.004496592833 	-1.844205707e-08 	-1.907676968e-06 	-9.314193306e-10 	-3.636562513e-09
0.9923651819 	1.81146888e-06 	0.004504445159 	-1.794436379e-08 	-1.820711433e-06 	-8.707878953e-10 	-3.470782032e-09
0.992659059 	1.72531441e-06 	0.004512227579 	-1.747824137e-08 	-1.734631539e-06 	-8.108237048e-10 	-3.30668983e-09
0.9929475145 	1.632708148e-06 	0.004519940548 	-1.704499803e-08 	-1.635686115e-06 	-7.519543883e-10 	-3.11807235e-09
0.9932306485 	1.504646681e-06 	0.004527611687 	-1.664813289e-08 	-1.465737565e-06 	-6.963815786e-10 	-2.79410318e-09
0.9935085592 	1.483433836e-06 	0.004535328341 	-1.628360284e-08 	-1.508663507e-06 	-5.827891836e-10 	-2.875931956e-09
0.9937813429 	1.486520852e-06 	0.004541678605 	-1.5976447e-08 	-1.592021341e-06 	-6.078493646e-10 	-3.034835155e-09
0.9939569055 	1.227289023e-06 	0.004547018728 	-1.585377901e-08 	-1.136655279e-06 	-7.459974549e-10 	-2.166780879e-09
0.9941324681 	1.102219176e-06 	0.004548555014 	-1.42956805e-08 	-9.442812395e-07 	-5.019900438e-10 	-1.800062492e-09
0.9943080307 	1.241135508e-06 	0.004545163974 	-1.294818426e-08 	-1.282345632e-06 	-2.946314892e-10 	-2.444507185e-09
0.9944835934 	1.20610778e-06 	0.004540610642 	-1.320631907e-08 	-1.274187819e-06 	-4.520995655e-10 	-2.428956125e-09
0.994659156 	1.07156089e-06 	0.004535179752 	-1.330120804e-08 	-1.067067291e-06 	-4.647030376e-10 	-2.034126833e-09
0.9948347186 	1.000988746e-06 	0.00452902566 	-1.342194083e-08 	-9.870134217e-07 	-3.682830861e-10 	-1.881521908e-09
0.9950102812 	9.39729946e-07 	0.004522437756 	-1.354364795e-08 	-9.246183254e-07 	-3.406171587e-10 	-1.762579513e-09
0.9951858439 	8.774143245e-07 	0.004515788424 	-1.36499026e-08 	-8.588566432e-07 	-3.134929662e-10 	-1.637219469e-09
0.9953614065 	8.161887509e-07 	0.004509570896 	-1.373699933e-08 	-7.937288198e-07 	-2.872414079e-10 	-1.513067736e-09
0.9955369691 	7.577462076e-07 	0.004504388143 	-1.379835733e-08 	-7.323516292e-07 	-2.626097329e-10 	-1.396065752e-09
0.9957125317 	7.036155217e-07 	0.00450093211 	-1.383064521e-08 	-6.775458923e-07 	-2.399700186e-10 	-1.291590785e-09
0.9958880943 	6.554608614e-07 	0.004499941456 	-1.383485616e-08 	-6.324479104e-07 	-2.192908794e-10 	-1.205621497e-09
0.996063657 	6.148494025e-07 	0.004502127006 	-1.381660032e-08 	-6.000608131e-07 	-2.004367848e-10 	-1.143882688e-09
0.9962392196 	5.825237967e-07 	0.004508061693 	-1.378586581e-08 	-5.818176901e-07 	-1.832185567e-10 	-1.109106225e-09
0.9964147822 	5.573691809e-07 	0.004518042961 	-1.37559405e-08 	-5.755329675e-07 	-1.674092577e-10 	-1.097125797e-09
0.9965903448 	5.355574579e-07 	0.004531953445 	-1.374120449e-08 	-5.737018971e-07 	-1.527985533e-10 	-1.093635268e-09
0.9967659075 	5.107777333e-07 	0.004549166163 	-1.375387825e-08 	-5.639577974e-07 	-1.392692173e-10 	-1.075060306e-09
0.9969414701 	4.763585368e-07 	0.004568551414 	-1.380047268e-08 	-5.332911926e-07 	-1.26830787e-10 	-1.016601234e-09
0.9971170327 	4.288547563e-07 	0.004588626605 	-1.38793569e-08 	-4.751776622e-07 	-1.155414312e-10 	-9.058206932e-10
0.9972925953 	3.708422241e-07 	0.00460783846 	-1.398092825e-08 	-3.951142417e-07 	-1.05334084e-10 	-7.531975611e-10
0.997468158 	3.102511812e-07 	0.004624896629 	-1.409085091e-08 	-3.092482889e-07 	-9.58871125e-11 	-5.895131899e-10
0.9976437206 	2.559861414e-07 	0.004639033941 	-1.419508895e-08 	-2.356071523e-07 	-8.668528251e-11 	-4.491327161e-10
0.9978192832 	2.12961588e-07 	0.004650092346 	-1.428428179e-08 	-1.841817349e-07 	-7.724462195e-11 	-3.511015777e-10
0.9979948458 	1.802796579e-07 	0.004658418694 	-1.435547588e-08 	-1.532985839e-07 	-6.730880258e-11 	-2.922297082e-10
0.9981704085 	1.532883179e-07 	0.004664643588 	-1.44109859e-08 	-1.337453099e-07 	-5.686897006e-11 	-2.549557334e-10
0.9983459711 	1.270787191e-07 	0.004669451411 	-1.445573139e-08 	-1.1576767e-07 	-4.603755843e-11 	-2.206853552e-10
0.9985215337 	9.870982317e-08 	0.004673420862 	-1.449471208e-08 	-9.352141212e-08 	-3.490062209e-11 	-1.782778047e-10
0.9986970963 	6.73485045e-08 	0.004676959237 	-1.453155671e-08 	-6.535886883e-08 	-2.337682651e-11 	-1.245921698e-10
0.998872659 	3.434569627e-08 	0.004680310318 	-1.456818473e-08 	-3.398537609e-08 	-1.190703916e-11 	-6.47855728e-11
0.9990482216 	1.705991976e-08 	0.004681514966 	-1.45873142e-08 	-1.674853041e-08 	-5.825275088e-12 	-3.192735325e-11
0.9990482216 	1.705991976e-08 	0.004681514966 	-1.45873142e-08 	-1.674853041e-08 	-5.825275088e-12 	-3.192735325e-11
