0.2478607252 	6.4345663e-05 	-0.0001042854437 	1.381957795e-08 	-6.356900376e-05 	4.133785379e-08 	-1.211801893e-07
0.2480966905 	0.000264822238 	-0.0004434194622 	1.219862931e-07 	-0.000252941332 	2.064057217e-07 	-4.821764801e-07
0.248332665 	0.0007517571903 	-0.001341530973 	4.489265846e-07 	-0.0006673350204 	6.11112084e-07 	-1.272126025e-06
0.248568647 	0.001496032297 	-0.002958942958 	1.139655073e-06 	-0.001151758189 	1.21045396e-06 	-2.195571222e-06
0.2488046349 	0.002356619433 	-0.005381973806 	2.311933434e-06 	-0.001377961773 	1.819857615e-06 	-2.626778123e-06
0.2490406268 	0.003132194745 	-0.008571168753 	4.00969635e-06 	-0.0009821538101 	2.222918174e-06 	-1.872258138e-06
0.2492766213 	0.003648499932 	-0.01231375082 	6.184343372e-06 	0.0002321463018 	2.285934067e-06 	4.42535373e-07
0.2495126165 	0.003835053622 	-0.01625076293 	8.760699498e-06 	0.002168074026 	1.953703879e-06 	4.132951678e-06
0.2497486107 	0.003738135561 	-0.01999854023 	1.171508591e-05 	0.00449826139 	1.159567798e-06 	8.574936437e-06
0.2499846024 	0.003467338937 	-0.02328315683 	1.506602942e-05 	0.006856325456 	-1.936854526e-07 	1.307006194e-05
0.2502205898 	0.003128773699 	-0.02599773614 	1.879769991e-05 	0.008992669759 	-2.137366492e-06 	1.714252794e-05
0.2504565713 	0.002790111455 	-0.02818043511 	2.324548454e-05 	0.01081609714 	-4.937513059e-06 	2.061848733e-05
0.2506925451 	0.002489442695 	-0.02989198533 	2.353424402e-05 	0.0123017106 	-4.656575424e-06 	2.345047949e-05
0.2509285096 	0.002338761362 	-0.0307327572 	1.758406004e-05 	0.01304463317 	6.127531604e-07 	2.486669639e-05
0.2511644632 	0.002332304398 	-0.03084799491 	1.382113443e-05 	0.01314178069 	3.786752598e-06 	2.505188657e-05
0.2514004042 	0.002349861775 	-0.03087901094 	1.352664989e-05 	0.01315493884 	3.8096866e-06 	2.507696966e-05
0.2516363308 	0.002372056517 	-0.03091149548 	1.323829245e-05 	0.01316392324 	3.811812732e-06 	2.509409642e-05
0.2518722415 	0.002397665384 	-0.03094578282 	1.295040724e-05 	0.01317087974 	3.808898375e-06 	2.510735744e-05
0.2521081347 	0.002426834744 	-0.03098145141 	1.265902938e-05 	0.01317508013 	3.811645963e-06 	2.511536455e-05
0.2523440085 	0.002459435349 	-0.03101816731 	1.236532913e-05 	0.01317628431 	3.810745703e-06 	2.511766006e-05
0.2525798615 	0.002495152863 	-0.03105565406 	1.206952524e-05 	0.01317457137 	3.802327527e-06 	2.511439472e-05
0.2528156919 	0.002533604018 	-0.03109365785 	1.177204176e-05 	0.01317013022 	3.783048594e-06 	2.510592865e-05
0.2530514981 	0.002574349414 	-0.03113196339 	1.147388398e-05 	0.01316325881 	3.749014981e-06 	2.509282982e-05
0.2532872785 	0.002616881975 	-0.03117043088 	1.11769527e-05 	0.01315442026 	3.695660532e-06 	2.507598109e-05
0.2535230314 	0.002660639551 	-0.0312090356 	1.088375478e-05 	0.01314426697 	3.619571304e-06 	2.505662611e-05
0.2537587551 	0.002705055899 	-0.03124788292 	1.059642267e-05 	0.01313358969 	3.519856181e-06 	2.503627224e-05
0.2539944482 	0.002749609401 	-0.03128717514 	1.031577448e-05 	0.01312322543 	3.397616149e-06 	2.501651508e-05
0.2542301088 	0.002793820821 	-0.03132714921 	1.004153217e-05 	0.01311400303 	3.255003039e-06 	2.499893462e-05
0.2544657354 	0.002837195935 	-0.03136804745 	9.773615847e-06 	0.01310678928 	3.094185689e-06 	2.498518321e-05
0.2547013264 	0.002879500672 	-0.03140999943 	9.512936472e-06 	0.01310195918 	2.916126306e-06 	2.497597569e-05
0.2549368801 	0.002926777776 	-0.03145982 	9.276835405e-06 	0.01309967101 	2.700620272e-06 	2.497161382e-05
0.2553027985 	0.002982127318 	-0.03152604984 	8.904140587e-06 	0.01310544792 	2.361259857e-06 	2.498262621e-05
0.2556754916 	0.003038502804 	-0.03160690441 	8.570752019e-06 	0.01312570192 	1.941103559e-06 	2.502123595e-05
0.2560550761 	0.003089290528 	-0.0317003748 	8.277730551e-06 	0.01316595714 	1.445052917e-06 	2.509797359e-05
0.2564416703 	0.003132784559 	-0.03181146885 	8.036691235e-06 	0.01323341905 	8.614292584e-07 	2.522657475e-05
0.2568353939 	0.003166353106 	-0.03194741017 	7.86020436e-06 	0.0133388007 	1.711324245e-07 	2.542746146e-05
0.2572363681 	0.003186248937 	-0.03211817551 	7.759267831e-06 	0.01349704377 	-6.564879152e-07 	2.572911674e-05
0.2576447153 	0.003186688286 	-0.03233716581 	7.720722148e-06 	0.01372917235 	-1.587379735e-06 	2.617161833e-05
0.2580605592 	0.003164065612 	-0.03260048915 	6.839131345e-06 	0.01404261995 	-1.857230648e-06 	2.676913657e-05
0.2584840249 	0.003134067259 	-0.03269633867 	-4.679589792e-06 	0.01428897982 	5.934235316e-06 	2.723876695e-05
0.2589152389 	0.003252083091 	-0.03126652882 	-2.182986446e-05 	0.01342954582 	1.717625317e-05 	2.560044688e-05
0.2593543286 	0.003550220029 	-0.02743345957 	-2.718166175e-05 	0.0109021586 	1.806038918e-05 	2.078254439e-05
0.2598014228 	0.003727060139 	-0.02228375596 	-2.226029699e-05 	0.007824832247 	1.133256552e-05 	1.491630506e-05
0.2602566512 	0.003528225512 	-0.01707219855 	-1.469412172e-05 	0.005359241597 	4.582165215e-06 	1.021620401e-05
0.260720145 	0.002919809011 	-0.01249550603 	-7.885577559e-06 	0.003990740278 	6.519065649e-07 	7.607460139e-06
0.2611920358 	0.00203085601 	-0.008773912486 	-2.932044681e-06 	0.003637198431 	-5.269517222e-07 	6.933511116e-06
0.2616714541 	0.001036974481 	-0.005962164346 	2.639223709e-07 	0.004014788866 	3.491509541e-08 	7.653303431e-06
0.261672451 	0.001034895414 	-0.005956301161 	-6.939540904e-09 	0.004015587541 	-7.120883176e-10 	7.654825928e-06
0.2621588784 	8.0983582e-05 	-0.003951475409 	-2.382178787e-06 	0.004789130662 	-9.220481782e-07 	9.129414112e-06
0.2626540653 	-0.0007508636897 	-0.002548923074 	-3.224270164e-06 	0.00567813348 	-2.292059486e-06 	1.082410057e-05
0.2631581466 	-0.001439527289 	-0.001583827572 	-3.177271809e-06 	0.006540795939 	-3.494050902e-06 	1.246857498e-05
0.2636712583 	-0.001995575414 	-0.0009251911026 	-2.716062087e-06 	0.007318213564 	-4.394561534e-06 	1.395054905e-05
0.2641935365 	-0.00244273442 	-0.0004773211454 	-2.116654596e-06 	0.007999580041 	-5.082967025e-06 	1.524942293e-05
0.2647251181 	-0.002806677675 	-0.0001729418295 	-1.515383401e-06 	0.008595526229 	-5.682070439e-06 	1.6385462e-05
0.2652661398 	-0.003110199433 	3.406960795e-05 	-9.658353498e-07 	0.00912387074 	-6.285435223e-06 	1.739263348e-05
0.265816739 	-0.003371517621 	0.0001755108354 	-4.816704198e-07 	0.009602376452 	-6.949915887e-06 	1.830479836e-05
0.2663787789 	-0.003606055199 	0.0002732314077 	-5.761150483e-08 	0.01004938933 	-7.707783095e-06 	1.915692914e-05
0.2669678609 	-0.003823950158 	0.0003417481693 	3.186358623e-07 	0.01047633943 	-8.5921544e-06 	1.99708147e-05
0.2675675323 	-0.004029190662 	0.0003906602381 	6.545502911e-07 	0.0108851826 	-9.575594182e-06 	2.075018342e-05
0.2681779758 	-0.004224997815 	0.0004267230307 	9.55053555e-07 	0.01127854754 	-1.064421332e-05 	2.150004631e-05
0.2687993775 	-0.004414273786 	0.0004548230551 	1.227407318e-06 	0.01165951582 	-1.176401868e-05 	2.222627775e-05
0.269431926 	-0.004598182184 	0.0004775583909 	1.485990749e-06 	0.01202876763 	-1.288578948e-05 	2.293017433e-05
0.2700758133 	-0.004780969571 	0.0004960822939 	1.749026471e-06 	0.01239460374 	-1.418590572e-05 	2.362755964e-05
0.2707312343 	-0.004968938508 	0.0005115494783 	2.029351247e-06 	0.01276968554 	-1.590693994e-05 	2.434256979e-05
0.2713983871 	-0.00515880975 	0.000525000685 	2.327704888e-06 	0.01314637371 	-1.786631573e-05 	2.506064215e-05
0.2720774729 	-0.00535121586 	0.0005376016301 	2.621281691e-06 	0.01352530748 	-1.991857871e-05 	2.578299523e-05
0.2727686961 	-0.005552331316 	0.0005504528591 	2.90782736e-06 	0.01391891618 	-2.176584854e-05 	2.65333228e-05
0.2734722645 	-0.005757254978 	0.0005636638737 	2.913413455e-06 	0.01431679822 	-2.118005737e-05 	2.729179655e-05
0.274188389 	-0.005960649696 	0.0005772088116 	2.82798254e-06 	0.0147078733 	-2.002436812e-05 	2.803729436e-05
0.274917284 	-0.006163061654 	0.0005911079752 	2.736245654e-06 	0.01509363832 	-1.895756377e-05 	2.87726697e-05
0.2756591673 	-0.006365699491 	0.0006049896968 	2.633958907e-06 	0.01547696764 	-1.788649942e-05 	2.950340191e-05
0.27641426 	-0.006569079196 	0.0006185316603 	2.512349538e-06 	0.0158591158 	-1.674787822e-05 	3.023188252e-05
0.277182787 	-0.006773137039 	0.0006316222232 	2.36866405e-06 	0.01624010892 	-1.551778721e-05 	3.095816131e-05
0.2779649765 	-0.006977675563 	0.0006441872004 	2.20321856e-06 	0.0166196905 	-1.419600983e-05 	3.16817493e-05
0.2787610603 	-0.00718267619 	0.0006561257802 	2.016449154e-06 	0.01699795062 	-1.278315638e-05 	3.240281823e-05
0.2795712742 	-0.007388201423 	0.0006673090615 	1.807895818e-06 	0.0173751322 	-1.127767965e-05 	3.312183114e-05
0.2803958572 	-0.007594291267 	0.000677604329 	1.576468607e-06 	0.01775142272 	-9.677178866e-06 	3.383914545e-05
0.2812350526 	-0.00780090991 	0.0006868796446 	1.321003855e-06 	0.01812685545 	-7.979693227e-06 	3.455482459e-05
0.2820891073 	-0.008008075038 	0.0006949127707 	1.040450931e-06 	0.01850155015 	-6.184800738e-06 	3.526909682e-05
0.2829582719 	-0.008215872433 	0.0007015652107 	7.338383753e-07 	0.01887578427 	-4.293102804e-06 	3.598249107e-05
0.2838428013 	-0.008425521005 	0.000706602825 	4.000802202e-07 	0.01925186477 	-2.303929525e-06 	3.669940504e-05
0.2847556243 	-0.008638224825 	0.0007098514195 	3.235130197e-08 	0.01963188115 	-1.834332511e-07 	3.742382186e-05
0.2848333523 	-0.008655825701 	0.0007099765213 	-3.53579711e-08 	0.01966317502 	1.31583349e-06 	3.748347668e-05
0.2856962892 	-0.008853764462 	0.0007103207431 	3.156886659e-07 	0.02001485244 	-1.930267352e-06 	3.815387159e-05
0.2866531183 	-0.009067585053 	0.0007090156712 	6.855189816e-07 	0.02039311907 	-4.130617705e-06 	3.887495293e-05
0.2876267427 	-0.009279178701 	0.0007054530626 	1.082762812e-06 	0.02076603023 	-6.429890327e-06 	3.958582525e-05
0.2886174419 	-0.009488908757 	0.0006990841687 	1.508572296e-06 	0.02113442467 	-8.826772874e-06 	4.028808744e-05
0.2896255 	-0.009697222169 	0.000689307642 	1.964940223e-06 	0.02149927866 	-1.13202743e-05 	4.098360054e-05
0.2906512055 	-0.009905582464 	0.0006751915345 	2.455318219e-06 	0.02186337568 	-1.391263704e-05 	4.167767067e-05
0.2916948513 	-0.01011781502 	0.0006553328842 	2.984914784e-06 	0.0222336926 	-1.661465988e-05 	4.238359763e-05
0.292756735 	-0.01034068487 	0.0006282505102 	3.560241293e-06 	0.02262236051 	-1.944223014e-05 	4.31245067e-05
0.2938371588 	-0.01058449131 	0.0005914969205 	4.191117828e-06 	0.02304738221 	-2.241479695e-05 	4.393471618e-05
0.2949364296 	-0.01089490432 	0.0005419983875 	4.906171294e-06 	0.02358630551 	-2.560066848e-05 	4.496205378e-05
0.2966211408 	-0.01124371083 	0.0004884479401 	6.002259179e-06 	0.02418722752 	-3.035997523e-05 	4.610757815e-05
0.2983211975 	-0.01155204082 	0.0004417750177 	5.828091346e-06 	0.02471333301 	-2.850214298e-05 	4.711048143e-05
0.3000367404 	-0.01181252291 	0.0004027123929 	5.17865693e-06 	0.02515434066 	-2.442500232e-05 	4.795116458e-05
0.3017679123 	-0.01204677762 	0.0003639206338 	4.460837948e-06 	0.02554905104 	-2.021894489e-05 	4.870359228e-05
0.3035615948 	-0.01226163721 	0.0003250466213 	3.637907172e-06 	0.0259096872 	-1.58019194e-05 	4.939106502e-05
0.3053762146 	-0.01245663977 	0.000289292728 	2.719182205e-06 	0.02623572987 	-1.130734993e-05 	5.001259298e-05
0.3072070693 	-0.01263539231 	0.0002587319768 	1.700735371e-06 	0.02653347372 	-6.771994094e-06 	5.058017551e-05
0.309054309 	-0.01280216886 	0.0002354668008 	5.800010405e-07 	0.02681018384 	-2.21361045e-06 	5.110766191e-05
0.3099572036 	-0.01287832415 	0.0002284539693 	-9.179171559e-07 	0.02693600989 	4.294004755e-06 	5.134752132e-05
0.3109144486 	-0.01296156699 	0.0002197073927 	5.626991636e-07 	0.02707343255 	-2.194862518e-06 	5.160948712e-05
0.3127878846 	-0.01311567533 	0.0002126532676 	1.720452736e-06 	0.02732686302 	-6.457870037e-06 	5.209259603e-05
0.3146782044 	-0.01326488483 	0.0002162286893 	2.960082782e-06 	0.02757145232 	-1.072414394e-05 	5.255885122e-05
0.3165855688 	-0.01341118256 	0.000230363357 	4.275535334e-06 	0.02781070333 	-1.499670283e-05 	5.301493013e-05
0.318510141 	-0.01355842611 	0.0002534710955 	5.662746296e-06 	0.02805125728 	-1.928689809e-05 	5.347349282e-05
0.3204874336 	-0.0137099651 	0.0002841739165 	7.145117756e-06 	0.02829884965 	-2.369375145e-05 	5.394547268e-05
0.3225010989 	-0.01386750531 	0.0003210144212 	8.712669208e-06 	0.02855659523 	-2.820553342e-05 	5.44368074e-05
0.324532613 	-0.01403768146 	0.0003599515111 	8.757337305e-06 	0.02883601376 	-2.775106903e-05 	5.496945679e-05
0.3265821488 	-0.01423240996 	0.0003964108773 	7.576572424e-06 	0.02915743438 	-2.355882374e-05 	5.558217382e-05
0.3286498823 	-0.01446624196 	0.0004261902588 	6.335530514e-06 	0.02954549245 	-1.936817841e-05 	5.632192035e-05
0.3307359925 	-0.01475687913 	0.0004450389028 	5.027430329e-06 	0.03002985986 	-1.513017436e-05 	5.724525926e-05
0.3328406618 	-0.01512447258 	0.0004492437092 	3.63641351e-06 	0.03064384099 	-1.077901498e-05 	5.841567794e-05
0.334964076 	-0.01559306451 	0.0004348860359 	2.136855848e-06 	0.03142644858 	-6.236817774e-06 	5.990754553e-05
0.3371320833 	-0.01618982137 	0.0003987919625 	4.752811858e-07 	0.03242070443 	-1.364199727e-06 	6.180287352e-05
0.3377175152 	-0.01638958858 	0.0003815048795 	-1.261112262e-06 	0.03275191547 	1.336949843e-05 	6.24342538e-05
0.3393444052 	-0.01694555674 	0.0003314905594 	1.25036513e-06 	0.03367402295 	-3.88468881e-06 	6.419204695e-05
0.3415743451 	-0.01788988775 	0.0002242637396 	3.173755572e-06 	0.03522989264 	-9.647254933e-06 	6.715796701e-05
0.3438239536 	-0.0190464441 	0.0001025920838 	5.174357017e-06 	0.03711992828 	-1.604328589e-05 	7.076090025e-05
0.346093434 	-0.02035195767 	2.700272719e-05 	6.935611063e-06 	0.0392417106 	-1.982141277e-05 	7.480560708e-05
0.3483829935 	-0.02115087657 	3.959549092e-05 	8.505894158e-06 	0.04055419815 	-1.421747036e-05 	7.730757314e-05
0.3506928437 	-0.0213109856 	0.0001160005502 	1.033519564e-05 	0.04084772229 	-9.301231308e-06 	7.786711172e-05
0.3530295839 	-0.02134912436 	0.0001946484618 	1.238730386e-05 	0.04094123196 	-9.97837596e-06 	7.804536714e-05
0.3554374975 	-0.02137703186 	0.0002412540306 	1.116065421e-05 	0.04101119802 	-8.093156391e-06 	7.817874191e-05
0.3578664156 	-0.02140028768 	0.000260991843 	9.442617278e-06 	0.04107025947 	-6.454275932e-06 	7.829132945e-05
0.3603165657 	-0.02142170585 	0.0002730170493 	7.469038202e-06 	0.04112501303 	-4.917925957e-06 	7.839570495e-05
0.3627881801 	-0.02144240657 	0.0002849161206 	5.395542825e-06 	0.0411781505 	-3.447552418e-06 	7.849699972e-05
0.3652814963 	-0.02146291142 	0.0002991778897 	3.254318458e-06 	0.04123091601 	-2.02486721e-06 	7.859758546e-05
0.3677967568 	-0.02148343484 	0.0003161180207 	1.058756224e-06 	0.04128385323 	-6.423192677e-07 	7.869849851e-05
0.3690001284 	-0.02149315363 	0.0003251375521 	-7.135770057e-07 	0.04130900541 	-4.154873398e-06 	7.874644556e-05
0.3703570904 	-0.02150371295 	0.0003339787111 	1.138837977e-06 	0.04133719151 	-7.145372962e-07 	7.88001761e-05
0.3729676944 	-0.02152378845 	0.0003539750149 	3.344147057e-06 	0.04139099598 	-2.049019898e-06 	7.890274237e-05
0.3756010887 	-0.02154383505 	0.0003769356639 	5.590996564e-06 	0.04144493236 	-3.346245912e-06 	7.900556011e-05
0.3782575372 	-0.02156375646 	0.0004017836463 	7.877488881e-06 	0.04149877057 	-4.606440056e-06 	7.910819069e-05
0.3809373097 	-0.02158356595 	0.0004288670252 	1.020157873e-05 	0.04155252969 	-5.83000749e-06 	7.921067052e-05
0.3836406821 	-0.02160324072 	0.0004578634333 	1.256139834e-05 	0.0416061607 	-7.01736057e-06 	7.931290613e-05
0.3863896793 	-0.02162290576 	0.0004882624975 	1.49080132e-05 	0.04166001665 	-8.142416965e-06 	7.941557055e-05
0.389197645 	-0.02164264529 	0.0005212828804 	1.275090696e-05 	0.041714294 	-6.809766991e-06 	7.951903826e-05
0.3920300409 	-0.02166226905 	0.000556578041 	1.055910736e-05 	0.0417684846 	-5.516051336e-06 	7.96223406e-05
0.3948871681 	-0.02168168298 	0.0005929771113 	8.334684981e-06 	0.04182236027 	-4.260453233e-06 	7.97250426e-05
0.397769335 	-0.02170092958 	0.0006313759024 	6.080553205e-06 	0.04187600857 	-3.042511687e-06 	7.982731117e-05
0.4006768572 	-0.02172000778 	0.0006707008945 	3.799173427e-06 	0.04192946514 	-1.861377486e-06 	7.992921425e-05
0.4036541291 	-0.02173911443 	0.0007116830805 	1.455426346e-06 	0.04198325911 	-6.982824617e-07 	8.00317605e-05
0.4055087421 	-0.02175084191 	0.0007385085737 	-2.695256459e-07 	0.0420164249 	-3.898460347e-06 	8.009498372e-05
0.4066666498 	-0.02175778452 	0.000754195544 	8.631322788e-07 	0.04203686496 	-4.36222122e-07 	8.013394815e-05
0.4097021532 	-0.02177553847 	0.0007958241927 	3.110808102e-06 	0.04208949767 	-1.543197502e-06 	8.023428072e-05
0.4127643706 	-0.02179304233 	0.0008389020333 	5.370514901e-06 	0.04214174405 	-2.616034646e-06 	8.033387685e-05
0.4158536567 	-0.02181029421 	0.0008828525595 	7.640007093e-06 	0.04219362144 	-3.655508465e-06 	8.043276957e-05
0.4190035533 	-0.02182742489 	0.0009280300552 	9.942885993e-06 	0.04224551625 	-4.673911227e-06 	8.05316955e-05
0.4222017372 	-0.02184444151 	0.0009756131942 	1.226326474e-05 	0.04229741488 	-5.665492513e-06 	8.063062872e-05
0.4254279802 	-0.02186116219 	0.001024333875 	1.458161113e-05 	0.04234882135 	-6.623363803e-06 	8.072862375e-05
0.428682672 	-0.02187757062 	0.001074347569 	1.409682972e-05 	0.04239967971 	-6.29822933e-06 	8.082557391e-05
0.4319662123 	-0.02189367327 	0.001124841127 	1.194771831e-05 	0.04245003979 	-5.252682993e-06 	8.092157423e-05
0.4353200549 	-0.02190960709 	0.001176702814 	9.766831672e-06 	0.04250030708 	-4.226387537e-06 	8.101739765e-05
0.4387139945 	-0.0219253332 	0.001230881974 	7.583093055e-06 	0.04255033656 	-3.231537188e-06 	8.111276773e-05
0.4421378657 	-0.02194067596 	0.001286077367 	5.407047213e-06 	0.04259964545 	-2.270344043e-06 	8.120676419e-05
0.445592109 	-0.02195564692 	0.001342102481 	3.240931993e-06 	0.04264827169 	-1.341516669e-06 	8.129945931e-05
0.4490909705 	-0.02197029921 	0.001398880151 	1.077082365e-06 	0.0426963948 	-4.397357298e-07 	8.139119533e-05
0.4508620033 	-0.02197746487 	0.001428067743 	-4.78328164e-08 	0.04272015428 	-5.872679052e-06 	8.143648752e-05
0.4526540059 	-0.02198421645 	0.001456267852 	1.031737196e-06 	0.04274375428 	-4.512809049e-07 	8.148147568e-05
0.4562464102 	-0.02199729461 	0.001514009835 	3.058419614e-06 	0.04278999946 	-1.322596303e-06 	8.156963183e-05
0.4598709613 	-0.02200992517 	0.001572932359 	5.061867753e-06 	0.04283533296 	-2.165522966e-06 	8.165605009e-05
0.4635297771 	-0.02202213587 	0.001632342417 	7.041018658e-06 	0.04287986284 	-2.981887481e-06 	8.174093642e-05
0.4672662354 	-0.02203402011 	0.00169365907 	9.01756837e-06 	0.04292389336 	-3.782780552e-06 	8.182487082e-05
0.4710361103 	-0.02204551956 	0.001757376266 	1.095807942e-05 	0.04296719161 	-4.55727669e-06 	8.190740931e-05
0.4748399356 	-0.02205650136 	0.001822355756 	1.286103103e-05 	0.04300937842 	-5.306797482e-06 	8.198782911e-05
0.4786793613 	-0.02206699582 	0.001887971437 	1.47246891e-05 	0.0430505631 	-6.033180575e-06 	8.206633855e-05
0.4825957524 	-0.0220770745 	0.001955676421 	1.328729244e-05 	0.04309098585 	-5.410493914e-06 	8.214339555e-05
0.486547475 	-0.02208668763 	0.002026106776 	1.145670654e-05 	0.04313043993 	-4.641188814e-06 	8.2218606e-05
0.4905351173 	-0.02209570507 	0.002097681707 	9.663332748e-06 	0.04316855884 	-3.898268747e-06 	8.229127123e-05
0.4945682564 	-0.02210417178 	0.002170405242 	7.903342117e-06 	0.04320548241 	-3.178112811e-06 	8.236165781e-05
0.4986692407 	-0.02211211588 	0.002245647467 	6.171047903e-06 	0.04324130095 	-2.476324261e-06 	8.242993791e-05
0.5028076531 	-0.02211946978 	0.002323532897 	4.486988067e-06 	0.04327577187 	-1.798972505e-06 	8.249564906e-05
0.5069841407 	-0.02212614512 	0.002402487209 	2.852332195e-06 	0.0433086466 	-1.143859231e-06 	8.255831744e-05
0.5112216396 	-0.02213219007 	0.002483362678 	1.258454828e-06 	0.04334006156 	-5.054004473e-07 	8.261820308e-05
0.5147184832 	-0.02213661019 	0.00255182376 	2.208777195e-07 	0.0433644384 	-2.561749671e-06 	8.266467211e-05
0.5155119101 	-0.0221374931 	0.002566939868 	2.670215847e-07 	0.04336983846 	-1.170584948e-07 	8.267496612e-05
0.5198395751 	-0.02214165376 	0.002650883871 	1.661007489e-06 	0.04339733732 	-7.308324126e-07 	8.272738659e-05
0.5242131926 	-0.02214510328 	0.002736457293 	3.000519482e-06 	0.04342298219 	-1.326615816e-06 	8.277627286e-05
0.5286556948 	-0.02214785457 	0.002825005437 	4.289481733e-06 	0.04344679171 	-1.908160587e-06 	8.28216604e-05
0.5331398208 	-0.02214986275 	0.00291674816 	5.513737156e-06 	0.04346856405 	-2.471231539e-06 	8.286316454e-05
0.5376663255 	-0.02215105475 	0.003010151719 	6.673249706e-06 	0.04348806973 	-3.017191964e-06 	8.290034779e-05
0.5422617001 	-0.02215145002 	0.003106396181 	7.774223165e-06 	0.04350531443 	-3.550652732e-06 	8.293322099e-05
0.5469046699 	-0.02215102442 	0.003206403257 	8.80458564e-06 	0.0435201448 	-4.068127237e-06 	8.296149178e-05
0.5515919481 	-0.02214969426 	0.003308473821 	9.763586543e-06 	0.0435322953 	-4.569853679e-06 	8.298465401e-05
0.556343005 	-0.02214746835 	0.003413463964 	1.065530935e-05 	0.04354169694 	-5.059198682e-06 	8.300257615e-05
0.5611476171 	-0.02214432319 	0.003522467319 	1.147211859e-05 	0.0435481896 	-5.534170084e-06 	8.301495297e-05
0.5659985932 	-0.02214018744 	0.003633998128 	1.202805345e-05 	0.0435515267 	-5.903345669e-06 	8.302131441e-05
0.5709123736 	-0.02213505689 	0.003748723699 	1.098702098e-05 	0.04355156574 	-5.494252502e-06 	8.302138883e-05
0.5758818988 	-0.02212890456 	0.003867684188 	1.000353259e-05 	0.04354811174 	-5.104886929e-06 	8.301480455e-05
0.5808999763 	-0.02212167049 	0.003989534111 	9.078833489e-06 	0.04354093527 	-4.734537585e-06 	8.300112421e-05
0.585982671 	-0.02211334327 	0.004115015718 	8.208309325e-06 	0.0435298331 	-4.38081046e-06 	8.297996037e-05
0.5911208992 	-0.02210389071 	0.00424493462 	7.397081304e-06 	0.04351456946 	-4.046549688e-06 	8.295086364e-05
0.5963100062 	-0.02209326451 	0.004378065704 	6.644346684e-06 	0.0434949291 	-3.730829449e-06 	8.291342365e-05
0.6015672442 	-0.02208144379 	0.004515442216 	5.946147147e-06 	0.04347063723 	-3.432063196e-06 	8.286711659e-05
0.6068785218 	-0.02206839302 	0.00465731163 	5.306605604e-06 	0.04344144281 	-3.153172406e-06 	8.281146392e-05
0.6122458951 	-0.02205407761 	0.004802917974 	4.72233287e-06 	0.04340712327 	-2.892628687e-06 	8.274604134e-05
0.6176802584 	-0.02203849312 	0.004953060113 	4.192167244e-06 	0.04336743727 	-2.650703323e-06 	8.26703888e-05
0.6231089688 	-0.02202176607 	0.005105902991 	3.721403154e-06 	0.04332262094 	-2.431398929e-06 	8.258495641e-05
0.628479262 	-0.02200407838 	0.005260078886 	3.307874404e-06 	0.04327303175 	-2.234771397e-06 	8.249042563e-05
0.6337917032 	-0.02198549343 	0.005416037099 	2.948717212e-06 	0.04321874593 	-2.061219836e-06 	8.238694177e-05
0.6390410869 	-0.0219660458 	0.005572858624 	2.638633341e-06 	0.04315993707 	-1.909311693e-06 	8.227483573e-05
0.644236594 	-0.02194576903 	0.00573092975 	2.371473244e-06 	0.04309663217 	-1.777088603e-06 	8.215415901e-05
0.6493731342 	-0.02192467928 	0.005890496069 	2.144869581e-06 	0.04302887421 	-1.665200843e-06 	8.20249935e-05
0.6544495689 	-0.02190281343 	0.006050790459 	1.953372666e-06 	0.04295687975 	-1.571652751e-06 	8.188775206e-05
0.6594747915 	-0.0218801833 	0.006212563078 	1.792558895e-06 	0.04288061549 	-1.495205151e-06 	8.174237118e-05
0.6644417602 	-0.0218567973 	0.006375791618 	1.660114247e-06 	0.04280017251 	-1.436033764e-06 	8.15890245e-05
0.6693518272 	-0.02183268393 	0.006539997912 	1.551340621e-06 	0.04271576609 	-1.392020206e-06 	8.14281224e-05
0.6742111561 	-0.0218078301 	0.006705930818 	1.463237088e-06 	0.04262733559 	-1.362414216e-06 	8.125954929e-05
0.6790145641 	-0.02178223192 	0.00687341182 	1.393518251e-06 	0.04253500565 	-1.346814581e-06 	8.108354277e-05
0.6837634788 	-0.02175590227 	0.007042183923 	1.338478479e-06 	0.04243897738 	-1.343219168e-06 	8.090048619e-05
0.6884626381 	-0.02172880332 	0.007212922961 	1.295929403e-06 	0.04233917462 	-1.350941787e-06 	8.07102344e-05
0.6931082167 	-0.02170091353 	0.007385460817 	1.264061143e-06 	0.04223571381 	-1.3693731e-06 	8.051300933e-05
0.6977011208 	-0.02167223175 	0.007559547402 	1.240166627e-06 	0.04212881048 	-1.396654209e-06 	8.030922187e-05
0.7022457724 	-0.0216427002 	0.007735779447 	1.22264261e-06 	0.0420183887 	-1.431932442e-06 	8.009872726e-05
0.7067390029 	-0.02161227689 	0.007914117829 	1.210344988e-06 	0.04190451309 	-1.474687011e-06 	7.98816487e-05
0.7111815988 	-0.02158095317 	0.008094210613 	1.201648382e-06 	0.04178743919 	-1.523356968e-06 	7.965847331e-05
0.7155766245 	-0.02154865028 	0.008276588676 	1.195402531e-06 	0.04166710429 	-1.576817727e-06 	7.942908156e-05
0.7199227611 	-0.02151534422 	0.008461299025 	1.192949526e-06 	0.04154351219 	-1.635643596e-06 	7.919348065e-05
0.7242202053 	-0.02148101548 	0.008647806601 	1.194618548e-06 	0.04141694761 	-1.698917199e-06 	7.895221339e-05
0.7284707509 	-0.0214456664 	0.008836077712 	1.202354364e-06 	0.04128755497 	-1.765993115e-06 	7.870555505e-05
0.7326748377 	-0.02140945407 	0.009025532367 	1.223754055e-06 	0.04115551479 	-1.838059347e-06 	7.845384977e-05
0.7368320496 	-0.02137200208 	0.009216146433 	1.25900269e-06 	0.04102053298 	-1.890644534e-06 	7.819653692e-05
0.7409431719 	-0.02132964331 	0.009408509236 	1.304271948e-06 	0.04087529933 	-1.600052012e-06 	7.791968122e-05
0.7450100561 	-0.02128268261 	0.009602103321 	1.349899907e-06 	0.04072036665 	-9.848390855e-07 	7.762433647e-05
0.7490317742 	-0.02123412594 	0.009796452298 	1.388781698e-06 	0.04056278538 	-3.409402539e-07 	7.732394278e-05
0.7530089314 	-0.0211839357 	0.009992274061 	1.426262283e-06 	0.04040326691 	3.064610004e-07 	7.701985624e-05
0.7569426995 	-0.0211248396 	0.01019065159 	1.460193965e-06 	0.04022695928 	8.931649316e-07 	7.66837649e-05
0.7608334894 	-0.02105813466 	0.01039232629 	1.481842453e-06 	0.04003683865 	1.424983404e-06 	7.632134214e-05
0.7646812936 	-0.02099299536 	0.010597286 	1.487361852e-06 	0.03985245778 	1.873609569e-06 	7.596986094e-05
0.7684866645 	-0.02093112927 	0.01080518348 	1.477713656e-06 	0.03967783286 	2.204403445e-06 	7.563697732e-05
0.7722507669 	-0.02087398101 	0.01101617841 	1.451069953e-06 	0.0395160272 	2.384614016e-06 	7.532853075e-05
0.7759735373 	-0.02082176757 	0.01122984956 	1.403827476e-06 	0.03936750457 	2.394490432e-06 	7.504540534e-05
0.779655338 	-0.02077390125 	0.01144514588 	1.331053934e-06 	0.03923105251 	2.212631654e-06 	7.47852898e-05
0.7832966776 	-0.02073145136 	0.01166214123 	1.237066944e-06 	0.03910869395 	1.814572745e-06 	7.455204036e-05
0.7868985473 	-0.02068327229 	0.01187984625 	1.123316571e-06 	0.038977792 	1.184909286e-06 	7.430250487e-05
0.7904608766 	-0.02062539769 	0.0120969834 	9.806940425e-07 	0.03883049756 	3.943218692e-07 	7.402172074e-05
0.7939841139 	-0.02056640214 	0.01231289559 	8.121488146e-07 	0.03868443885 	-5.201915806e-07 	7.374329224e-05
0.7974687307 	-0.02050691637 	0.01252710219 	6.331801898e-07 	0.0385410507 	-1.564758e-06 	7.346995456e-05
0.8009155059 	-0.02044335977 	0.01273995675 	4.745597929e-07 	0.03839311476 	-2.435730465e-06 	7.318794755e-05
0.8043245387 	-0.02037139762 	0.01295070772 	3.666546413e-07 	0.03823147782 	-2.741250205e-06 	7.287982261e-05
0.8076962384 	-0.02029413507 	0.01315911706 	2.841350282e-07 	0.038062278 	-2.732209784e-06 	7.255728073e-05
0.8110310454 	-0.02021503253 	0.01336589769 	2.009507936e-07 	0.03789298492 	-2.719364444e-06 	7.223456106e-05
0.8143295486 	-0.02013412274 	0.01357122115 	1.268276017e-07 	0.03772368784 	-2.704910978e-06 	7.191183378e-05
0.8175920432 	-0.02005151414 	0.01377494586 	6.317565434e-08 	0.03755435446 	-2.688216164e-06 	7.158903729e-05
0.820818861 	-0.01996721259 	0.01397704495 	6.653110598e-10 	0.03738511153 	-2.667401949e-06 	7.126641323e-05
0.824010415 	-0.01988127416 	0.01417745665 	-6.315424116e-08 	0.03721613697 	-2.642173014e-06 	7.094430076e-05
0.8271671471 	-0.01979378384 	0.0143760486 	-1.267731306e-07 	0.03704753154 	-2.612356997e-06 	7.062289194e-05
0.8302895134 	-0.01970481731 	0.01457270983 	-1.864431413e-07 	0.03687936583 	-2.521896504e-06 	7.030232135e-05
0.8333777685 	-0.019614505 	0.01476720019 	-2.356601645e-07 	0.03671182104 	-2.35253233e-06 	6.998293443e-05
0.8364323014 	-0.01952298277 	0.01495931182 	-2.787833487e-07 	0.03654509523 	-2.190780235e-06 	6.966510869e-05
0.839453495 	-0.01943037413 	0.01514889356 	-3.162912549e-07 	0.03637935618 	-2.036520102e-06 	6.934916399e-05
0.8424417766 	-0.01933678189 	0.01533585455 	-3.485653158e-07 	0.03621471246 	-1.889627465e-06 	6.903530731e-05
0.8453974796 	-0.01924231702 	0.01552008248 	-3.759967526e-07 	0.03605124315 	-1.749859753e-06 	6.872368937e-05
0.8483209236 	-0.0191471403 	0.01570138558 	-3.990157201e-07 	0.03588913538 	-1.617050947e-06 	6.84146669e-05
0.851212471 	-0.01905139433 	0.0158796353 	-4.180162716e-07 	0.03572854556 	-1.491034536e-06 	6.810853808e-05
0.8540724785 	-0.01895521961 	0.01605472016 	-4.333538863e-07 	0.03556961455 	-1.371626465e-06 	6.78055714e-05
0.8569013304 	-0.01885874552 	0.01622655782 	-4.453100143e-07 	0.03541245303 	-1.258646174e-06 	6.750597785e-05
0.8596993388 	-0.01876210973 	0.01639504519 	-4.541300804e-07 	0.03525715111 	-1.151864189e-06 	6.720992923e-05
0.862466824 	-0.0186654922 	0.0165600223 	-4.600885047e-07 	0.03510389026 	-1.051111299e-06 	6.691777147e-05
0.8652041249 	-0.0185690536 	0.01672137925 	-4.634636864e-07 	0.03495281875 	-9.562052541e-07 	6.662978717e-05
0.8679115756 	-0.01847295492 	0.01687901303 	-4.645481859e-07 	0.03480407705 	-8.669272445e-07 	6.634624415e-05
0.8705895185 	-0.01837735372 	0.01703283344 	-4.636121136e-07 	0.03465779855 	-7.830473722e-07 	6.606739667e-05
0.8732382701 	-0.01828241075 	0.01718273648 	-4.608849541e-07 	0.03451408886 	-7.042935321e-07 	6.579344605e-05
0.8758581305 	-0.01818833635 	0.01732854776 	-4.565941979e-07 	0.03437314072 	-6.304412193e-07 	6.552475974e-05
0.8784494179 	-0.01809535407 	0.01747008368 	-4.509351867e-07 	0.03423516677 	-5.6129358e-07 	6.526174304e-05
0.8810124466 	-0.01800370194 	0.01760713989 	-4.44077772e-07 	0.03410038011 	-4.966624077e-07 	6.50048022e-05
0.8835475265 	-0.01791365564 	0.01773946504 	-4.361643228e-07 	0.03396904972 	-4.363733646e-07 	6.475444997e-05
0.8860549743 	-0.01782551373 	0.01786677479 	-4.273023031e-07 	0.03384145412 	-3.802508899e-07 	6.45112173e-05
0.8885350713 	-0.01773962363 	0.01798871455 	-4.17592629e-07 	0.0337179216 	-3.281160282e-07 	6.427572998e-05
0.8909881153 	-0.01765639513 	0.01810485387 	-4.071744583e-07 	0.03359887399 	-2.797982636e-07 	6.404879215e-05
0.8934144021 	-0.01757627027 	0.0182147222 	-3.962264073e-07 	0.03348475846 	-2.350972569e-07 	6.383125624e-05
0.8958142242 	-0.01749973516 	0.0183177895 	-3.849781005e-07 	0.03337606388 	-1.93772409e-07 	6.362405415e-05
0.8981878702 	-0.0174273124 	0.01841348102 	-3.736469482e-07 	0.03327332286 	-1.555897048e-07 	6.342820121e-05
0.9005356294 	-0.01735950279 	0.01850125138 	-3.62249014e-07 	0.03317701674 	-1.204196958e-07 	6.324461498e-05
0.9028577716 	-0.01729668973 	0.01858073285 	-3.502743478e-07 	0.03308748443 	-8.848738337e-08 	6.307394152e-05
0.905154576 	-0.01723889986 	0.018652125 	-3.363504204e-07 	0.03300471212 	-6.043828699e-08 	6.291615449e-05
0.9074263184 	-0.01718493713 	0.01871731925 	-3.17008884e-07 	0.03292703931 	-3.983142045e-08 	6.276808852e-05
0.9096732718 	-0.01713113406 	0.01878181455 	-2.882017343e-07 	0.03284947824 	-2.880267376e-08 	6.262023556e-05
0.9118957056 	-0.01705091443 	0.01884367584 	-2.751088747e-07 	0.03272473559 	-1.168981836e-07 	6.23824414e-05
0.9140938875 	-0.01691761714 	0.01889420465 	-2.52894276e-07 	0.03250319591 	-1.701462692e-07 	6.19601252e-05
0.9162680758 	-0.01676581667 	0.01894336036 	-2.16465494e-07 	0.03224932451 	-1.454756285e-07 	6.147617576e-05
0.9184185298 	-0.01661987263 	0.01899482708 	-1.889043193e-07 	0.03200749787 	-1.406010571e-07 	6.101518697e-05
0.9205455076 	-0.01646818634 	0.01903999288 	-1.603214006e-07 	0.03175443167 	-1.276621154e-07 	6.053277245e-05
0.9226492639 	-0.01631204895 	0.01907970693 	-1.313393729e-07 	0.03149267772 	-1.105270673e-07 	6.003379668e-05
0.924730051 	-0.01615206407 	0.01911466999 	-1.024093447e-07 	0.03122343302 	-9.00860764e-08 	5.952054144e-05
0.9267881181 	-0.01598906233 	0.01914546745 	-7.38045324e-08 	0.0309484184 	-6.738951195e-08 	5.899628714e-05
0.9288237114 	-0.01582377128 	0.01917270263 	-4.575676393e-08 	0.03066914724 	-4.314868597e-08 	5.846391869e-05
0.9308370718 	-0.01565682503 	0.01919694176 	-1.846606848e-08 	0.03038695275 	-1.791735987e-08 	5.792597757e-05
0.9322268398 	-0.01553956605 	0.01921215244 	-2.61650492e-07 	0.0301888372 	-4.599465444e-06 	5.754831426e-05
0.932828417 	-0.01548880327 	0.01921873977 	-8.127117691e-09 	0.03010307315 	-7.325721973e-09 	5.738482414e-05
0.9347979584 	-0.01532025092 	0.01923865233 	-3.416699657e-08 	0.02981868657 	-3.162845414e-08 	5.684270428e-05
0.9367459879 	-0.01515168482 	0.01925719814 	-5.89010103e-08 	0.02953490726 	-5.586914756e-08 	5.630174204e-05
0.9386727387 	-0.01498356414 	0.01927489497 	-8.216966911e-08 	0.02925274985 	-7.970908171e-08 	5.57638716e-05
0.9405784416 	-0.01481631575 	0.01929224865 	-1.038197708e-07 	0.0289731711 	-1.028279013e-07 	5.52309168e-05
0.9424633245 	-0.0146503713 	0.01930976288 	-1.237053949e-07 	0.02869714733 	-1.249162995e-07 	5.470473877e-05
0.9443276118 	-0.01448602408 	0.01932795316 	-1.416939906e-07 	0.02842536411 	-1.456877416e-07 	5.418664441e-05
0.9461715263 	-0.01432391195 	0.01934749652 	-1.575795934e-07 	0.02815923771 	-1.647255438e-07 	5.367933352e-05
0.947995289 	-0.0141728493 	0.01936314552 	-1.718367646e-07 	0.02791117022 	-1.823150842e-07 	5.320644794e-05
0.9491833964 	-0.01405150024 	0.01937630069 	-1.791610061e-07 	0.02771292113 	-1.923244016e-07 	5.282853009e-05
0.9503496664 	-0.01395096873 	0.0193918655 	-1.858929801e-07 	0.02755144856 	-2.011652031e-07 	5.252071848e-05
0.9514944991 	-0.01385320293 	0.01940800339 	-1.915576418e-07 	0.02739542563 	-2.086268578e-07 	5.222329542e-05
0.9526182872 	-0.01375863279 	0.01942513409 	-1.961578681e-07 	0.02724574943 	-2.146953444e-07 	5.193797099e-05
0.9537214162 	-0.01366723562 	0.0194433744 	-1.996984404e-07 	0.02710237678 	-2.193297759e-07 	5.166466286e-05
0.9548042646 	-0.01357904344 	0.01946280716 	-2.021865781e-07 	0.0269653857 	-2.224969872e-07 	5.140351978e-05
0.9558672041 	-0.01349406328 	0.0194835106 	-2.036308907e-07 	0.02683480206 	-2.241753043e-07 	5.115459108e-05
0.9569105994 	-0.01341228685 	0.0195055512 	-2.040431484e-07 	0.02671062078 	-2.243542812e-07 	5.091786703e-05
0.9579348086 	-0.01333368834 	0.01952898004 	-2.034368691e-07 	0.02659280112 	-2.230324839e-07 	5.069327002e-05
0.9589401833 	-0.01325823524 	0.01955384025 	-2.018267133e-07 	0.02648128916 	-2.202159708e-07 	5.048069723e-05
0.9599270689 	-0.0131858866 	0.01958016726 	-1.992295238e-07 	0.02637601381 	-2.159192811e-07 	5.028001316e-05
0.9608958043 	-0.01311659227 	0.01960798731 	-1.956645583e-07 	0.02627688523 	-2.101653531e-07 	5.009104653e-05
0.9618467224 	-0.01305029569 	0.01963731902 	-1.911534888e-07 	0.02618380027 	-2.029849034e-07 	4.991360072e-05
0.9627801499 	-0.0129869348 	0.01966817404 	-1.857204627e-07 	0.02609664439 	-1.944159387e-07 	4.974745739e-05
0.9636964077 	-0.01292644324 	0.01970055764 	-1.793921546e-07 	0.02601529375 	-1.845032229e-07 	4.959238046e-05
0.9645958106 	-0.01286875136 	0.01973446922 	-1.721978146e-07 	0.02593961715 	-1.732977248e-07 	4.944811983e-05
0.9654786679 	-0.01281378715 	0.01976990282 	-1.64169313e-07 	0.02586947779 	-1.608560619e-07 	4.931441471e-05
0.9663452831 	-0.01276147719 	0.01980684747 	-1.553411832e-07 	0.02580473488 	-1.472399514e-07 	4.919099673e-05
0.9671959541 	-0.0127117474 	0.01984528762 	-1.457506645e-07 	0.02574524513 	-1.325156836e-07 	4.907759273e-05
0.9680309737 	-0.01266452382 	0.01988520345 	-1.354377432e-07 	0.02569086399 	-1.167536293e-07 	4.897392716e-05
0.968850629 	-0.01261973319 	0.01992657113 	-1.244451941e-07 	0.02564144666 	-1.000278025e-07 	4.8879724e-05
0.9696552019 	-0.01257730341 	0.01996936253 	-1.12818658e-07 	0.02559684888 	-8.241547089e-08 	4.879470825e-05
0.9704449694 	-0.01253716592 	0.02001354747 	-1.006065332e-07 	0.02555693162 	-6.399655522e-08 	4.871861485e-05
0.971220203 	-0.01249925322 	0.02005909185 	-8.786027737e-08 	0.02552155568 	-4.485380739e-08 	4.865117848e-05
0.9719811697 	-0.01246349952 	0.02010595692 	-7.463416331e-08 	0.02549058297 	-2.507233449e-08 	4.859213588e-05
0.9727281314 	-0.01242984394 	0.0201541022 	-6.098519851e-08 	0.02546388286 	-4.739131238e-09 	4.854123806e-05
0.9734613452 	-0.01239822857 	0.02020348424 	-4.697327718e-08 	0.02544132817 	1.605668591e-08 	4.849824254e-05
0.9741810636 	-0.01236859896 	0.02025405664 	-3.266113764e-08 	0.02542279593 	3.722397926e-08 	4.846291495e-05
0.9748875344 	-0.0123409044 	0.02030577028 	-1.811427041e-08 	0.02540816803 	5.866965775e-08 	4.84350301e-05
0.9755810009 	-0.01231509798 	0.02035857347 	-3.400800976e-09 	0.02539733118 	8.02986916e-08 	4.841437205e-05
0.9762617019 	-0.01229113659 	0.02041241205 	1.140867225e-08 	0.02539017699 	1.020141246e-07 	4.840073418e-05
0.9769298721 	-0.01226898088 	0.02046722951 	2.624128991e-08 	0.02538660188 	1.237170976e-07 	4.839391902e-05
0.9775857414 	-0.01224859517 	0.02052296717 	4.102220005e-08 	0.02538650697 	1.453069022e-07 	4.839373811e-05
0.9782295361 	-0.01222994734 	0.02057956427 	5.567488812e-08 	0.02538979795 	1.666810841e-07 	4.840001162e-05
0.9788614778 	-0.01221300864 	0.02063695823 	7.012157014e-08 	0.02539638483 	1.877356322e-07 	4.841256805e-05
0.9794817844 	-0.0121977535 	0.0206950848 	8.428365073e-08 	0.0254061818 	2.083651985e-07 	4.843124379e-05
0.9800906697 	-0.01218415944 	0.02075387839 	9.808259292e-08 	0.02541910707 	2.284642425e-07 	4.845588295e-05
0.9806883436 	-0.01217220671 	0.0208132723 	1.11439366e-07 	0.02543508258 	2.479247911e-07 	4.848633671e-05
0.9812750122 	-0.01216187774 	0.02087319867 	1.242758671e-07 	0.02545403303 	2.666389561e-07 	4.852246154e-05
0.9818508776 	-0.01215315717 	0.02093358903 	1.365173209e-07 	0.02547588622 	2.845036887e-07 	4.85641198e-05
0.9824161385 	-0.01214603199 	0.02099437495 	1.480906049e-07 	0.02550057369 	3.014156509e-07 	4.861118097e-05
0.9829709899 	-0.01214049082 	0.02105548798 	1.5892525e-07 	0.02552802947 	3.172726256e-07 	4.866351932e-05
0.983515623 	-0.01213652328 	0.02111685972 	1.689556404e-07 	0.02555818926 	3.319779103e-07 	4.872101225e-05
0.9840502257 	-0.0121341197 	0.02117842207 	1.781212079e-07 	0.02559099007 	3.454399829e-07 	4.878353973e-05
0.9845749826 	-0.01213327062 	0.02124010733 	1.863673216e-07 	0.02562636956 	3.575738536e-07 	4.885098286e-05
0.9850900744 	-0.0121339657 	0.02130184797 	1.936461344e-07 	0.02566426412 	3.683023348e-07 	4.892322042e-05
0.9855956791 	-0.01213619216 	0.02136357564 	1.999172585e-07 	0.02570460598 	3.775571086e-07 	4.900012322e-05
0.9860919711 	-0.0121399333 	0.02142522023 	2.05148263e-07 	0.02574732035 	3.852795056e-07 	4.908154869e-05
0.9865791216 	-0.01214516567 	0.02148670802 	2.09315048e-07 	0.02579231997 	3.914210393e-07 	4.916733048e-05
0.9870572987 	-0.01215185485 	0.02154795836 	2.124018756e-07 	0.02583949653 	3.959432893e-07 	4.925726211e-05
0.9875266675 	-0.01215994973 	0.02160887887 	2.14400996e-07 	0.02588870901 	3.988169649e-07 	4.935107477e-05
0.9879873901 	-0.01216937397 	0.02166935832 	2.153117397e-07 	0.02593976612 	4.000198256e-07 	4.944840382e-05
0.9884396253 	-0.0121800136 	0.02172925585 	2.151389137e-07 	0.02599240082 	3.995330694e-07 	4.954874017e-05
0.9888835295 	-0.01219169852 	0.02178838547 	2.138902789e-07 	0.02604623179 	3.973357383e-07 	4.965135696e-05
0.9893192558 	-0.01220417754 	0.02184649269 	2.11572863e-07 	0.02610071173 	3.933962753e-07 	4.975521088e-05
0.9897469547 	-0.01221707536 	0.02190322323 	2.08187637e-07 	0.02615503817 	3.876607082e-07 	4.985877218e-05
0.9901667739 	-0.01222989075 	0.0219580573 	2.037229139e-07 	0.02620814626 	3.800305945e-07 	4.996001095e-05
0.9905788583 	-0.01224164311 	0.02201025447 	1.981424901e-07 	0.02625798702 	3.703579799e-07 	5.005502129e-05
0.9909833503 	-0.01225384483 	0.02206112433 	1.913901004e-07 	0.02630770044 	3.58458542e-07 	5.014978888e-05
0.9913803896 	-0.0122507382 	0.02209321837 	1.845130683e-07 	0.02632254588 	3.460269173e-07 	5.017808842e-05
0.9916359276 	-0.0122422029 	0.02211284136 	1.776324319e-07 	0.02632142295 	3.33290926e-07 	5.01759478e-05
0.9918914696 	-0.01224085214 	0.02213516329 	1.704174278e-07 	0.02633289923 	3.195296402e-07 	5.019782478e-05
0.9921470154 	-0.01223263637 	0.02215078372 	1.620541716e-07 	0.02632976223 	3.031688511e-07 	5.019184479e-05
0.9924025651 	-0.01221758553 	0.02215970672 	1.523137922e-07 	0.0263120583 	2.836771831e-07 	5.015809618e-05
0.9926581187 	-0.01219322384 	0.02215978116 	1.409334646e-07 	0.02627461427 	2.604321959e-07 	5.008671745e-05
0.9929136762 	-0.01215643884 	0.0221481392 	1.275694791e-07 	0.02621091509 	2.326204858e-07 	4.996528912e-05
0.9931692375 	-0.01210304866 	0.0221209491 	1.117786426e-07 	0.02611220546 	1.992232624e-07 	4.977712112e-05
0.9934248028 	-0.01202748953 	0.022073064 	9.300105921e-08 	0.02596682442 	1.589908216e-07 	4.949998445e-05
0.9936803719 	-0.01192238626 	0.02199757123 	7.054721191e-08 	0.02575928839 	1.104483762e-07 	4.910436309e-05
0.9939359449 	-0.01177804254 	0.02188520871 	4.359948385e-08 	0.02546918958 	5.195905715e-08 	4.855135413e-05
0.9941915218 	-0.01158188604 	0.02172363951 	1.124483737e-08 	0.02506997114 	-1.810403745e-08 	4.779033283e-05
0.9944471026 	-0.01131797829 	0.02149660796 	-2.743388477e-08 	0.02452779072 	-1.01000351e-07 	4.675678626e-05
0.9947026873 	-0.01096682462 	0.02118307611 	-7.316882003e-08 	0.02380094174 	-1.969845214e-07 	4.537121008e-05
0.9949582759 	-0.01050591478 	0.02075657749 	-1.261755171e-07 	0.02284071555 	-3.043165675e-07 	4.354075209e-05
0.9952138683 	-0.009911657509 	0.02018524227 	-1.856530642e-07 	0.02159510948 	-4.179707336e-07 	4.116628072e-05
0.9954694647 	-0.009163504796 	0.01943321182 	-2.491609097e-07 	0.0200171557 	-5.283964847e-07 	3.815826224e-05
0.9957250649 	-0.008250779462 	0.01846433603 	-3.120623591e-07 	0.01807922606 	-6.211672793e-07 	3.446402973e-05
0.995980669 	-0.00718159826 	0.01724884704 	-3.674130299e-07 	0.01579249704 	-6.787508433e-07 	3.010488865e-05
0.996236277 	-0.005991191615 	0.01577278033 	-4.067633299e-07 	0.01322632112 	-6.852918478e-07 	2.521304412e-05
0.9964918889 	-0.004744772207 	0.01404820154 	-4.221112262e-07 	0.01051711205 	-6.33563093e-07 	2.004853864e-05
0.9967475047 	-0.003530107767 	0.01212048806 	-4.085873627e-07 	0.007855188724 	-5.306409745e-07 	1.497417295e-05
0.9970031244 	-0.002439036683 	0.01006848393 	-3.66704968e-07 	0.005445875808 	-3.978243547e-07 	1.038135289e-05
0.9972587479 	-0.001543996162 	0.00799551552 	-3.028570421e-07 	0.003456590195 	-2.632153351e-07 	6.589221622e-06
0.9975143753 	-0.0008800457799 	0.006013424119 	-2.275953535e-07 	0.001973551791 	-1.507896786e-07 	3.762138234e-06
0.9977700067 	-0.0004404315769 	0.004225296712 	-1.525506347e-07 	0.0009883498543 	-7.257901432e-08 	1.88406952e-06
0.9980256419 	-0.0001859976741 	0.00271283118 	-8.755728589e-08 	0.000417202095 	-2.781375556e-08 	7.953031484e-07
0.998281281 	-6.198638024e-05 	0.001530943497 	-3.908707376e-08 	0.0001387970426 	-7.61883946e-09 	2.645857398e-07
0.998536924 	-1.448430713e-05 	0.0007068095762 	-9.903572629e-09 	3.231512774e-05 	-1.141866319e-09 	6.160161499e-08
0.9987925708 	-1.894356476e-06 	0.000233209027 	1.398278281e-09 	4.196844559e-06 	-4.328632988e-12 	8.000352182e-09
0.9990482216 	-1.323541275e-07 	6.83968847e-05 	2.707883283e-09 	2.903245272e-07 	2.005366422e-11 	5.534392403e-10
