0.4709558481 	5.586523434e-08 	-0.006883876083 	4.863135566e-08 	-5.293070926e-08 	-1.584580222e-12 	-1.009006442e-10
0.4709558481 	5.586523434e-08 	-0.006883876083 	4.863135566e-08 	-5.293070926e-08 	-1.584580222e-12 	-1.009006442e-10
0.4711314108 	1.176836803e-07 	-0.006881211595 	4.86160728e-08 	-1.177984139e-07 	-3.447623643e-12 	-2.24556517e-10
0.4713069734 	2.357103358e-07 	-0.006874054512 	4.856841339e-08 	-2.363432984e-07 	-6.72243301e-12 	-4.505360147e-10
0.471482536 	3.572940986e-07 	-0.00686641787 	4.85091567e-08 	-3.620302079e-07 	-9.904541867e-12 	-6.901301969e-10
0.4716580986 	4.804724115e-07 	-0.006857813257 	4.842645306e-08 	-4.908921342e-07 	-1.289197376e-11 	-9.357768439e-10
0.4718336613 	6.037762055e-07 	-0.006847538125 	4.830418753e-08 	-6.198571407e-07 	-1.594641302e-11 	-1.18161999e-09
0.4720092239 	7.224270771e-07 	-0.006834706183 	4.812439429e-08 	-7.390923071e-07 	-1.946706275e-11 	-1.408915357e-09
0.4721847865 	8.3144203e-07 	-0.006818361608 	4.787201845e-08 	-8.381368268e-07 	-2.369258359e-11 	-1.59772174e-09
0.4723603491 	9.312593809e-07 	-0.006797658656 	4.754022396e-08 	-9.17094675e-07 	-2.826971501e-11 	-1.748237343e-09
0.4725359118 	1.031293815e-06 	-0.006772044636 	4.713336201e-08 	-9.937482835e-07 	-3.227627973e-11 	-1.894360426e-09
0.4727114744 	1.14575208e-06 	-0.00674137948 	4.666614757e-08 	-1.095294207e-06 	-3.497176455e-11 	-2.08793518e-09
0.472887037 	1.283526667e-06 	-0.00670596632 	4.616039098e-08 	-1.238316661e-06 	-3.658402128e-11 	-2.360575729e-09
0.4730625996 	1.441825725e-06 	-0.006666509647 	4.564145364e-08 	-1.416233195e-06 	-3.818194198e-11 	-2.69973409e-09
0.4732381623 	1.609846638e-06 	-0.006624020995 	4.513490455e-08 	-1.606745528e-06 	-4.075044423e-11 	-3.062903548e-09
0.4734137249 	1.777820505e-06 	-0.00657968024 	4.466291001e-08 	-1.789933944e-06 	-4.450820644e-11 	-3.412111584e-09
0.4735892875 	1.942513538e-06 	-0.006534672285 	4.424101251e-08 	-1.959208572e-06 	-4.903731083e-11 	-3.734796072e-09
0.4737648501 	2.106266643e-06 	-0.006490040799 	4.387673345e-08 	-2.119324244e-06 	-5.381415141e-11 	-4.040021044e-09
0.4739404128 	2.273147408e-06 	-0.006446597479 	4.357045618e-08 	-2.278625926e-06 	-5.854472687e-11 	-4.343694326e-09
0.4741159754 	2.446181629e-06 	-0.006404897078 	4.331770049e-08 	-2.443461502e-06 	-6.317181928e-11 	-4.657916747e-09
0.474291538 	2.626664963e-06 	-0.006365262049 	4.311155312e-08 	-2.616764087e-06 	-6.774532128e-11 	-4.988279642e-09
0.4744671006 	2.814638155e-06 	-0.006327831595 	4.294450603e-08 	-2.798972483e-06 	-7.232030262e-11 	-5.335619487e-09
0.4746426632 	3.009546092e-06 	-0.00629261483 	4.280953873e-08 	-2.989330237e-06 	-7.691850527e-11 	-5.698494274e-09
0.4748182259 	3.210676287e-06 	-0.006259536885 	4.2700599e-08 	-3.186752322e-06 	-8.152707444e-11 	-6.074835637e-09
0.4749937885 	3.417366728e-06 	-0.006228474163 	4.261270957e-08 	-3.390236344e-06 	-8.610781101e-11 	-6.462732739e-09
0.4751693511 	3.628998174e-06 	-0.006199279099 	4.254188438e-08 	-3.598846407e-06 	-9.060747348e-11 	-6.860401499e-09
0.4753449137 	3.84515528e-06 	-0.006171796442 	4.248497108e-08 	-3.812035883e-06 	-9.496034095e-11 	-7.266799893e-09
0.4755204764 	4.064855961e-06 	-0.006145873278 	4.243948125e-08 	-4.028110903e-06 	-9.911238438e-11 	-7.678698936e-09
0.475696039 	4.294423163e-06 	-0.006121364715 	4.240343519e-08 	-4.259949223e-06 	-1.028081301e-10 	-8.12064721e-09
0.4758716016 	4.513477418e-06 	-0.006098147917 	4.237537534e-08 	-4.467100698e-06 	-1.062788486e-10 	-8.515535496e-09
0.4760471642 	4.719723696e-06 	-0.006075642751 	4.234952407e-08 	-4.645276779e-06 	-1.096260852e-10 	-8.855188628e-09
0.4762227269 	5.014612834e-06 	-0.006053795055 	4.234533326e-08 	-4.962233996e-06 	-1.11914692e-10 	-9.459397177e-09
0.4764955107 	5.386550235e-06 	-0.006027357226 	4.23384465e-08 	-5.359148663e-06 	-1.135037491e-10 	-1.021602685e-08
0.4767734216 	5.745221456e-06 	-0.005997078737 	4.231350621e-08 	-5.684611503e-06 	-1.142433818e-10 	-1.083644948e-08
0.4770565557 	6.134917909e-06 	-0.00596862087 	4.229571314e-08 	-6.056401875e-06 	-1.122885641e-10 	-1.154518526e-08
0.4773450114 	6.559329588e-06 	-0.005941117408 	4.227557379e-08 	-6.481672998e-06 	-1.07567095e-10 	-1.235587022e-08
0.4776388886 	6.988751433e-06 	-0.005914436973 	4.225074215e-08 	-6.901035797e-06 	-1.002607995e-10 	-1.315529227e-08
0.4779382892 	7.434959697e-06 	-0.005888446094 	4.221860791e-08 	-7.337849432e-06 	-8.974243119e-11 	-1.398798047e-08
0.4782433171 	7.896620635e-06 	-0.005863026659 	4.217654665e-08 	-7.789300267e-06 	-7.573572339e-11 	-1.484857123e-08
0.4785540779 	8.373956486e-06 	-0.005838073748 	4.212188902e-08 	-8.255676419e-06 	-5.792092903e-11 	-1.57376138e-08
0.4788706795 	8.866980514e-06 	-0.005813493822 	4.205190446e-08 	-8.736850938e-06 	-3.598604093e-11 	-1.665486617e-08
0.4791932316 	9.375825964e-06 	-0.005789203236 	4.196379399e-08 	-9.23294308e-06 	-9.625019818e-12 	-1.760055567e-08
0.4795218461 	9.900593643e-06 	-0.0057651269 	4.185468855e-08 	-9.744019045e-06 	2.145329158e-11 	-1.857480851e-08
0.4798566368 	1.044136638e-05 	-0.005741197124 	4.172165158e-08 	-1.02701255e-05 	5.75205337e-11 	-1.957771363e-08
0.48019772 	1.099820467e-05 	-0.005717352607 	4.15616852e-08 	-1.081128523e-05 	9.882326626e-11 	-2.060931449e-08
0.4805452138 	1.157114399e-05 	-0.005693537558 	4.137173938e-08 	-1.136749589e-05 	1.455771888e-10 	-2.16696066e-08
0.4808992388 	1.21601908e-05 	-0.005669700937 	4.11487238e-08 	-1.193872591e-05 	1.979611883e-10 	-2.275852979e-08
0.4812599177 	1.27653191e-05 	-0.005645795797 	4.088952229e-08 	-1.252491112e-05 	2.561113613e-10 	-2.387596171e-08
0.4816273755 	1.338646714e-05 	-0.005621778724 	4.059100944e-08 	-1.312595173e-05 	3.20115124e-10 	-2.502171218e-08
0.4820017397 	1.402353437e-05 	-0.005597609344 	4.025006951e-08 	-1.374170948e-05 	3.900054852e-10 	-2.619551758e-08
0.48238314 	1.467637829e-05 	-0.005573249903 	3.98636169e-08 	-1.437200447e-05 	4.657555871e-10 	-2.7397035e-08
0.4827717088 	1.534481169e-05 	-0.005548664908 	3.942861983e-08 	-1.501661268e-05 	5.472737598e-10 	-2.862583743e-08
0.4831675807 	1.602859999e-05 	-0.005523820821 	3.894212531e-08 	-1.567526364e-05 	6.343990545e-10 	-2.988140921e-08
0.4835708931 	1.672745816e-05 	-0.005498685783 	3.840128404e-08 	-1.634763712e-05 	7.268973271e-10 	-3.116313995e-08
0.4839817856 	1.744104793e-05 	-0.005473229383 	3.780337968e-08 	-1.703336057e-05 	8.244582566e-10 	-3.247031943e-08
0.4844004009 	1.816897524e-05 	-0.005447422463 	3.714585882e-08 	-1.773200675e-05 	9.266932385e-10 	-3.380213321e-08
0.4848268841 	1.891078732e-05 	-0.005421236953 	3.642636111e-08 	-1.84430908e-05 	1.033134184e-09 	-3.515765706e-08
0.485261383 	1.966596986e-05 	-0.005394645718 	3.564275144e-08 	-1.916606752e-05 	1.1432335e-09 	-3.653585162e-08
0.4857040484 	2.043394426e-05 	-0.00536762244 	3.479315274e-08 	-1.990032859e-05 	1.256365273e-09 	-3.79355573e-08
0.4861550336 	2.121406486e-05 	-0.005340141514 	3.387597927e-08 	-2.06451999e-05 	1.371827723e-09 	-3.935548904e-08
0.4866144951 	2.200561622e-05 	-0.005312177964 	3.288997023e-08 	-2.139993881e-05 	1.488847022e-09 	-4.079423117e-08
0.4870825921 	2.280781057e-05 	-0.005283707373 	3.183422302e-08 	-2.216373162e-05 	1.606582532e-09 	-4.225023257e-08
0.487559487 	2.361978543e-05 	-0.005254705827 	3.070822603e-08 	-2.293569122e-05 	1.724133505e-09 	-4.37218021e-08
0.4880453452 	2.444060157e-05 	-0.005225149876 	2.95118902e-08 	-2.371485494e-05 	1.840547241e-09 	-4.520710471e-08
0.4885403351 	2.526924128e-05 	-0.005195016502 	2.824557881e-08 	-2.450018293e-05 	1.954828729e-09 	-4.670415814e-08
0.4890446283 	2.610460729e-05 	-0.005164283105 	2.691013496e-08 	-2.529055698e-05 	2.06595172e-09 	-4.821083075e-08
0.4895583997 	2.694552223e-05 	-0.005132927493 	2.550690584e-08 	-2.608477996e-05 	2.172871184e-09 	-4.972484049e-08
0.4900818274 	2.779072895e-05 	-0.005100927883 	2.403776324e-08 	-2.688157614e-05 	2.274537058e-09 	-5.124375548e-08
0.4906150929 	2.86388918e-05 	-0.005068262919 	2.250511911e-08 	-2.767959245e-05 	2.369909164e-09 	-5.276499635e-08
0.4911583811 	2.9488599e-05 	-0.00503491168 	2.091193569e-08 	-2.847740077e-05 	2.457973145e-09 	-5.428584074e-08
0.4917118805 	3.03383663e-05 	-0.005000853717 	1.926172891e-08 	-2.927350162e-05 	2.537757217e-09 	-5.580343024e-08
0.4922757829 	3.118664201e-05 	-0.004966069077 	1.75585643e-08 	-3.00663292e-05 	2.608349514e-09 	-5.731477996e-08
0.4928502838 	3.203181366e-05 	-0.004930538343 	1.58070444e-08 	-3.085425796e-05 	2.668915754e-09 	-5.881679116e-08
0.4934355824 	3.287221625e-05 	-0.004894242675 	1.401228683e-08 	-3.163561092e-05 	2.718716924e-09 	-6.030626707e-08
0.4940318817 	3.370614232e-05 	-0.004857163849 	1.217989198e-08 	-3.240866971e-05 	2.75712664e-09 	-6.177993199e-08
0.4946393885 	3.453185382e-05 	-0.004819284304 	1.031589978e-08 	-3.317168649e-05 	2.783647824e-09 	-6.323445405e-08
0.4952583133 	3.534759583e-05 	-0.004780587183 	8.426734661e-09 	-3.392289767e-05 	2.79792829e-09 	-6.466647134e-08
0.4958888709 	3.615161207e-05 	-0.004741056371 	6.51913849e-09 	-3.466053949e-05 	2.799774843e-09 	-6.607262167e-08
0.4965312797 	3.694216218e-05 	-0.004700676531 	4.600091036e-09 	-3.538286536e-05 	2.789165451e-09 	-6.744957554e-08
0.4971857627 	3.771754057e-05 	-0.004659433135 	2.676718037e-09 	-3.608816479e-05 	2.766259078e-09 	-6.879407229e-08
0.4978525466 	3.847609655e-05 	-0.004617312482 	7.561871216e-10 	-3.677478362e-05 	2.73140274e-09 	-7.010295859e-08
0.4985318627 	3.921625542e-05 	-0.004574301711 	-1.154407684e-09 	-3.744114523e-05 	2.685135401e-09 	-7.137322904e-08
0.4992239466 	3.993654036e-05 	-0.004530388801 	-3.048171944e-09 	-3.808577291e-05 	2.628188337e-09 	-7.260206857e-08
0.4999290382 	4.063559376e-05 	-0.004485562559 	-4.918545759e-09 	-3.870731158e-05 	2.56148164e-09 	-7.3786894e-08
0.5006473819 	4.131219744e-05 	-0.004439812596 	-6.759445705e-09 	-3.930454855e-05 	2.486116563e-09 	-7.492539367e-08
0.501379227 	4.196526596e-05 	-0.004393129279 	-8.565411475e-09 	-3.987638336e-05 	2.403361293e-09 	-7.601546975e-08
0.502124827 	4.259391508e-05 	-0.004345503655 	-1.033175486e-08 	-4.04219519e-05 	2.314634941e-09 	-7.705547502e-08
0.5028844406 	4.319740036e-05 	-0.004296927311 	-1.205471e-08 	-4.094049583e-05 	2.22148632e-09 	-7.804396388e-08
0.5036583311 	4.377709226e-05 	-0.004247392193 	-1.373158143e-08 	-4.143530399e-05 	2.125737961e-09 	-7.898720575e-08
0.5044467669 	4.432726952e-05 	-0.004196891709 	-1.536083418e-08 	-4.189531557e-05 	2.028968e-09 	-7.986411568e-08
0.5052500214 	4.484672118e-05 	-0.004145381207 	-1.69435499e-08 	-4.231836767e-05 	1.932306075e-09 	-8.067057056e-08
0.506068373 	4.541480803e-05 	-0.004086723451 	-1.865407855e-08 	-4.278794336e-05 	1.826932209e-09 	-8.156571235e-08
0.507324668 	4.6054556e-05 	-0.004013463982 	-2.066734647e-08 	-4.330553491e-05 	1.707042945e-09 	-8.255238569e-08
0.5085949819 	4.66606399e-05 	-0.003931949207 	-2.277657792e-08 	-4.376518599e-05 	1.591257396e-09 	-8.342860841e-08
0.5098794711 	4.719165171e-05 	-0.003849635686 	-2.479325831e-08 	-4.415440383e-05 	1.494967903e-09 	-8.417056578e-08
0.5111782938 	4.765047691e-05 	-0.003766488084 	-2.674585162e-08 	-4.447665899e-05 	1.419026767e-09 	-8.478487369e-08
0.5124916099 	4.803263728e-05 	-0.003682519022 	-2.866281002e-08 	-4.472089568e-05 	1.363742999e-09 	-8.525045671e-08
0.5138195812 	4.834364299e-05 	-0.003597735853 	-3.057315191e-08 	-4.489609591e-05 	1.328779467e-09 	-8.558443704e-08
0.5151623712 	4.858561307e-05 	-0.003512142088 	-3.250549156e-08 	-4.500476186e-05 	1.312720309e-09 	-8.579158454e-08
0.5165201452 	4.87604254e-05 	-0.003425737619 	-3.448729868e-08 	-4.504932783e-05 	1.313432244e-09 	-8.587653965e-08
0.5178930705 	4.886940203e-05 	-0.003338519036 	-3.6544281e-08 	-4.503164037e-05 	1.328184266e-09 	-8.584282243e-08
0.5192813161 	4.891330064e-05 	-0.003250480055 	-3.869991565e-08 	-4.495302548e-05 	1.353781938e-09 	-8.569296062e-08
0.520685053 	4.889220912e-05 	-0.003161611936 	-4.097515244e-08 	-4.481414308e-05 	1.386688657e-09 	-8.542821216e-08
0.522104454 	4.880553258e-05 	-0.003071903808 	-4.338826165e-08 	-4.461501289e-05 	1.423334771e-09 	-8.504861467e-08
0.523539694 	4.865190718e-05 	-0.00298134287 	-4.595465942e-08 	-4.435488791e-05 	1.459539727e-09 	-8.455274416e-08
0.5249909497 	4.842879089e-05 	-0.002889914144 	-4.868752349e-08 	-4.403147927e-05 	1.490124538e-09 	-8.39362374e-08
0.5264583998 	4.813258033e-05 	-0.002797610435 	-5.156947756e-08 	-4.364127813e-05 	1.511468041e-09 	-8.319240558e-08
0.527942225 	4.775995847e-05 	-0.00270445809 	-5.456635579e-08 	-4.318183421e-05 	1.521003021e-09 	-8.231657778e-08
0.5294426081 	4.730789168e-05 	-0.002610501321 	-5.768292836e-08 	-4.265118778e-05 	1.514500613e-09 	-8.13050182e-08
0.5309597337 	4.677213753e-05 	-0.002515751827 	-6.094753505e-08 	-4.204514274e-05 	1.488708566e-09 	-8.01497279e-08
0.5324937889 	4.614802407e-05 	-0.002420200757 	-6.435737363e-08 	-4.135887927e-05 	1.443425899e-09 	-7.884151899e-08
0.5340449624 	4.543191467e-05 	-0.00232386311 	-6.787168097e-08 	-4.058957012e-05 	1.378883432e-09 	-7.737500194e-08
0.5356134452 	4.462050073e-05 	-0.002226782045 	-7.145362676e-08 	-3.973502985e-05 	1.293616118e-09 	-7.574601067e-08
0.5371994306 	4.370997324e-05 	-0.002129013822 	-7.507873771e-08 	-3.879207085e-05 	1.185886241e-09 	-7.394846874e-08
0.5388031139 	4.269642411e-05 	-0.002030623459 	-7.87185276e-08 	-3.775709219e-05 	1.055433651e-09 	-7.197551176e-08
0.5404246925 	4.157640937e-05 	-0.00193168815 	-8.233889798e-08 	-3.662696608e-05 	9.030492907e-10 	-6.982117728e-08
0.5420643661 	4.034716819e-05 	-0.001832299975 	-8.590126017e-08 	-3.539926797e-05 	7.300248927e-10 	-6.748084347e-08
0.5437223366 	3.900676585e-05 	-0.001732568223 	-8.936278621e-08 	-3.407236902e-05 	5.381777582e-10 	-6.495140527e-08
0.5453988083 	3.755425032e-05 	-0.00163262183 	-9.267635083e-08 	-3.264556084e-05 	3.298064715e-10 	-6.223151232e-08
0.5470939875 	3.598979981e-05 	-0.001532612165 	-9.57901893e-08 	-3.111915747e-05 	1.076243976e-10 	-5.932176325e-08
0.5488080831 	3.43148715e-05 	-0.001432716324 	-9.864737217e-08 	-2.949458689e-05 	-1.252862351e-10 	-5.622488021e-08
0.5505413061 	3.25323632e-05 	-0.001333140997 	-1.01185187e-07 	-2.777448934e-05 	-3.655001077e-10 	-5.29458962e-08
0.5522938699 	3.064679516e-05 	-0.001234126899 	-1.033345463e-07 	-2.596283352e-05 	-6.092601835e-10 	-4.949237669e-08
0.5540659904 	2.866451324e-05 	-0.001135953628 	-1.05019624e-07 	-2.406505551e-05 	-8.5248393e-10 	-4.587468433e-08
0.5558578859 	2.659390786e-05 	-0.001038944625 	-1.06158062e-07 	-2.208821813e-05 	-1.090776295e-09 	-4.210628285e-08
0.5576697768 	2.444563391e-05 	-0.0009434715876 	-1.066622694e-07 	-2.004118223e-05 	-1.319463741e-09 	-3.820406349e-08
0.5595018865 	2.223280516e-05 	-0.0008499572086 	-1.064425284e-07 	-1.793477288e-05 	-1.533664719e-09 	-3.418866182e-08
0.5613544406 	1.997112201e-05 	-0.0007588745644 	-1.054127545e-07 	-1.578191333e-05 	-1.72841069e-09 	-3.008471316e-08
0.563227667 	1.767887141e-05 	-0.0006707408784 	-1.034996997e-07 	-1.359768352e-05 	-1.898830123e-09 	-2.592096406e-08
0.5651217966 	1.537671539e-05 	-0.0005861030769 	-1.006558939e-07 	-1.1399234e-05 	-2.040395007e-09 	-2.173010825e-08
0.5670370626 	1.308716829e-05 	-0.0005055129639 	-9.687547438e-08 	-9.20546201e-06 	-2.149236743e-09 	-1.754816912e-08
0.5689737009 	1.083367196e-05 	-0.0004294915008 	-9.221020159e-08 	-7.036351242e-06 	-2.222434769e-09 	-1.341324112e-08
0.5709319499 	8.639247876e-06 	-0.0003584847098 	-8.678072574e-08 	-4.91194165e-06 	-2.258802155e-09 	-9.363525989e-09
0.5729120508 	6.524437599e-06 	-0.0002928178619 	-8.077772731e-08 	-2.850196358e-06 	-2.261120164e-09 	-5.433266429e-09
0.5749142474 	4.50507108e-06 	-0.0002326644037 	-7.439724044e-08 	-8.6468277e-07 	-2.236932275e-09 	-1.648325686e-09
0.5769387863 	2.592163609e-06 	-0.0001780821454 	-6.7836204e-08 	1.036156428e-06 	-2.195768371e-09 	1.975202136e-09
0.5789859169 	7.911886465e-07 	-0.0001289546817 	-6.136983594e-08 	2.84877965e-06 	-2.142791332e-09 	5.430565791e-09
0.5810558911 	-8.977015791e-07 	-8.4956616e-05 	-5.522662254e-08 	4.572042962e-06 	-2.079255927e-09 	8.715584619e-09
0.583148964 	-2.478247266e-06 	-4.567438041e-05 	-4.953114346e-08 	6.207271114e-06 	-2.010877596e-09 	1.183278397e-08
0.5852653933 	-3.958459138e-06 	-1.064018619e-05 	-4.437975826e-08 	7.760478523e-06 	-1.945399279e-09 	1.479362898e-08
0.5874054395 	-5.349423701e-06 	2.06556304e-05 	-3.981981263e-08 	9.240828275e-06 	-1.886865423e-09 	1.761558705e-08
0.5895693664 	-6.663454692e-06 	4.872022735e-05 	-3.585113512e-08 	1.065864917e-05 	-1.837186797e-09 	2.031834773e-08
0.5917574402 	-7.913067984e-06 	7.403468407e-05 	-3.244333029e-08 	1.202449549e-05 	-1.797238019e-09 	2.292203044e-08
0.5939699306 	-9.110271592e-06 	9.703904832e-05 	-2.954770361e-08 	1.334850439e-05 	-1.766869523e-09 	2.54459594e-08
0.5962071099 	-1.026604726e-05 	0.0001181246918 	-2.710620698e-08 	1.463985435e-05 	-1.745263366e-09 	2.790763133e-08
0.5984692536 	-1.139006727e-05 	0.0001376321193 	-2.505805936e-08 	1.590646226e-05 	-1.731220505e-09 	3.032213804e-08
0.6007566404 	-1.249059796e-05 	0.0001558525266 	-2.334420398e-08 	1.71548798e-05 	-1.723393665e-09 	3.270196885e-08
0.6030695519 	-1.357453624e-05 	0.0001730316299 	-2.190997102e-08 	1.839033672e-05 	-1.720444596e-09 	3.505709313e-08
0.6054082729 	-1.464752075e-05 	0.0001893746186 	-2.07064162e-08 	1.961686532e-05 	-1.721135946e-09 	3.739519753e-08
0.6077730914 	-1.571407161e-05 	0.0002050514427 	-1.96908035e-08 	2.083745345e-05 	-1.724376939e-09 	3.972197774e-08
0.6101642987 	-1.677773122e-05 	0.0002202019762 	-1.882660903e-08 	2.205419686e-05 	-1.729244597e-09 	4.204142887e-08
0.6125821893 	-1.784119625e-05 	0.0002349408356 	-1.808327885e-08 	2.326844214e-05 	-1.734993033e-09 	4.435611784e-08
0.6150270608 	-1.89064401e-05 	0.0002493617542 	-1.743583937e-08 	2.448092011e-05 	-1.741052261e-09 	4.666743784e-08
0.6174992144 	-1.997482704e-05 	0.0002635414666 	-1.686438493e-08 	2.569186931e-05 	-1.747012971e-09 	4.897584359e-08
0.6199989545 	-2.104721656e-05 	0.0002775430717 	-1.635345798e-08 	2.690114482e-05 	-1.752596428e-09 	5.128105882e-08
0.622526589 	-2.212405536e-05 	0.000291418859 	-1.589136177e-08 	2.810830674e-05 	-1.757614791e-09 	5.358224495e-08
0.625082429 	-2.32054537e-05 	0.0003052126104 	-1.546946414e-08 	2.93126849e-05 	-1.761930789e-09 	5.587812446e-08
0.6276667894 	-2.429124553e-05 	0.0003189614165 	-1.508154648e-08 	3.051342104e-05 	-1.765424708e-09 	5.816706127e-08
0.6302799884 	-2.538103361e-05 	0.0003326970705 	-1.47232334e-08 	3.170949307e-05 	-1.767972642e-09 	6.044710699e-08
0.6329223478 	-2.647422236e-05 	0.0003464471093 	-1.439151747e-08 	3.289972787e-05 	-1.769435815e-09 	6.271602533e-08
0.6355941931 	-2.757004216e-05 	0.0003602355721 	-1.408437935e-08 	3.408280855e-05 	-1.769658315e-09 	6.497130592e-08
0.6382958531 	-2.866756809e-05 	0.0003740835384 	-1.380049493e-08 	3.525728065e-05 	-1.768469971e-09 	6.721017618e-08
0.6410276607 	-2.976573573e-05 	0.0003880095014 	-1.353901722e-08 	3.64215603e-05 	-1.765691656e-09 	6.942961677e-08
0.6437899523 	-3.086335604e-05 	0.0004020296182 	-1.329941931e-08 	3.757394553e-05 	-1.761141236e-09 	7.162638332e-08
0.646583068 	-3.195913036e-05 	0.000416157872 	-1.308138508e-08 	3.871263155e-05 	-1.754639206e-09 	7.379703535e-08
0.6494073518 	-3.30516664e-05 	0.0004304061719 	-1.28847358e-08 	3.983572956e-05 	-1.746013693e-09 	7.593797232e-08
0.6522631514 	-3.413949548e-05 	0.0004447844082 	-1.270938257e-08 	4.094128891e-05 	-1.735104844e-09 	7.804547571e-08
0.6551508186 	-3.522109114e-05 	0.0004593004773 	-1.255529673e-08 	4.202732188e-05 	-1.721768787e-09 	8.01157564e-08
0.658070709 	-3.629488901e-05 	0.0004739602845 	-1.242249223e-08 	4.309183052e-05 	-1.705881393e-09 	8.214500572e-08
0.6610231822 	-3.735930761e-05 	0.0004887677303 	-1.231101537e-08 	4.413283475e-05 	-1.687342026e-09 	8.412944912e-08
0.6640086017 	-3.841276977e-05 	0.000503724686 	-1.222093871e-08 	4.514840118e-05 	-1.666077399e-09 	8.6065401e-08
0.6670273351 	-3.945372404e-05 	0.0005188309605 	-1.215235693e-08 	4.613667159e-05 	-1.642045565e-09 	8.794931907e-08
0.6700797543 	-4.048066554e-05 	0.0005340842599 	-1.210538299e-08 	4.709589039e-05 	-1.615239993e-09 	8.97778567e-08
0.6731662352 	-4.149215537e-05 	0.0005494801433 	-1.208014369e-08 	4.802443014e-05 	-1.585693616e-09 	9.154791155e-08
0.6762871577 	-4.248683791e-05 	0.0005650119758 	-1.207677388e-08 	4.892081402e-05 	-1.55348267e-09 	9.325666836e-08
0.6794429063 	-4.346345491e-05 	0.00058067088 	-1.209540922e-08 	4.978373429e-05 	-1.518730155e-09 	9.490163424e-08
0.6826338695 	-4.442085566e-05 	0.0005964456889 	-1.213617717e-08 	5.061206577e-05 	-1.481608737e-09 	9.648066426e-08
0.6858604404 	-4.535800215e-05 	0.0006123229029 	-1.219918644e-08 	5.140487322e-05 	-1.442342902e-09 	9.79919756e-08
0.6891230163 	-4.627396836e-05 	0.0006282866516 	-1.228451482e-08 	5.21614118e-05 	-1.401210271e-09 	9.94341484e-08
0.6924219988 	-4.716793297e-05 	0.0006443186655 	-1.239219583e-08 	5.288111976e-05 	-1.358541977e-09 	1.008061118e-07
0.6957577944 	-4.803916466e-05 	0.0006603982599 	-1.252220399e-08 	5.35636027e-05 	-1.3147221e-09 	1.02107114e-07
0.6991308138 	-4.888699952e-05 	0.0006765023342 	-1.267443905e-08 	5.420860889e-05 	-1.270186188e-09 	1.033366751e-07
0.7025414724 	-4.971081006e-05 	0.0006926053914 	-1.28487091e-08 	5.481599537e-05 	-1.225418949e-09 	1.044945225e-07
0.7059901901 	-5.050996576e-05 	0.0007086795817 	-1.304471251e-08 	5.538568477e-05 	-1.180951233e-09 	1.055805088e-07
0.7094773917 	-5.128378491e-05 	0.0007246947747 	-1.326201847e-08 	5.591761299e-05 	-1.137356433e-09 	1.065945118e-07
0.7130035066 	-5.203147802e-05 	0.0007406186651 	-1.350004597e-08 	5.641166796e-05 	-1.095246446e-09 	1.075363179e-07
0.7165689691 	-5.275208335e-05 	0.0007564169184 	-1.375804091e-08 	5.686762081e-05 	-1.055267275e-09 	1.084054908e-07
0.7201742182 	-5.344439505e-05 	0.0007720533599 	-1.403505076e-08 	5.728504953e-05 	-1.018094339e-09 	1.09201226e-07
0.7238196978 	-5.410688967e-05 	0.0007874902163 	-1.43298966e-08 	5.766326628e-05 	-9.84427057e-10 	1.099222122e-07
0.727505857 	-5.473761911e-05 	0.0008026884132 	-1.464114199e-08 	5.800118311e-05 	-9.549856591e-10 	1.105663756e-07
0.7312331497 	-5.533413002e-05 	0.0008176079567 	-1.49670583e-08 	5.829723571e-05 	-9.305063837e-10 	1.111307341e-07
0.7350020349 	-5.589203505e-05 	0.0008321686089 	-1.530482022e-08 	5.854884776e-05 	-9.117613482e-10 	1.116103766e-07
0.7387709215 	-5.640404295e-05 	0.0008462149651 	-1.564920788e-08 	5.875242861e-05 	-8.994815916e-10 	1.119984583e-07
0.7424982157 	-5.686396871e-05 	0.0008596146391 	-1.599428844e-08 	5.89054538e-05 	-8.941233982e-10 	1.122901669e-07
0.7461843763 	-5.726920791e-05 	0.0008723312737 	-1.633589933e-08 	5.900711226e-05 	-8.958479732e-10 	1.124839561e-07
0.7498298574 	-5.761832317e-05 	0.0008843687494 	-1.667090127e-08 	5.905690668e-05 	-9.046744475e-10 	1.125788782e-07
0.7534351078 	-5.790961129e-05 	0.000895734781 	-1.699615661e-08 	5.905398426e-05 	-9.205400257e-10 	1.125733072e-07
0.7570005716 	-5.814116215e-05 	0.0009064408529 	-1.730853618e-08 	5.899719067e-05 	-9.433024261e-10 	1.124650428e-07
0.7605266877 	-5.831095451e-05 	0.0009165021229 	-1.760493348e-08 	5.888519519e-05 	-9.727392926e-10 	1.122515483e-07
0.7640138905 	-5.841692558e-05 	0.0009259373054 	-1.788227859e-08 	5.871656322e-05 	-1.008551754e-09 	1.119300889e-07
0.7674626093 	-5.845704175e-05 	0.0009347685349 	-1.813755172e-08 	5.848983243e-05 	-1.05036873e-09 	1.11497877e-07
0.770873269 	-5.842936479e-05 	0.0009430212123 	-1.836779709e-08 	5.820358327e-05 	-1.097752144e-09 	1.109522066e-07
0.7742462894 	-5.833211363e-05 	0.0009507238382 	-1.857013467e-08 	5.785650365e-05 	-1.150202881e-09 	1.102905763e-07
0.777582086 	-5.816371984e-05 	0.0009579078428 	-1.874177013e-08 	5.744744654e-05 	-1.207167828e-09 	1.095107998e-07
0.7808810695 	-5.792287522e-05 	0.0009646074051 	-1.88800056e-08 	5.6975479e-05 	-1.268048069e-09 	1.086110985e-07
0.7841436462 	-5.760857116e-05 	0.0009708592654 	-1.898224822e-08 	5.643992252e-05 	-1.332207655e-09 	1.07590179e-07
0.787370218 	-5.722013053e-05 	0.0009767025419 	-1.904601648e-08 	5.584038489e-05 	-1.398982681e-09 	1.064472936e-07
0.7905611821 	-5.675723158e-05 	0.0009821785486 	-1.906894547e-08 	5.517678418e-05 	-1.467690675e-09 	1.051822862e-07
0.7937169314 	-5.621992393e-05 	0.0009873306171 	-1.904879079e-08 	5.444936445e-05 	-1.537640122e-09 	1.037956221e-07
0.7968378547 	-5.560863675e-05 	0.0009922039236 	-1.898343117e-08 	5.365870366e-05 	-1.6081399e-09 	1.022884028e-07
0.7999243362 	-5.49241794e-05 	0.0009968453245 	-1.887086995e-08 	5.280571413e-05 	-1.678508384e-09 	1.006623677e-07
0.8029767561 	-5.416773517e-05 	0.001001303199 	-1.870923574e-08 	5.189163616e-05 	-1.748082058e-09 	9.891988106e-08
0.8059954902 	-5.33408486e-05 	0.001005627301 	-1.84967824e-08 	5.091802558e-05 	-1.816223437e-09 	9.706390869e-08
0.8089809102 	-5.244540722e-05 	0.00100986862 	-1.823188883e-08 	4.988673589e-05 	-1.882328173e-09 	9.50979839e-08
0.8119333839 	-5.14836184e-05 	0.001014079254 	-1.791305872e-08 	4.879989593e-05 	-1.945831208e-09 	9.302616488e-08
0.8148532749 	-5.045798222e-05 	0.001018312283 	-1.753892065e-08 	4.765988389e-05 	-2.006211912e-09 	9.085298508e-08
0.8177409426 	-4.937126112e-05 	0.001022621661 	-1.710822909e-08 	4.646929849e-05 	-2.062998127e-09 	8.858339839e-08
0.8205967427 	-4.822644737e-05 	0.001027062105 	-1.661986634e-08 	4.523092826e-05 	-2.115769104e-09 	8.622272056e-08
0.8234210268 	-4.702672903e-05 	0.001031688995 	-1.607284619e-08 	4.39477198e-05 	-2.164157316e-09 	8.377656858e-08
0.8262141429 	-4.577545541e-05 	0.001036558273 	-1.546631933e-08 	4.262274566e-05 	-2.207849189e-09 	8.125079961e-08
0.8289764348 	-4.447610268e-05 	0.001041726343 	-1.479958123e-08 	4.12591728e-05 	-2.246584775e-09 	7.865145074e-08
0.8317082427 	-4.313224037e-05 	0.001047249974 	-1.407208268e-08 	3.98602321e-05 	-2.280156446e-09 	7.598468096e-08
0.8344099031 	-4.17474995e-05 	0.001053186187 	-1.328344347e-08 	3.842918974e-05 	-2.308406695e-09 	7.325671648e-08
0.8370817486 	-4.032554277e-05 	0.001059592147 	-1.243346954e-08 	3.696932069e-05 	-2.331225172e-09 	7.047380033e-08
0.8397241082 	-3.887003732e-05 	0.001066525036 	-1.152217398e-08 	3.548388498e-05 	-2.348545096e-09 	6.764214701e-08
0.8423373074 	-3.738463032e-05 	0.001074041907 	-1.054980191e-08 	3.397610678e-05 	-2.360339241e-09 	6.476790269e-08
0.844921668 	-3.587292763e-05 	0.001082199533 	-9.516859624e-09 	3.244915659e-05 	-2.36661573e-09 	6.185711123e-08
0.8474775082 	-3.433847549e-05 	0.00109105422 	-8.424147434e-09 	3.090613644e-05 	-2.367413906e-09 	5.891568597e-08
0.8500051427 	-3.278474502e-05 	0.001100661603 	-7.272796057e-09 	2.935006793e-05 	-2.362800591e-09 	5.594938691e-08
0.8525048829 	-3.121511942e-05 	0.001111076417 	-6.064305465e-09 	2.77838828e-05 	-2.352867033e-09 	5.296380275e-08
0.8549770366 	-2.963288305e-05 	0.001122352229 	-4.800584827e-09 	2.621041543e-05 	-2.337726848e-09 	4.996433661e-08
0.8574219081 	-2.804121215e-05 	0.001134541153 	-3.483991535e-09 	2.463239683e-05 	-2.317515171e-09 	4.695619457e-08
0.8598397987 	-2.644316621e-05 	0.001147693528 	-2.117366661e-09 	2.30524493e-05 	-2.29238913e-09 	4.394437545e-08
0.862231006 	-2.484167954e-05 	0.001161857577 	-7.040636663e-10 	2.14730811e-05 	-2.262529591e-09 	4.093366071e-08
0.8645958245 	-2.323955227e-05 	0.001177079039 	7.520332417e-10 	1.989668062e-05 	-2.228143942e-09 	3.792860326e-08
0.8669345455 	-2.163944054e-05 	0.001193400799 	2.246504854e-09 	1.832550945e-05 	-2.189469487e-09 	3.493351432e-08
0.8692474569 	-2.004384555e-05 	0.001210862505 	3.774410262e-09 	1.676169425e-05 	-2.146776807e-09 	3.195244792e-08
0.8715348435 	-1.84551016e-05 	0.001229500197 	5.330320463e-09 	1.520721748e-05 	-2.100372378e-09 	2.898918314e-08
0.8737969871 	-1.687536364e-05 	0.00124934596 	6.908373697e-09 	1.366390719e-05 	-2.050599618e-09 	2.604720478e-08
0.8760341663 	-1.530659489e-05 	0.001270427606 	8.502352294e-09 	1.213342676e-05 	-1.997837631e-09 	2.312968372e-08
0.8782466565 	-1.375055561e-05 	0.001292768409 	1.010577862e-08 	1.061726524e-05 	-1.942497001e-09 	2.023945846e-08
0.8804347301 	-1.220879396e-05 	0.001316386901 	1.171202561e-08 	9.116729301e-06 	-1.885012201e-09 	1.737901991e-08
0.8825986568 	-1.068264018e-05 	0.001341296728 	1.331443513e-08 	7.632938114e-06 	-1.825830421e-09 	1.455050151e-08
0.8847387028 	-9.173205124e-06 	0.001367506594 	1.490643601e-08 	6.166821887e-06 	-1.765396868e-09 	1.17556765e-08
0.8868551318 	-7.681384159e-06 	0.001395020275 	1.648165208e-08 	4.719125269e-06 	-1.704136824e-09 	8.995964375e-09
0.8889482045 	-6.207867224e-06 	0.001423836713 	1.803399066e-08 	3.290416338e-06 	-1.642434983e-09 	6.272448063e-09
0.8910181784 	-4.753155647e-06 	0.001453950178 	1.955770215e-08 	1.881101828e-06 	-1.580612735e-09 	3.58590291e-09
0.8930653087 	-3.317586093e-06 	0.001485350495 	2.104740306e-08 	4.914490329e-07 	-1.518904279e-09 	9.368384479e-10
0.8950898473 	-1.901361802e-06 	0.001518023307 	2.249805647e-08 	-8.783854203e-07 	-1.457432529e-09 	-1.674446746e-09
0.8970920436 	-5.045909634e-07 	0.001551950375 	2.390490706e-08 	-2.228319958e-06 	-1.396185948e-09 	-4.24779717e-09
0.8990721441 	8.72668137e-07 	0.00158710989 	2.526337052e-08 	-3.558305921e-06 	-1.334997551e-09 	-6.783120066e-09
0.9010303927 	2.230355886e-06 	0.00162347677 	2.656888063e-08 	-4.86827949e-06 	-1.273527387e-09 	-9.280293776e-09
0.9029670306 	3.568355019e-06 	0.00166102294 	2.781670048e-08 	-6.158108574e-06 	-1.211249902e-09 	-1.17390665e-08
0.9048822962 	4.886430501e-06 	0.001699717557 	2.900170729e-08 	-7.427535906e-06 	-1.147447589e-09 	-1.415894781e-08
0.9067764254 	6.184167254e-06 	0.001739527197 	3.011816312e-08 	-8.676119883e-06 	-1.081212234e-09 	-1.65390959e-08
0.9086496514 	7.460907664e-06 	0.001780415956 	3.115948564e-08 	-9.903175039e-06 	-1.011455001e-09 	-1.887820407e-08
0.910502205 	8.715691093e-06 	0.001822345494 	3.211803486e-08 	-1.110771432e-05 	-9.369262999e-10 	-2.117439072e-08
0.9123343142 	9.947197832e-06 	0.001865275001 	3.2984932e-08 	-1.228839554e-05 	-8.562461322e-10 	-2.342509727e-08
0.9141462048 	1.115370011e-05 	0.001909161091 	3.374992712e-08 	-1.344347457e-05 	-7.679451558e-10 	-2.562699896e-08
0.9159380997 	1.233302279e-05 	0.001953957639 	3.440133036e-08 	-1.457076799e-05 	-6.70516294e-10 	-2.777593353e-08
0.9177102197 	1.348251645e-05 	0.001999615573 	3.492602071e-08 	-1.566762759e-05 	-5.624761552e-10 	-2.986685278e-08
0.9194627831 	1.459904516e-05 	0.002046082626 	3.530954266e-08 	-1.673092945e-05 	-4.424350103e-10 	-3.189380165e-08
0.9211960055 	1.567899148e-05 	0.002093303092 	3.553629869e-08 	-1.775707962e-05 	-3.091735144e-10 	-3.384992908e-08
0.9229101006 	1.671828012e-05 	0.002141217582 	3.558984085e-08 	-1.874203833e-05 	-1.617238472e-10 	-3.572753414e-08
0.9246052793 	1.771242198e-05 	0.002189762821 	3.54532609e-08 	-1.968136408e-05 	5.475167435e-13 	-3.751815009e-08
0.9262817504 	1.865657917e-05 	0.002238871509 	3.510967354e-08 	-2.057027836e-05 	1.778585721e-10 	-3.921266776e-08
0.9279397204 	1.954565107e-05 	0.002288472261 	3.454278258e-08 	-2.140375121e-05 	3.699355073e-10 	-4.080149867e-08
0.9295793934 	2.037438098e-05 	0.002338489655 	3.373751564e-08 	-2.217660694e-05 	5.75944959e-10 	-4.22747765e-08
0.9312009714 	2.113748176e-05 	0.002388844407 	3.268070828e-08 	-2.288364861e-05 	7.944383556e-10 	-4.362259443e-08
0.9328046541 	2.182977828e-05 	0.00243945368 	3.136181548e-08 	-2.351979909e-05 	1.023311746e-09 	-4.483527406e-08
0.9343906389 	2.244636364e-05 	0.00249023155 	2.977362523e-08 	-2.408025569e-05 	1.259784198e-09 	-4.590366011e-08
0.9359591211 	2.298276522e-05 	0.002541089623 	2.79129477e-08 	-2.456065437e-05 	1.500397364e-09 	-4.681943351e-08
0.937510294 	2.343511598e-05 	0.002591937804 	2.578125275e-08 	-2.495723918e-05 	1.74103823e-09 	-4.757543437e-08
0.9390443485 	2.380032586e-05 	0.002642685217 	2.338522929e-08 	-2.52670316e-05 	1.976986275e-09 	-4.816598485e-08
0.9405614735 	2.407624747e-05 	0.002693241259 	2.073724263e-08 	-2.548799421e-05 	2.202985492e-09 	-4.858720099e-08
0.942061856 	2.426183009e-05 	0.002743516765 	1.785566842e-08 	-2.561918257e-05 	2.413340776e-09 	-4.883728247e-08
0.9435456805 	2.435725599e-05 	0.002793425268 	1.476508701e-08 	-2.566087954e-05 	2.602037322e-09 	-4.891676847e-08
0.9450131299 	2.4364053e-05 	0.002842884324 	1.14963267e-08 	-2.561470587e-05 	2.762880815e-09 	-4.882874863e-08
0.946464385 	2.428517804e-05 	0.002891816868 	8.086349954e-09 	-2.54837019e-05 	2.889655486e-09 	-4.857901865e-08
0.9478996243 	2.412506654e-05 	0.00294015257 	4.577982482e-09 	-2.527237535e-05 	2.976296563e-09 	-4.817617151e-08
0.9493190246 	2.38896441e-05 	0.002987829168 	1.01949005e-09 	-2.49867114e-05 	3.017073348e-09 	-4.763161663e-08
0.9507227608 	2.358629718e-05 	0.003034793729 	-2.53598799e-09 	-2.463414233e-05 	3.006779178e-09 	-4.695952199e-08
0.9521110058 	2.32238009e-05 	0.003081003825 	-6.031136577e-09 	-2.422347389e-05 	2.940924904e-09 	-4.617667379e-08
0.9534839303 	2.281220398e-05 	0.003126428592 	-9.405281679e-09 	-2.376476946e-05 	2.815933104e-09 	-4.530225567e-08
0.9548417036 	2.236266878e-05 	0.003171049646 	-1.259531478e-08 	-2.326918728e-05 	2.629331276e-09 	-4.435753829e-08
0.9561844929 	2.188731227e-05 	0.003214861833 	-1.553671784e-08 	-2.274886006e-05 	2.379932112e-09 	-4.336565e-08
0.9575124634 	2.139889417e-05 	0.003257873793 	-1.816468781e-08 	-2.221650726e-05 	2.068022567e-09 	-4.23508376e-08
0.9588257788 	2.091073704e-05 	0.003300108342 	-2.041536382e-08 	-2.168554563e-05 	1.695545368e-09 	-4.133867716e-08
0.9601246008 	2.043323807e-05 	0.003341602599 	-2.222717793e-08 	-2.116342422e-05 	1.267065614e-09 	-4.034336864e-08
0.9614090893 	1.998638145e-05 	0.003382406109 	-2.354246625e-08 	-2.067695507e-05 	7.879347843e-10 	-3.941602323e-08
0.9626794024 	1.958338715e-05 	0.003422633062 	-2.430651365e-08 	-2.023993063e-05 	2.642255245e-10 	-3.858293318e-08
0.9639356968 	1.924499805e-05 	0.003458354728 	-2.455989133e-08 	-1.985790082e-05 	-2.434688963e-10 	-3.785467819e-08
0.9647540487 	1.900906857e-05 	0.003486834574 	-2.439470653e-08 	-1.95868626e-05 	-6.690885534e-10 	-3.733800401e-08
0.9655573034 	1.884761184e-05 	0.00351213576 	-2.389575325e-08 	-1.940726368e-05 	-1.047837667e-09 	-3.699563855e-08
0.9663457395 	1.871245248e-05 	0.003536982515 	-2.312873809e-08 	-1.924960746e-05 	-1.421105009e-09 	-3.669510197e-08
0.9671196303 	1.860221121e-05 	0.003561430241 	-2.210354945e-08 	-1.911375272e-05 	-1.785797382e-09 	-3.643612507e-08
0.9678792442 	1.851939649e-05 	0.003585510139 	-2.083074782e-08 	-1.900764535e-05 	-2.137899997e-09 	-3.623385494e-08
0.9686248445 	1.845891957e-05 	0.003609250647 	-1.932380341e-08 	-1.892442751e-05 	-2.472754315e-09 	-3.607521861e-08
0.9693566897 	1.841710141e-05 	0.003632677738 	-1.759845785e-08 	-1.886035859e-05 	-2.78645592e-09 	-3.595308544e-08
0.9700750337 	1.839005326e-05 	0.003655814698 	-1.567247619e-08 	-1.881152931e-05 	-3.075500592e-09 	-3.586000325e-08
0.9707801255 	1.837372666e-05 	0.003678682056 	-1.356536545e-08 	-1.877390424e-05 	-3.33677392e-09 	-3.578827941e-08
0.9714722095 	1.836392206e-05 	0.00370129755 	-1.129808511e-08 	-1.874327908e-05 	-3.567581241e-09 	-3.572989935e-08
0.9721515258 	1.83563733e-05 	0.003723676138 	-8.89275128e-09 	-1.871538692e-05 	-3.765674447e-09 	-3.567672913e-08
0.9728183099 	1.83468107e-05 	0.003745830051 	-6.37233919e-09 	-1.868596145e-05 	-3.929265918e-09 	-3.562063602e-08
0.9734727929 	1.833102279e-05 	0.003767768886 	-3.760387983e-09 	-1.865079803e-05 	-4.057035378e-09 	-3.555360477e-08
0.9741152019 	1.830491614e-05 	0.003789499728 	-1.080711539e-09 	-1.860581255e-05 	-4.148130676e-09 	-3.546784993e-08
0.9747457596 	1.826457251e-05 	0.003811027297 	1.64288126e-09 	-1.854709814e-05 	-4.202162776e-09 	-3.535592395e-08
0.9753646845 	1.820630234e-05 	0.003832354127 	4.386854064e-09 	-1.847097819e-05 	-4.219195256e-09 	-3.521081818e-08
0.9759721914 	1.812669387e-05 	0.003853480756 	7.128195558e-09 	-1.83740549e-05 	-4.199728687e-09 	-3.502605545e-08
0.9765684907 	1.802265717e-05 	0.003874405945 	9.844654419e-09 	-1.825325292e-05 	-4.144680285e-09 	-3.479577329e-08
0.9771537895 	1.789146281e-05 	0.003895126897 	1.251495452e-08 	-1.810585751e-05 	-4.055359188e-09 	-3.451479668e-08
0.9777282904 	1.773077469e-05 	0.003915639499 	1.511898845e-08 	-1.792954703e-05 	-3.933437786e-09 	-3.41786999e-08
0.9782921928 	1.753867681e-05 	0.00393593857 	1.763798767e-08 	-1.772241928e-05 	-3.780919465e-09 	-3.378385684e-08
0.9788456922 	1.731369373e-05 	0.003956018103 	2.005466814e-08 	-1.748301161e-05 	-3.600103236e-09 	-3.332747928e-08
0.9793889805 	1.705480465e-05 	0.003975871529 	2.235335047e-08 	-1.721031468e-05 	-3.393545679e-09 	-3.280764313e-08
0.979922246 	1.676145096e-05 	0.003995491959 	2.452005424e-08 	-1.69037797e-05 	-3.1640207e-09 	-3.222330228e-08
0.9804456737 	1.643353732e-05 	0.004014872443 	2.654256638e-08 	-1.65633193e-05 	-2.914477627e-09 	-3.157429013e-08
0.9809594451 	1.607142633e-05 	0.00403400621 	2.841048423e-08 	-1.61893019e-05 	-2.647998192e-09 	-3.0861309e-08
0.9814637383 	1.567592686e-05 	0.00405288691 	3.011523388e-08 	-1.578253991e-05 	-2.367752979e-09 	-3.008590761e-08
0.9819587281 	1.524827641e-05 	0.004071508845 	3.165006517e-08 	-1.534427192e-05 	-2.076957944e-09 	-2.925044699e-08
0.9824445862 	1.479011761e-05 	0.004089867196 	3.301002485e-08 	-1.487613904e-05 	-1.778831613e-09 	-2.835805562e-08
0.9829214811 	1.430346936e-05 	0.004107958235 	3.419190973e-08 	-1.438015606e-05 	-1.476553563e-09 	-2.741257421e-08
0.9833895781 	1.379069305e-05 	0.004125779533 	3.519420192e-08 	-1.385867755e-05 	-1.173224796e-09 	-2.641849123e-08
0.9838490396 	1.325445437e-05 	0.004143330155 	3.601698843e-08 	-1.331435973e-05 	-8.718305486e-10 	-2.538087017e-08
0.9843000247 	1.269768135e-05 	0.00416061085 	3.666186748e-08 	-1.275011849e-05 	-5.752061859e-10 	-2.430526956e-08
0.98474269 	1.212351929e-05 	0.00417762423 	3.713184393e-08 	-1.216908442e-05 	-2.860065147e-10 	-2.319765712e-08
0.9851771888 	1.153528356e-05 	0.004194374945 	3.743121328e-08 	-1.157455581e-05 	-6.678624096e-12 	-2.206432035e-08
0.9856036719 	1.093641055e-05 	0.00421086985 	3.756544535e-08 	-1.096994975e-05 	2.605604725e-10 	-2.091177316e-08
0.9860222871 	1.033040773e-05 	0.00422711816 	3.754106927e-08 	-1.035875206e-05 	5.137413897e-10 	-1.974666049e-08
0.9864331796 	9.720804562e-06 	0.004243131624 	3.736553735e-08 	-9.744468687e-06 	7.511565745e-10 	-1.857566565e-08
0.9868364919 	9.111104426e-06 	0.004258924695 	3.704709406e-08 	-9.130578067e-06 	9.713695237e-10 	-1.740541951e-08
0.9872323637 	8.504737725e-06 	0.004274514688 	3.659466531e-08 	-8.520484106e-06 	1.173218192e-09 	-1.624241085e-08
0.9876209323 	7.905017947e-06 	0.004289921958 	3.601773824e-08 	-7.917472501e-06 	1.355814688e-09 	-1.509290314e-08
0.9880023326 	7.315101366e-06 	0.00430517009 	3.532624057e-08 	-7.324670921e-06 	1.518541059e-09 	-1.396285856e-08
0.9883766967 	6.737950514e-06 	0.004320286113 	3.453043147e-08 	-6.74501267e-06 	1.66104058e-09 	-1.285786883e-08
0.9887441544 	6.17630227e-06 	0.004335300721 	3.364079796e-08 	-6.181205001e-06 	1.783205521e-09 	-1.178309471e-08
0.9891048331 	5.632641055e-06 	0.004350248537 	3.266795793e-08 	-5.635702591e-06 	1.885161887e-09 	-1.07432155e-08
0.9894588579 	5.10917735e-06 	0.0043651684 	3.16225707e-08 	-5.110686294e-06 	1.967251478e-09 	-9.742388519e-09
0.9898063516 	4.607831739e-06 	0.004380103702 	3.051525525e-08 	-4.608047413e-06 	2.030011814e-09 	-8.78421911e-09
0.9901474347 	4.130224557e-06 	0.004395102774 	2.935651631e-08 	-4.129377556e-06 	2.074154494e-09 	-7.871741323e-09
0.9904822253 	3.677671059e-06 	0.004410219318 	2.815667886e-08 	-3.675964011e-06 	2.100542383e-09 	-7.007409087e-09
0.9908108397 	3.251182066e-06 	0.004425512916 	2.692583096e-08 	-3.248790758e-06 	2.110166404e-09 	-6.19309814e-09
0.9911333916 	2.851468741e-06 	0.004441049596 	2.567377644e-08 	-2.848542678e-06 	2.104121499e-09 	-5.430114056e-09
0.9914499931 	2.47895313e-06 	0.004456902471 	2.441002617e-08 	-2.475616766e-06 	2.083583653e-09 	-4.719213618e-09
0.9917607538 	2.133771097e-06 	0.004473152436 	2.314373351e-08 	-2.130113911e-06 	2.049791975e-09 	-4.06058915e-09
0.9920657815 	1.815878795e-06 	0.004489888914 	2.188362692e-08 	-1.812034e-06 	2.004023165e-09 	-3.454240434e-09
0.9923651819 	1.524846822e-06 	0.004507210593 	2.063806649e-08 	-1.520844416e-06 	1.947578171e-09 	-2.899152155e-09
0.992659059 	1.261044265e-06 	0.004525226145 	1.941507489e-08 	-1.257820804e-06 	1.881667734e-09 	-2.397756047e-09
0.9929475145 	1.0165698e-06 	0.004544054829 	1.822233405e-08 	-1.007916583e-06 	1.808129825e-09 	-1.921369144e-09
0.9932306485 	8.114200753e-07 	0.004563814275 	1.706673441e-08 	-8.119498508e-07 	1.727806295e-09 	-1.547802086e-09
0.9935085592 	6.393226673e-07 	0.004585166592 	1.597194873e-08 	-6.583905529e-07 	1.641129363e-09 	-1.255075384e-09
0.9937813429 	4.603626459e-07 	0.004604069867 	1.500544872e-08 	-4.560043375e-07 	1.558147079e-09 	-8.692710074e-10
0.9939569055 	3.277752058e-07 	0.004619892094 	1.425372307e-08 	-3.038050626e-07 	1.488712897e-09 	-5.791368878e-10
0.9941324681 	2.556550637e-07 	0.004636292414 	1.362902021e-08 	-2.495077269e-07 	1.426028467e-09 	-4.756310748e-10
0.9943080307 	1.811338151e-07 	0.004653304128 	1.301907899e-08 	-1.823312892e-07 	1.36283395e-09 	-3.475741137e-10
0.9944835934 	1.043791705e-07 	0.00467134837 	1.243927058e-08 	-1.025463436e-07 	1.299038706e-09 	-1.954818324e-10
0.994659156 	3.973508383e-08 	0.004690486862 	1.189104086e-08 	-3.879705246e-08 	1.234930775e-09 	-7.395796529e-11
0.9948347186 	-1.697333685e-08 	0.004710781619 	1.137639233e-08 	1.715046566e-08 	1.17121707e-09 	3.269355405e-11
0.9950102812 	-6.547608637e-08 	0.00473227963 	1.089739087e-08 	6.458287994e-08 	1.108176132e-09 	1.231129188e-10
0.9951858439 	-1.059942848e-07 	0.004755003298 	1.045617767e-08 	1.037012134e-07 	1.046098337e-09 	1.976833347e-10
0.9953614065 	-1.387765832e-07 	0.004778937715 	1.005491973e-08 	1.347036731e-07 	9.85227813e-10 	2.567826396e-10
0.9955369691 	-1.642782797e-07 	0.004804014771 	9.695680409e-09 	1.581501785e-07 	9.25766623e-10 	3.014781955e-10
0.9957125317 	-1.832143227e-07 	0.004830094941 	9.380182219e-09 	1.750738337e-07 	8.678786637e-10 	3.337393861e-10
0.9958880943 	-1.966510085e-07 	0.00485694901 	9.109441094e-09 	1.871681118e-07 	8.116994666e-10 	3.567944416e-10
0.996063657 	-2.059893543e-07 	0.004884244028 	8.883283633e-09 	1.967563025e-07 	7.573458671e-10 	3.750721978e-10
0.9962392196 	-2.126932914e-07 	0.004911539733 	8.69981956e-09 	2.062504836e-07 	7.049181106e-10 	3.931707458e-10
0.9964147822 	-2.176832728e-07 	0.004938302482 	8.555022536e-09 	2.16942529e-07 	6.544803777e-10 	4.135527562e-10
0.9965903448 	-2.206144144e-07 	0.004963941455 	8.442625989e-09 	2.27566271e-07 	6.060122748e-10 	4.338045611e-10
0.9967659075 	-2.19650006e-07 	0.004987865996 	8.354502173e-09 	2.338523311e-07 	5.593524688e-10 	4.457875388e-10
0.9969414701 	-2.123347137e-07 	0.005009555003 	8.281536619e-09 	2.302838489e-07 	5.14187089e-10 	4.389850198e-10
0.9971170327 	-1.973687061e-07 	0.005028623628 	8.214812464e-09 	2.136569854e-07 	4.701217577e-10 	4.072895969e-10
0.9972925953 	-1.760075817e-07 	0.005044872495 	8.146812993e-09 	1.858995528e-07 	4.268029267e-10 	3.543762155e-10
0.997468158 	-1.517613569e-07 	0.005058309266 	8.072374673e-09 	1.534960481e-07 	3.839943454e-10 	2.926061296e-10
0.9976437206 	-1.284794017e-07 	0.005069138159 	7.989190812e-09 	1.236877547e-07 	3.415526887e-10 	2.357832375e-10
0.9978192832 	-1.083829614e-07 	0.005077718598 	7.897725667e-09 	1.005602141e-07 	2.993485132e-10 	1.916957172e-10
0.9979948458 	-9.149740109e-08 	0.005084500993 	7.800521261e-09 	8.391335254e-08 	2.572226185e-10 	1.599621722e-10
0.9981704085 	-7.65078946e-08 	0.005089954637 	7.70109239e-09 	7.096127344e-08 	2.150141279e-10 	1.352719096e-10
0.9983459711 	-6.198641633e-08 	0.005094505369 	7.602775295e-09 	5.876438629e-08 	1.725992173e-10 	1.120212527e-10
0.9985215337 	-4.708886816e-08 	0.005098496209 	7.507879278e-09 	4.559975719e-08 	1.29849277e-10 	8.692581075e-11
0.9986970963 	-3.155145973e-08 	0.005102174941 	7.417309658e-09 	3.093322451e-08 	8.62912782e-11 	5.896732311e-11
0.998872659 	-1.586745853e-08 	0.005105703321 	7.330611917e-09 	1.57554186e-08 	4.356083388e-11 	3.003420661e-11
0.9990482216 	-7.789183936e-09 	0.005106950491 	7.280389524e-09 	7.640675127e-09 	2.109267242e-11 	1.45652512e-11
0.9990482216 	-7.789183936e-09 	0.005106950491 	7.280389524e-09 	7.640675127e-09 	2.109267242e-11 	1.45652512e-11
