0.4706627813 	9.459534815e-08 	-1.663349357e-10 	-3.389028302e-15 	9.441724602e-08 	6.662115766e-13 	1.799855128e-10
0.4708355793 	1.056303907e-06 	-7.200813999e-09 	-4.348990467e-14 	1.054375589e-06 	-4.625398575e-13 	2.009932922e-09
0.4710083775 	5.849786326e-06 	-9.301252509e-08 	1.739399868e-13 	5.839711714e-06 	-2.46343656e-11 	1.113211359e-08
0.4711811759 	1.940427728e-05 	-5.769874836e-07 	4.030111006e-12 	1.937391839e-05 	-1.223282015e-10 	3.693207315e-08
0.4713539745 	4.783242832e-05 	-2.333572291e-06 	2.50949427e-11 	4.776799844e-05 	-3.588936483e-10 	9.105908145e-08
0.4715267733 	9.776766241e-05 	-7.138118592e-06 	9.752557065e-11 	9.76630652e-05 	-8.018079696e-10 	1.861729463e-07
0.4716995723 	0.0001759506901 	-1.794010874e-05 	2.85092342e-10 	0.0001758208293 	-1.510436778e-09 	3.351633676e-07
0.4718723715 	0.0002887437574 	-3.892560192e-05 	6.812733849e-10 	0.0002886395981 	-2.522767567e-09 	5.502272973e-07
0.4720451709 	0.0004414913265 	-7.521598441e-05 	1.392562842e-09 	0.0004415128933 	-3.837923806e-09 	8.416462869e-07
0.4722179705 	0.0006377598562 	-0.0001321136013 	2.503007562e-09 	0.0006380621026 	-5.398167055e-09 	1.216323708e-06
0.4723907703 	0.0008786025836 	-0.0002139815391 	4.030354786e-09 	0.0008793894888 	-7.078742584e-09 	1.676360779e-06
0.4725635703 	0.001162079542 	-0.0003230784 	5.89573859e-09 	0.001163585095 	-8.695004523e-09 	2.218116594e-06
0.4727363705 	0.001483251856 	-0.0004588018657 	7.927594497e-09 	0.001485712142 	-1.003058215e-08 	2.832180276e-06
0.4729091709 	0.001834730761 	-0.0006176799353 	9.902512258e-09 	0.001838355727 	-1.087954276e-08 	3.504416961e-06
0.4730819714 	0.002207654398 	-0.0007941135623 	1.160347771e-08 	0.002212607485 	-1.108716153e-08 	4.21784483e-06
0.4732547721 	0.002592811657 	-0.000981539159 	1.28678966e-08 	0.002599200812 	-1.057481288e-08 	4.954799158e-06
0.4734275731 	0.002981619382 	-0.001173563417 	1.360876645e-08 	0.002989498123 	-9.343466955e-09 	5.698814311e-06
0.4736003742 	0.00336677121 	-0.001364752646 	1.381006079e-08 	0.003376146277 	-7.460066068e-09 	6.435873154e-06
0.4737731754 	0.003742525084 	-0.001550987882 	1.350793159e-08 	0.00375336724 	-5.035694258e-09 	7.154961153e-06
0.4739459769 	0.004104702637 	-0.001729470574 	1.276947093e-08 	0.004116957993 	-2.203508572e-09 	7.848066183e-06
0.4741187785 	0.004450512108 	-0.001898526527 	1.167562434e-08 	0.004464112164 	8.990560579e-10 	8.50983852e-06
0.4742915803 	0.004778295 	-0.002057337662 	1.030990682e-08 	0.004793164472 	4.142499591e-09 	9.137103675e-06
0.4744643823 	0.005087264799 	-0.00220568309 	8.751958947e-09 	0.005103327069 	7.412451233e-09 	9.72835979e-06
0.4746371844 	0.005377274446 	-0.00234372685 	7.07431356e-09 	0.005394454953 	1.061308467e-08 	1.028333045e-05
0.4748099867 	0.005648626412 	-0.002471860978 	5.341008049e-09 	0.005666854589 	1.366798287e-08 	1.080259987e-05
0.4749827891 	0.005901926084 	-0.002590598138 	3.607157525e-09 	0.005921136081 	1.651941652e-08 	1.128733107e-05
0.4751555917 	0.006137972383 	-0.002700502963 	1.919005768e-09 	0.00615810405 	1.912670862e-08 	1.173905788e-05
0.4753283945 	0.006357681882 	-0.002802151075 	3.141851911e-10 	0.006378671933 	2.146431319e-08 	1.215952156e-05
0.4755011974 	0.006562017499 	-0.002896111242 	-1.177629895e-09 	0.006583835785 	2.351941623e-08 	1.255062089e-05
0.4756740004 	0.006751971558 	-0.002982690765 	-2.53563902e-09 	0.006774590693 	2.52872833e-08 	1.291425276e-05
0.4758468036 	0.006952082191 	-0.003074521757 	-3.865236629e-09 	0.006975494482 	2.697768784e-08 	1.329723122e-05
0.4761153003 	0.007179641021 	-0.003177956646 	-5.277785312e-09 	0.00720397308 	2.858717962e-08 	1.373277493e-05
0.4763888437 	0.00740657385 	-0.003279154679 	-6.630172993e-09 	0.007431933614 	2.978985226e-08 	1.416733107e-05
0.4766675287 	0.007612506402 	-0.003370653834 	-7.747729982e-09 	0.007638825611 	3.045389658e-08 	1.456172472e-05
0.4769514519 	0.007799210445 	-0.003453026782 	-8.604884302e-09 	0.007826412507 	3.061520438e-08 	1.491931748e-05
0.4772407118 	0.007968335083 	-0.003527145363 	-9.204137871e-09 	0.007996397878 	3.031903039e-08 	1.524335684e-05
0.4775354087 	0.008121435351 	-0.003593787985 	-9.552757204e-09 	0.008150325275 	2.961443987e-08 	1.553678524e-05
0.4778356448 	0.008259938947 	-0.003653654303 	-9.662138569e-09 	0.008289629606 	2.855212175e-08 	1.580233801e-05
0.4781415242 	0.008385154433 	-0.003707371847 	-9.546770031e-09 	0.008415623357 	2.718212836e-08 	1.604251712e-05
0.4784531529 	0.008498274635 	-0.003755503173 	-9.223277767e-09 	0.008529502994 	2.555261257e-08 	1.625960336e-05
0.478770639 	0.008600383214 	-0.003798552931 	-8.709613817e-09 	0.008632355044 	2.370881881e-08 	1.645566795e-05
0.4790940926 	0.008692461974 	-0.003836974408 	-8.024365457e-09 	0.008725163708 	2.169243328e-08 	1.663258706e-05
0.4794236259 	0.008775398605 	-0.003871175409 	-7.186184964e-09 	0.008808818657 	1.954122006e-08 	1.679205664e-05
0.4797593531 	0.008849994412 	-0.00390152343 	-6.213333287e-09 	0.00888412282 	1.728889712e-08 	1.693560731e-05
0.4801013905 	0.008916971779 	-0.00392835016 	-5.123330431e-09 	0.008951799902 	1.496518097e-08 	1.706461864e-05
0.4804498569 	0.008976981261 	-0.003951955391 	-3.932701893e-09 	0.009012501492 	1.2595983e-08 	1.718033274e-05
0.480804873 	0.00903060835 	-0.00397261043 	-2.656792251e-09 	0.009066813459 	1.020322701e-08 	1.728386644e-05
0.4811665619 	0.009078379103 	-0.003990560446 	-1.310477793e-09 	0.009115263181 	7.806607449e-09 	1.737622508e-05
0.4815350489 	0.009120778469 	-0.004006035932 	9.045192464e-11 	0.00915833706 	5.430100314e-09 	1.745833586e-05
0.4819109242 	0.009158245303 	-0.004019242877 	1.537375904e-09 	0.009196473158 	3.088142781e-09 	1.753103387e-05
0.4822941986 	0.009191146806 	-0.004030354348 	3.023118208e-09 	0.009230038293 	7.852163759e-10 	1.759501834e-05
0.482684677 	0.009219802861 	-0.004039531075 	4.538244673e-09 	0.009259352704 	-1.475813543e-09 	1.765089976e-05
0.4830824948 	0.009244514884 	-0.004046924211 	6.074968923e-09 	0.009284717556 	-3.688751932e-09 	1.769925222e-05
0.4834877901 	0.009265559905 	-0.004052671116 	7.625797729e-09 	0.009306409604 	-5.844942649e-09 	1.774060329e-05
0.4839007033 	0.009283186199 	-0.004056896888 	9.183758658e-09 	0.009324676727 	-7.936611648e-09 	1.77754255e-05
0.4843213776 	0.009297616195 	-0.004059714979 	1.074262929e-08 	0.009339740871 	-9.95676248e-09 	1.780414195e-05
0.484749959 	0.009309049084 	-0.004061228263 	1.229679641e-08 	0.009351800691 	-1.189900882e-08 	1.782713132e-05
0.485186596 	0.009317663187 	-0.004061529976 	1.384113481e-08 	0.009361033891 	-1.375741665e-08 	1.784473236e-05
0.48563144 	0.00932361806 	-0.004060704573 	1.53708936e-08 	0.00936759934 	-1.552636905e-08 	1.785724793e-05
0.4860846455 	0.009327056386 	-0.004058828496 	1.688159344e-08 	0.009371638966 	-1.72004672e-08 	1.786494858e-05
0.4865463694 	0.009328105665 	-0.004055970877 	1.836893402e-08 	0.00937327945 	-1.877445938e-08 	1.78680758e-05
0.4870167719 	0.00932687973 	-0.004052194163 	1.982871206e-08 	0.009372633748 	-2.024319412e-08 	1.786684491e-05
0.4874960162 	0.009323480094 	-0.004047554697 	2.125674961e-08 	0.009369802437 	-2.160159422e-08 	1.786144765e-05
0.4879842685 	0.009317997168 	-0.004042103225 	2.264883209e-08 	0.009364874931 	-2.284464898e-08 	1.785205445e-05
0.488481698 	0.00931051134 	-0.004035885369 	2.400065553e-08 	0.009357930565 	-2.396742193e-08 	1.783881656e-05
0.4889884774 	0.009301093949 	-0.004028942047 	2.530778252e-08 	0.009349039558 	-2.496507207e-08 	1.782186783e-05
0.4895047822 	0.009289808148 	-0.004021309849 	2.656560637e-08 	0.009338263886 	-2.583288365e-08 	1.78013264e-05
0.4900307917 	0.009276709693 	-0.00401302138 	2.776932331e-08 	0.009325658059 	-2.656630795e-08 	1.777729619e-05
0.4905666881 	0.00926184764 	-0.00400410556 	2.891391326e-08 	0.009311269825 	-2.716100416e-08 	1.774986822e-05
0.4911126574 	0.009245265088 	-0.003994587894 	2.999414194e-08 	0.0092951406 	-2.761310721e-08 	1.771912143e-05
0.4916688889 	0.009226999603 	-0.003984490786 	3.10041132e-08 	0.00927730635 	-2.791898882e-08 	1.76851244e-05
0.4922355755 	0.009207080439 	-0.003973832798 	3.193848135e-08 	0.009257796642 	-2.807550059e-08 	1.764793347e-05
0.4928132114 	0.009185524874 	-0.003962625231 	3.279736187e-08 	0.00923662563 	-2.808908241e-08 	1.760757564e-05
0.4934025382 	0.009162349706 	-0.003950876539 	3.357729348e-08 	0.009213807143 	-2.79655189e-08 	1.756407726e-05
0.4940029419 	0.00913758383 	-0.00393860255 	3.426568651e-08 	0.009189369548 	-2.769069655e-08 	1.751749241e-05
0.4946146306 	0.009111252691 	-0.00392581767 	3.485439302e-08 	0.009163335743 	-2.725995605e-08 	1.746786474e-05
0.4952378166 	0.009083370935 	-0.003912528473 	3.533688925e-08 	0.009135718233 	-2.667311394e-08 	1.741521809e-05
0.4958727159 	0.009053950724 	-0.003898739279 	3.570697264e-08 	0.009106526819 	-2.593091971e-08 	1.735957114e-05
0.4965195487 	0.009023002014 	-0.003884452067 	3.595866324e-08 	0.009075769014 	-2.503504494e-08 	1.730093822e-05
0.4971785393 	0.008990532886 	-0.003869666454 	3.608634861e-08 	0.009043450322 	-2.398828554e-08 	1.723932981e-05
0.4978499162 	0.008956549821 	-0.003854379652 	3.608494506e-08 	0.009009574526 	-2.279461128e-08 	1.717475313e-05
0.4985339123 	0.008921057942 	-0.003838586385 	3.595008072e-08 	0.008974143965 	-2.145924727e-08 	1.710721263e-05
0.4992307647 	0.008884061228 	-0.00382227881 	3.567829923e-08 	0.008937159778 	-1.998874646e-08 	1.703671049e-05
0.4999407151 	0.008845562662 	-0.003805446421 	3.526727873e-08 	0.008898622127 	-1.839104817e-08 	1.696324702e-05
0.5006640096 	0.008805564323 	-0.003788075985 	3.471605796e-08 	0.008858530417 	-1.66755272e-08 	1.688682108e-05
0.5014008992 	0.008764067554 	-0.003770151541 	3.402526276e-08 	0.008816883205 	-1.485312807e-08 	1.680742991e-05
0.5021516393 	0.008721072986 	-0.00375165456 	3.319712419e-08 	0.008773678253 	-1.29366163e-08 	1.672506927e-05
0.5029164903 	0.008676577763 	-0.003732563181 	3.223588923e-08 	0.008728908442 	-1.093969468e-08 	1.663972557e-05
0.503695936 	0.008630553523 	-0.003712847359 	3.115330409e-08 	0.008682561797 	-8.885642077e-09 	1.655137598e-05
0.5044912129 	0.00858298212 	-0.003692434753 	2.996478077e-08 	0.008634619071 	-6.802399764e-09 	1.645998382e-05
0.5053014374 	0.008527542196 	-0.003669190134 	2.852163042e-08 	0.008578646296 	-4.432762847e-09 	1.635328415e-05
0.5065452568 	0.008457475401 	-0.003639499787 	2.651959246e-08 	0.008507820791 	-1.520331154e-09 	1.621827105e-05
0.5078029565 	0.008378935792 	-0.003605374796 	2.427093332e-08 	0.008428383473 	1.565214283e-09 	1.606684145e-05
0.5090746915 	0.008298374382 	-0.00357022647 	2.192139788e-08 	0.008346812109 	4.520233885e-09 	1.591134376e-05
0.5103606185 	0.008215848572 	-0.003534000252 	1.954082035e-08 	0.008263176232 	7.308494463e-09 	1.575191053e-05
0.5116608957 	0.008131401116 	-0.00349671299 	1.717370564e-08 	0.008177557908 	9.899911139e-09 	1.558869821e-05
0.5129756833 	0.008045079302 	-0.003458385989 	1.486046978e-08 	0.008090016516 	1.227184245e-08 	1.542181998e-05
0.5143051433 	0.007956893254 	-0.003419033463 	1.264251131e-08 	0.008000576736 	1.439507395e-08 	1.52513229e-05
0.5156513952 	0.007866845491 	-0.003378668609 	1.055867266e-08 	0.007909252877 	1.623309759e-08 	1.507723425e-05
0.5170128819 	0.007775000294 	-0.003337338103 	8.626605346e-09 	0.007816126981 	1.780661772e-08 	1.489971041e-05
0.5183895608 	0.007681429838 	-0.003295099428 	6.859872843e-09 	0.007721283329 	1.913056462e-08 	1.471891204e-05
0.5197816015 	0.007586173308 	-0.003251996784 	5.270347777e-09 	0.007624771356 	2.021335955e-08 	1.45349334e-05
0.5211891754 	0.007489265676 	-0.003208074039 	3.864936933e-09 	0.007526634301 	2.106622812e-08 	1.43478569e-05
0.5226124558 	0.00739074141 	-0.003163375679 	2.645224442e-09 	0.007426912651 	2.170380306e-08 	1.415775972e-05
0.5240516179 	0.007290626993 	-0.003117943408 	1.608745106e-09 	0.007325639856 	2.214241142e-08 	1.396470562e-05
0.5255072092 	0.007188918659 	-0.00307180444 	7.540462109e-10 	0.007222812026 	2.238705517e-08 	1.37686872e-05
0.5269808209 	0.007085623284 	-0.003024987538 	7.546652565e-11 	0.007118435408 	2.244360335e-08 	1.356971635e-05
0.5284708748 	0.006980808804 	-0.002977548709 	-4.490882193e-10 	0.007012580701 	2.235740421e-08 	1.336792786e-05
0.5299775543 	0.006874537183 	-0.00292954077 	-8.391170416e-10 	0.00690530743 	2.215748244e-08 	1.316343519e-05
0.5315010449 	0.00676683892 	-0.002880998891 	-1.112070007e-09 	0.006796643272 	2.186423069e-08 	1.295629111e-05
0.5330415342 	0.006657744294 	-0.002831955129 	-1.285969624e-09 	0.006686614193 	2.149634718e-08 	1.27465451e-05
0.5345992119 	0.006547278861 	-0.002782436978 	-1.378688295e-09 	0.006575244391 	2.107121182e-08 	1.25342433e-05
0.5361744585 	0.006435435958 	-0.002732454111 	-1.403447574e-09 	0.006462520295 	2.059384209e-08 	1.231935985e-05
0.5377691979 	0.006322214625 	-0.002682013215 	-1.371928373e-09 	0.006348434454 	2.006324539e-08 	1.210188053e-05
0.5393817296 	0.006207682373 	-0.002631148583 	-1.306831499e-09 	0.006233052968 	1.951223504e-08 	1.188193135e-05
0.5410122523 	0.006091904976 	-0.002579891235 	-1.225144702e-09 	0.006116436382 	1.895711185e-08 	1.165962772e-05
0.5426609666 	0.005974916047 	-0.002528253173 	-1.138699227e-09 	0.005998613548 	1.840479095e-08 	1.143502465e-05
0.5443280756 	0.00585675005 	-0.002476243249 	-1.05724214e-09 	0.00587961645 	1.786018134e-08 	1.120818311e-05
0.5460137845 	0.005737423525 	-0.002423859282 	-9.867087059e-10 	0.005759458356 	1.732220445e-08 	1.097912838e-05
0.5477194288 	0.005616938274 	-0.002371088514 	-9.289042526e-10 	0.005638136352 	1.678084982e-08 	1.074785493e-05
0.5494450171 	0.00549533642 	-0.002317932668 	-8.886605813e-10 	0.005515691581 	1.623999261e-08 	1.051444116e-05
0.5511898565 	0.005372693144 	-0.002264406673 	-8.715524644e-10 	0.005392198741 	1.57087825e-08 	1.027902948e-05
0.5529541618 	0.005249064156 	-0.00221051547 	-8.787581142e-10 	0.005267712113 	1.518682736e-08 	1.004172337e-05
0.5547381503 	0.005124488536 	-0.002156255517 	-9.088093971e-10 	0.005142271593 	1.467050328e-08 	9.802598877e-06
0.5565420416 	0.004998988523 	-0.002101615637 	-9.580116103e-10 	0.00501590021 	1.415319591e-08 	9.561699898e-06
0.5583670057 	0.004872567968 	-0.002046575936 	-1.020275728e-09 	0.004888601275 	1.362273299e-08 	9.319032747e-06
0.5602133451 	0.004745261982 	-0.001991130042 	-1.091708221e-09 	0.004760412251 	1.307669701e-08 	9.074668839e-06
0.5620802817 	0.004617139648 	-0.00193528798 	-1.170253938e-09 	0.00463140545 	1.251943443e-08 	8.828746021e-06
0.5639680453 	0.004488252762 	-0.001879053611 	-1.251670049e-09 	0.004501634417 	1.19484377e-08 	8.581366363e-06
0.5658768684 	0.004358634918 	-0.00182242412 	-1.330715388e-09 	0.004371137251 	1.135960931e-08 	8.332602495e-06
0.567806986 	0.004228295679 	-0.001765387365 	-1.401221428e-09 	0.004239925909 	1.074656278e-08 	8.082477209e-06
0.5697601668 	0.004097240234 	-0.001707929304 	-1.45641951e-09 	0.004108007674 	1.009921215e-08 	7.831004389e-06
0.571735477 	0.003965529093 	-0.001650061134 	-1.493856498e-09 	0.003975448603 	9.422976564e-09 	7.578309956e-06
0.5737328224 	0.003833238656 	-0.001591802376 	-1.51088734e-09 	0.003842328587 	8.719415039e-09 	7.324546207e-06
0.5757524488 	0.003700426444 	-0.001533164597 	-1.504123046e-09 	0.003708709571 	7.987256364e-09 	7.069831224e-06
0.5777946049 	0.003567139358 	-0.001474154496 	-1.470175739e-09 	0.00357464247 	7.224556624e-09 	6.814262068e-06
0.5798604356 	0.003433421868 	-0.001414776514 	-1.405497746e-09 	0.003440174666 	6.427311512e-09 	6.557929061e-06
0.581950188 	0.003299361867 	-0.001355052978 	-1.308981558e-09 	0.003305398696 	5.598932614e-09 	6.301008602e-06
0.5840632515 	0.003165092748 	-0.001295025313 	-1.180977595e-09 	0.003170452262 	4.745780858e-09 	6.043763192e-06
0.5861998861 	0.00303075303 	-0.00123473558 	-1.021295881e-09 	0.003035478078 	3.870996506e-09 	5.786464884e-06
0.5883603551 	0.002896478953 	-0.00117422218 	-8.300202768e-10 	0.002900616153 	2.977955011e-09 	5.529380573e-06
0.5905457595 	0.002762422702 	-0.001113527108 	-6.073689188e-10 	0.002766021596 	2.069398477e-09 	5.272805937e-06
0.5927563685 	0.002628795856 	-0.001052715422 	-3.55942895e-10 	0.002631910256 	1.154883532e-09 	5.01715245e-06
0.5949916363 	0.002495873726 	-0.0009918774602 	-7.949200657e-11 	0.002498561107 	2.46173877e-10 	4.762951909e-06
0.5956145471 	0.002459519161 	-0.0009751305156 	7.76446217e-07 	0.002462105591 	-1.705644176e-06 	4.693457564e-06
0.597251833 	0.002363962274 	-0.0009311113459 	-2.3567604e-10 	0.002366283479 	6.688000442e-10 	4.510793986e-06
0.5995372403 	0.002233478735 	-0.0008705293288 	-5.719318966e-10 	0.002235496712 	1.559965892e-09 	4.261478058e-06
0.6018493437 	0.002104975607 	-0.0008102652918 	-9.170623423e-10 	0.002106755201 	2.401845323e-09 	4.016060956e-06
0.6041875845 	0.001978973056 	-0.0007504771071 	-1.262124087e-09 	0.00198058167 	3.174179417e-09 	3.775539137e-06
0.6065519077 	0.001855927884 	-0.000691353131 	-1.598607581e-09 	0.00185743322 	3.862014542e-09 	3.540783964e-06
0.6089426045 	0.001736356079 	-0.0006331074779 	-1.917154576e-09 	0.001737825315 	4.445747438e-09 	3.312778054e-06
0.6113603927 	0.001620875064 	-0.000575975252 	-2.207531367e-09 	0.001622374022 	4.903338073e-09 	3.092695801e-06
0.6138061608 	0.001510223786 	-0.0005202287578 	-2.458104906e-09 	0.001511816436 	5.209378651e-09 	2.881942315e-06
0.6162792104 	0.001405259839 	-0.000466181826 	-2.656787616e-09 	0.001407007468 	5.338182682e-09 	2.682147292e-06
0.6187798463 	0.001306901614 	-0.0004141679194 	-2.793571988e-09 	0.001308861886 	5.269723848e-09 	2.495054534e-06
0.6213084247 	0.001216075726 	-0.0003645202228 	-2.85991981e-09 	0.001218301346 	4.9885968e-09 	2.322420974e-06
0.6238664781 	0.00113368761 	-0.0003175650493 	-2.850951591e-09 	0.001136225706 	4.488834144e-09 	2.165961994e-06
0.6264530657 	0.001060566825 	-0.0002736060582 	-2.766046759e-09 	0.001063459102 	3.776518501e-09 	2.027248621e-06
0.6290685061 	0.0009973538928 	-0.0002328782039 	-2.612277252e-09 	0.001000636252 	2.875726808e-09 	1.907490809e-06
0.6317131215 	0.0009444056377 	-0.0001955109969 	-2.401926239e-09 	0.0009481082003 	1.824301001e-09 	1.807357743e-06
0.6343884117 	0.0009017455882 	-0.0001615195049 	-2.151171252e-09 	0.0009058937071 	6.729431887e-10 	1.726885186e-06
0.6370935724 	0.0008690722173 	-0.0001308142425 	-1.877331834e-09 	0.0008736882098 	-5.256075171e-10 	1.665492557e-06
0.6398289089 	0.0008457756236 	-0.0001032017822 	-1.597803135e-09 	0.0008508790726 	-1.721442758e-09 	1.622012002e-06
0.642594864 	0.0008309573937 	-7.840502012e-05 	-1.325684317e-09 	0.000836564819 	-2.866789012e-09 	1.594725056e-06
0.6453926582 	0.0008235267736 	-5.6112501e-05 	-1.069325141e-09 	0.0008296518732 	-3.927681983e-09 	1.58154706e-06
0.6482216616 	0.0008223255735 	-3.601251234e-05 	-8.334818062e-10 	0.0008289794655 	-4.886230598e-09 	1.580265264e-06
0.6510822229 	0.0008262193523 	-1.780703285e-05 	-6.199441139e-10 	0.0008334094053 	-5.73772192e-09 	1.588709961e-06
0.6539750699 	0.0008341636562 	-1.224701139e-06 	-4.281395114e-10 	0.0008418927566 	-6.486379686e-09 	1.604881586e-06
0.6569007941 	0.0008452396795 	1.396998579e-05 	-2.563978144e-10 	0.0008535060242 	-7.139899212e-09 	1.627019702e-06
0.6598591553 	0.00085866546 	2.797612414e-05 	-1.028999358e-10 	0.0008674618303 	-7.708307481e-09 	1.653623347e-06
0.6628505183 	0.0008737951014 	4.096205041e-05 	3.42923041e-11 	0.0008831078839 	-8.202819127e-09 	1.683449074e-06
0.6658759722 	0.0008901064511 	5.3068829e-05 	1.570182074e-10 	0.0008999156198 	-8.633461781e-09 	1.71548929e-06
0.6689353345 	0.0009071813057 	6.441208363e-05 	2.665498903e-10 	0.0009174606364 	-9.006620555e-09 	1.748934968e-06
0.6720288258 	0.0009246905256 	7.50880471e-05 	3.638021124e-10 	0.0009354065879 	-9.329164152e-09 	1.783144939e-06
0.6751571363 	0.0009423791877 	8.516612978e-05 	4.493877661e-10 	0.00095349224 	-9.606726079e-09 	1.817621219e-06
0.6783208177 	0.0009600435758 	9.472170365e-05 	5.238077096e-10 	0.0009715158081 	-9.842584743e-09 	1.851979149e-06
0.6815197924 	0.0009775112903 	0.0001038441685 	5.876073348e-10 	0.0009893087111 	-1.004042404e-08 	1.885897368e-06
0.6847545243 	0.0009946474565 	0.0001125540983 	6.404760054e-10 	0.001006724452 	-1.020191179e-08 	1.919096609e-06
0.6880259633 	0.001011355669 	0.0001208647657 	6.819832498e-10 	0.001023652944 	-1.032614504e-08 	1.95136702e-06
0.6913338986 	0.001027562788 	0.0001288219868 	7.121347423e-10 	0.001040015963 	-1.041234279e-08 	1.982559483e-06
0.6946787382 	0.001043214846 	0.0001364530445 	7.309925106e-10 	0.00105575512 	-1.046130038e-08 	2.012562691e-06
0.6980614523 	0.00105827273 	0.0001437833774 	7.386861843e-10 	0.001070828322 	-1.047249621e-08 	2.041296402e-06
0.7014819514 	0.001072707309 	0.000150836724 	7.352937783e-10 	0.001085204125 	-1.044372472e-08 	2.068700679e-06
0.7049406118 	0.00108649953 	0.0001576371169 	7.21206387e-10 	0.00109886104 	-1.037524345e-08 	2.094734554e-06
0.7084383096 	0.001099638591 	0.0001642095862 	6.969015398e-10 	0.001111787285 	-1.026636347e-08 	2.119375571e-06
0.7119751059 	0.001112119628 	0.0001705806909 	6.628968056e-10 	0.001123978069 	-1.011482773e-08 	2.142614593e-06
0.7155513621 	0.001123944949 	0.0001767798247 	6.201276863e-10 	0.001135435696 	-9.921216e-09 	2.164456015e-06
0.7191679237 	0.001135123696 	0.0001828396865 	5.697053224e-10 	0.001146170835 	-9.685122273e-09 	2.184920174e-06
0.7228248847 	0.001145671575 	0.0001887969386 	5.129159938e-10 	0.001156201453 	-9.404926944e-09 	2.204041318e-06
0.726522657 	0.001155613135 	0.0001946934298 	4.514779599e-10 	0.001165554288 	-9.081877111e-09 	2.221870422e-06
0.7302620662 	0.001164983033 	0.0002005771489 	3.872063237e-10 	0.001174267377 	-8.715500154e-09 	2.238479992e-06
0.7340431982 	0.00117380632 	0.0002064845273 	3.222044526e-10 	0.001182370763 	-8.305141888e-09 	2.253927298e-06
0.7378244042 	0.001182084884 	0.0002124236648 	2.592658268e-10 	0.001189876589 	-7.857952974e-09 	2.268235487e-06
0.7415641218 	0.001189852098 	0.0002184136774 	2.009090013e-10 	0.001196831722 	-7.379871779e-09 	2.281493905e-06
0.7452625656 	0.001197206923 	0.0002245131012 	1.489021657e-10 	0.001203344292 	-6.873663075e-09 	2.293908672e-06
0.7489202967 	0.001204280716 	0.000230796014 	1.045432836e-10 	0.001209551766 	-6.343113061e-09 	2.305741844e-06
0.7525378085 	0.001211218176 	0.0002373387745 	6.867448806e-11 	0.001215604273 	-5.789364584e-09 	2.317279605e-06
0.7561153968 	0.001218179254 	0.0002442211386 	4.173771263e-11 	0.001221665283 	-5.215619151e-09 	2.328833573e-06
0.7596536012 	0.001225340521 	0.0002515265887 	2.367234187e-11 	0.001227913836 	-4.625507649e-09 	2.340745053e-06
0.7631528582 	0.001232896171 	0.0002593427157 	1.382282388e-11 	0.001234545739 	-4.020737345e-09 	2.353387303e-06
0.7666134977 	0.001241059177 	0.0002677614909 	1.094689989e-11 	0.001241773714 	-3.405482913e-09 	2.367165832e-06
0.7700360208 	0.001250061578 	0.000276879382 	1.318976038e-11 	0.001249828582 	-2.784586633e-09 	2.38252065e-06
0.7734208538 	0.0012601541 	0.0002867973192 	1.802768088e-11 	0.001258959082 	-2.161720851e-09 	2.399925919e-06
0.7767683331 	0.001271605412 	0.0002976204298 	2.225383657e-11 	0.001269430362 	-1.543243989e-09 	2.41988709e-06
0.7800789143 	0.001284700289 	0.0003094575247 	2.198021627e-11 	0.001281522918 	-9.367501484e-10 	2.442938862e-06
0.7833530369 	0.001299736614 	0.0003224200906 	1.260118127e-11 	0.001295529901 	-3.492902709e-10 	2.469640064e-06
0.7853498442 	0.001310395751 	0.0003311773474 	2.144636971e-07 	0.001305534093 	1.813482924e-07 	2.488710836e-06
0.7865910269 	0.001317021551 	0.0003366208371 	1.314200705e-11 	0.001311752702 	-2.098851789e-10 	2.500565232e-06
0.7897932947 	0.001336866533 	0.0003521719409 	6.263177497e-11 	0.001330496648 	-7.289862396e-10 	2.536296404e-06
0.7929603021 	0.001359580799 	0.0003691825229 	1.390603519e-10 	0.001352065179 	-1.196272726e-09 	2.577412019e-06
0.796092361 	0.001385464298 	0.0003877557581 	2.489270914e-10 	0.001376752258 	-1.599649321e-09 	2.624472453e-06
0.7991898574 	0.001414800081 	0.0004079859151 	3.985637201e-10 	0.001404835163 	-1.926098613e-09 	2.678006274e-06
0.8022532251 	0.00144784616 	0.0004299550317 	5.939692392e-10 	0.00143656697 	-2.163415628e-09 	2.738495917e-06
0.8052828028 	0.001484826994 	0.0004537292781 	8.405729808e-10 	0.00147216822 	-2.30072255e-09 	2.806361795e-06
0.8082789493 	0.001525926409 	0.0004793560548 	1.142525373e-09 	0.001511819727 	-2.327780335e-09 	2.881948589e-06
0.8112420487 	0.001571281666 	0.0005068616914 	1.502565908e-09 	0.001555657223 	-2.236614214e-09 	2.965515039e-06
0.8141724845 	0.001620978669 	0.0005362495179 	1.922142675e-09 	0.001603766728 	-2.022450346e-09 	3.057225127e-06
0.8170705834 	0.001675049265 	0.0005674989365 	2.400763417e-09 	0.001656181659 	-1.683073184e-09 	3.157142553e-06
0.8199367024 	0.001733471391 	0.0006005659919 	2.93599346e-09 	0.001712882982 	-1.219386188e-09 	3.265231035e-06
0.8227712189 	0.001796170962 	0.0006353847159 	3.523831289e-09 	0.001773801218 	-6.356365483e-10 	3.381358124e-06
0.8255744682 	0.001863025183 	0.0006718690141 	4.159143856e-09 	0.001838819515 	6.093798879e-11 	3.505301069e-06
0.8283467843 	0.001933868094 	0.0007099156662 	4.835164912e-09 	0.001907778766 	8.606719379e-10 	3.636756568e-06
0.8310885089 	0.002008497458 	0.0007494080039 	5.54421645e-09 	0.001980484394 	1.751746904e-09 	3.775353702e-06
0.8338000025 	0.002086681732 	0.0007902194052 	6.278432253e-09 	0.002056713141 	2.720879491e-09 	3.92066688e-06
0.8364815777 	0.002168166941 	0.0008322166024 	7.029940407e-09 	0.002136219588 	3.753994611e-09 	4.072228267e-06
0.8391335626 	0.002252684123 	0.0008752632524 	7.790560448e-09 	0.002218743241 	4.836474012e-09 	4.229541285e-06
0.841756284 	0.002339956204 	0.0009192231788 	8.55250649e-09 	0.002304015322 	5.953777519e-09 	4.392093571e-06
0.8443500818 	0.002429703555 	0.0009639627498 	9.308948211e-09 	0.002391764221 	7.092123278e-09 	4.559367362e-06
0.8469152583 	0.002521648634 	0.001009352715 	1.0053758e-08 	0.002481719906 	8.238633381e-09 	4.7308479e-06
0.8494521292 	0.002615520368 	0.00105526998 	1.078109697e-08 	0.002573618181 	9.381160406e-09 	4.906031554e-06
0.8519610068 	0.00271105758 	0.001101598864 	1.148583993e-08 	0.002667204118 	1.050870653e-08 	5.08443236e-06
0.8544422104 	0.002808011116 	0.001148231655 	1.21637937e-08 	0.002762234256 	1.161172329e-08 	5.265586214e-06
0.8568960364 	0.002906145277 	0.001195068756 	1.281146473e-08 	0.002858477954 	1.268202932e-08 	5.449053453e-06
0.8593227856 	0.003005239027 	0.001242018864 	1.342531315e-08 	0.00295571861 	1.371212814e-08 	5.63442117e-06
0.8617227567 	0.003105086663 	0.001288998904 	1.400211402e-08 	0.003053754394 	1.469552391e-08 	5.821304622e-06
0.8640962496 	0.003205497785 	0.001335933641 	1.453895457e-08 	0.003152398351 	1.562670064e-08 	6.00934742e-06
0.8664435555 	0.003306296905 	0.001382755047 	1.503337392e-08 	0.003251478037 	1.650129032e-08 	6.19822084e-06
0.8687649599 	0.003407323006 	0.001429401786 	1.54824356e-08 	0.003350835063 	1.73150481e-08 	6.387622947e-06
0.8710607488 	0.003508428982 	0.00147581877 	1.588308304e-08 	0.003450324643 	1.806411704e-08 	6.577277737e-06
0.8733312048 	0.003609480894 	0.001521956569 	1.623216158e-08 	0.003549814885 	1.874496197e-08 	6.766933791e-06
0.8755766123 	0.003710356988 	0.001567770783 	1.652669059e-08 	0.003649185918 	1.935459605e-08 	6.956362599e-06
0.8777972426 	0.003810946715 	0.001613221381 	1.676348138e-08 	0.003748328845 	1.989007264e-08 	7.145356572e-06
0.8799933693 	0.003911149921 	0.001658272344 	1.693901072e-08 	0.003847144988 	2.034819137e-08 	7.333727606e-06
0.8821652628 	0.004010875995 	0.001702891229 	1.704973935e-08 	0.00394554504 	2.072573857e-08 	7.521305453e-06
0.8843131913 	0.004110042926 	0.001747048789 	1.709221644e-08 	0.004043448163 	2.101947492e-08 	7.707936016e-06
0.8864374205 	0.004208576389 	0.001790718546 	1.706338873e-08 	0.004140781085 	2.122642344e-08 	7.893479618e-06
0.8885382098 	0.004306408895 	0.001833876455 	1.696019161e-08 	0.004237477176 	2.134329694e-08 	8.077809243e-06
0.8906158179 	0.004403479043 	0.001876500796 	1.677979892e-08 	0.004333475752 	2.136665047e-08 	8.260809211e-06
0.8926705004 	0.004499730791 	0.001918571924 	1.651980473e-08 	0.004428721292 	2.129304316e-08 	8.442373681e-06
0.8947025109 	0.004595112701 	0.001960072165 	1.617836181e-08 	0.004523162713 	2.111912772e-08 	8.62240528e-06
0.8967121004 	0.004689577225 	0.002000985622 	1.575440926e-08 	0.00461675266 	2.084192946e-08 	8.80081373e-06
0.8986995148 	0.004783080065 	0.002041298039 	1.524740178e-08 	0.004709446783 	2.045852381e-08 	8.977514492e-06
0.900664999 	0.00487557961 	0.00208099685 	1.465749295e-08 	0.004801203222 	1.996621957e-08 	9.152427766e-06
0.9026087948 	0.004967036412 	0.002120071085 	1.398565045e-08 	0.004891982053 	1.93627616e-08 	9.32547745e-06
0.9045311417 	0.00505741272 	0.002158511353 	1.323370784e-08 	0.00498174482 	1.864646199e-08 	9.49659023e-06
0.9064322771 	0.005146672067 	0.002196309833 	1.240447042e-08 	0.005070454145 	1.781640994e-08 	9.665694861e-06
0.9083124343 	0.005234778963 	0.002233460168 	1.150160966e-08 	0.005158073391 	1.68724934e-08 	9.832721496e-06
0.9101718447 	0.005321698718 	0.002269957532 	1.052958974e-08 	0.005244566476 	1.58153771e-08 	9.997601354e-06
0.9120107372 	0.005407397358 	0.002305798658 	9.493787473e-09 	0.005329897829 	1.464675071e-08 	1.016026663e-05
0.9138293381 	0.005491841658 	0.002340981763 	8.400424973e-09 	0.005414032391 	1.336940711e-08 	1.032065049e-05
0.9156278716 	0.005574999277 	0.00237550662 	7.25658976e-09 	0.005496935783 	1.1987333e-08 	1.04786874e-05
0.9174065593 	0.00565683899 	0.002409374481 	6.070191295e-09 	0.005578574561 	1.050578622e-08 	1.06343136e-05
0.9191656197 	0.005737331034 	0.002442588038 	4.849806901e-09 	0.005658916531 	8.931184207e-09 	1.078746772e-05
0.9209052695 	0.005816447512 	0.002475151475 	3.604716607e-09 	0.005737931192 	7.271140466e-09 	1.093809163e-05
0.9226257228 	0.005894162827 	0.002507070408 	2.344851439e-09 	0.005815590205 	5.534441357e-09 	1.108613129e-05
0.9243271915 	0.005970454127 	0.00253835181 	1.080721523e-09 	0.005891867832 	3.73098932e-09 	1.123153765e-05
0.926009885 	0.006045301714 	0.002569004005 	-1.766024999e-10 	0.005966741394 	1.871725236e-09 	1.137426747e-05
0.9276740106 	0.006118689385 	0.002599036553 	-1.415586089e-09 	0.006040191653 	-3.14842704e-11 	1.151428407e-05
0.9293197732 	0.006190604713 	0.002628460129 	-2.624327668e-09 	0.006112203103 	-1.965968544e-09 	1.165155791e-05
0.9309473751 	0.006261039215 	0.002657286484 	-3.790566093e-09 	0.006182764197 	-3.918325703e-09 	1.178606697e-05
0.9325570169 	0.006329988415 	0.002685528305 	-4.901773176e-09 	0.006251867455 	-5.874531112e-09 	1.191779698e-05
0.9341488968 	0.006397451796 	0.002713199056 	-5.945256476e-09 	0.006319509463 	-7.820027348e-09 	1.204674145e-05
0.9357232106 	0.006463432653 	0.002740312843 	-6.908254391e-09 	0.006385690772 	-9.739810581e-09 	1.217290142e-05
0.9372801523 	0.006527937845 	0.002766884256 	-7.778045795e-09 	0.006450415713 	-1.161853449e-08 	1.229628515e-05
0.9388199136 	0.006590977475 	0.002792928129 	-8.542144311e-09 	0.006513692131 	-1.344062081e-08 	1.241690759e-05
0.9403426839 	0.006652564516 	0.002818459347 	-9.188405781e-09 	0.006575531052 	-1.519027452e-08 	1.253478976e-05
0.9418486508 	0.006712714385 	0.002843492653 	-9.705194326e-09 	0.006635946321 	-1.685160107e-08 	1.264995805e-05
0.9433379996 	0.006771444479 	0.002868042363 	-1.008162241e-08 	0.006694954192 	-1.840872371e-08 	1.276244346e-05
0.9448109137 	0.006828773688 	0.002892122105 	-1.030777642e-08 	0.006752572887 	-1.984589698e-08 	1.28722807e-05
0.9462675745 	0.006884721893 	0.002915744543 	-1.037496535e-08 	0.006808822131 	-2.114765403e-08 	1.29795074e-05
0.9477081614 	0.006939309424 	0.002938921109 	-1.027598641e-08 	0.006863722657 	-2.229900046e-08 	1.308416306e-05
0.9491328516 	0.006992556503 	0.002961661683 	-1.000545451e-08 	0.006917295668 	-2.3285633e-08 	1.318628811e-05
0.9505418206 	0.007044482638 	0.002983974342 	-9.560057431e-09 	0.00696956224 	-2.40940934e-08 	1.328592272e-05
0.9519352418 	0.007095105964 	0.00300586517 	-8.938857065e-09 	0.007020542664 	-2.471208029e-08 	1.338310558e-05
0.9533132867 	0.007144442512 	0.003027338065 	-8.143624377e-09 	0.007070255701 	-2.512876504e-08 	1.347787244e-05
0.9546761252 	0.007192505379 	0.00304839466 	-7.17912931e-09 	0.007118717731 	-2.53351279e-08 	1.357025454e-05
0.9560239248 	0.007239303841 	0.00306903429 	-6.053421528e-09 	0.007165941701 	-2.532432713e-08 	1.366027655e-05
0.9573568517 	0.007284842222 	0.003089253999 	-4.778051927e-09 	0.007211936192 	-2.509210341e-08 	1.374795484e-05
0.9586750698 	0.007329118901 	0.003109048444 	-3.368286653e-09 	0.007256703837 	-2.463715529e-08 	1.383329441e-05
0.9599787416 	0.007372121691 	0.003128409554 	-1.843242901e-09 	0.00730024663 	-2.396174412e-08 	1.391629908e-05
0.9612680274 	0.007413838977 	0.003147323923 	-2.256718578e-10 	0.007342539413 	-2.307083143e-08 	1.399692087e-05
0.962543086 	0.007454243676 	0.00316582655 	1.450168887e-09 	0.00738355777 	-2.197404745e-08 	1.407511326e-05
0.9638040745 	0.007490034629 	0.003181739764 	3.036995781e-09 	0.007419994986 	-2.082004495e-08 	1.414457272e-05
0.9646254847 	0.007518176526 	0.003194201704 	4.337366283e-09 	0.007448693378 	-1.974981479e-08 	1.419927984e-05
0.9654317418 	0.007542219761 	0.003205483106 	5.45303658e-09 	0.007473205604 	-1.876026698e-08 	1.424600695e-05
0.9662231253 	0.007565370662 	0.003216473323 	6.539604095e-09 	0.007496843772 	-1.773333431e-08 	1.429106787e-05
0.9669999095 	0.007587619896 	0.003227190847 	7.586247831e-09 	0.007519597162 	-1.667852903e-08 	1.433444215e-05
0.9677623638 	0.007608960407 	0.00323763568 	8.585408662e-09 	0.007541446239 	-1.560434199e-08 	1.437609257e-05
0.9685107524 	0.007629377218 	0.003247804334 	9.530557682e-09 	0.007562382875 	-1.451986579e-08 	1.441600361e-05
0.969245335 	0.007648855651 	0.003257691083 	1.041624549e-08 	0.007582394073 	-1.343360028e-08 	1.445415052e-05
0.9699663661 	0.007667379707 	0.003267288047 	1.123808177e-08 	0.007601465323 	-1.235344797e-08 	1.449050562e-05
0.9706740958 	0.007684932066 	0.003276585475 	1.199267503e-08 	0.007619580655 	-1.128668552e-08 	1.452503848e-05
0.9713687694 	0.007701494049 	0.003285572053 	1.267755725e-08 	0.00763672271 	-1.023996377e-08 	1.4557716e-05
0.9720506278 	0.007717045611 	0.003294235206 	1.329110044e-08 	0.00765287264 	-9.219309882e-09 	1.458850226e-05
0.9727199074 	0.007731565277 	0.003302561342 	1.383242679e-08 	0.007668010036 	-8.230141252e-09 	1.461735834e-05
0.9733768402 	0.007745030051 	0.003310536034 	1.430131843e-08 	0.007682112819 	-7.277286551e-09 	1.464424216e-05
0.974021654 	0.007757415285 	0.003318144134 	1.46981299e-08 	0.007695157119 	-6.365011513e-09 	1.466910823e-05
0.9746545724 	0.007768694534 	0.003325369818 	1.502370568e-08 	0.007707117123 	-5.497047375e-09 	1.469190732e-05
0.9752758147 	0.00777883937 	0.003332196576 	1.527930395e-08 	0.007717964905 	-4.676620802e-09 	1.471258621e-05
0.9758855965 	0.00778781919 	0.003338607164 	1.546652721e-08 	0.007727670236 	-3.906484528e-09 	1.473108726e-05
0.9764841291 	0.007795600982 	0.003344583497 	1.558726009e-08 	0.007736200367 	-3.188948219e-09 	1.474734806e-05
0.9770716201 	0.007802149077 	0.003350106527 	1.564361416e-08 	0.007743519793 	-2.525909053e-09 	1.476130092e-05
0.977648273 	0.00780742487 	0.003355156072 	1.563787879e-08 	0.007749589983 	-1.918881719e-09 	1.477287239e-05
0.9782142879 	0.007811386512 	0.003359710633 	1.55724827e-08 	0.007754369083 	-1.369028164e-09 	1.478198269e-05
0.9787698611 	0.007813988564 	0.003363747171 	1.54499567e-08 	0.007757811582 	-8.77186869e-10 	1.478854505e-05
0.979315185 	0.007815181618 	0.003367240864 	1.527289929e-08 	0.007759867932 	-4.438997208e-10 	1.479246502e-05
0.9798504489 	0.007814911866 	0.003370164836 	1.504395664e-08 	0.007760484131 	-6.943904939e-11 	1.479363967e-05
0.9803758383 	0.007813120626 	0.003372489867 	1.476580072e-08 	0.007759601244 	2.461659386e-10 	1.479195664e-05
0.9808915353 	0.007809743802 	0.003374184056 	1.444111189e-08 	0.007757154869 	5.031048187e-10 	1.478729317e-05
0.9813977188 	0.007804711286 	0.003375212469 	1.407256574e-08 	0.007753074535 	7.017625313e-10 	1.477951492e-05
0.9818945642 	0.007797946281 	0.003375536741 	1.366282188e-08 	0.007747283024 	8.426971834e-10 	1.476847469e-05
0.9823822438 	0.007789364537 	0.003375114652 	1.321451493e-08 	0.007739695602 	9.266192321e-10 	1.475401095e-05
0.9828609268 	0.007778873502 	0.003373899645 	1.273024709e-08 	0.007730219164 	9.543720034e-10 	1.473594623e-05
0.983330779 	0.007766371355 	0.003371840316 	1.221258156e-08 	0.007718751259 	9.269136588e-10 	1.471408522e-05
0.9837919634 	0.007751745924 	0.003368879841 	1.166403675e-08 	0.007705179008 	8.453005331e-10 	1.468821273e-05
0.9842446399 	0.007734873474 	0.003364955355 	1.108708059e-08 	0.007689377871 	7.106719808e-10 	1.465809137e-05
0.9846889654 	0.007715617335 	0.003359997268 	1.048412463e-08 	0.007671210281 	5.242366656e-10 	1.46234589e-05
0.985125094 	0.00769382638 	0.003353928521 	9.857518044e-09 	0.007650524103 	2.872603208e-10 	1.458402529e-05
0.9855531769 	0.007669333301 	0.003346663772 	9.209540552e-09 	0.007627150911 	1.054970767e-12 	1.453946949e-05
0.9859733625 	0.007641952697 	0.003338108507 	8.542393857e-09 	0.007600904068 	-3.330304199e-10 	1.448943572e-05
0.9863857966 	0.007611478941 	0.003328158074 	7.858193187e-09 	0.007571576588 	-7.136177733e-10 	1.443352939e-05
0.986790622 	0.007577683795 	0.00331669663 	7.158957633e-09 	0.007538938756 	-1.139306187e-09 	1.437131261e-05
0.9871879793 	0.007540313784 	0.003303596 	6.44659914e-09 	0.007502735503 	-1.608676664e-09 	1.430229915e-05
0.9875780061 	0.007499087283 	0.003288714441 	5.722911594e-09 	0.007462683499 	-2.120295088e-09 	1.42259489e-05
0.9879608376 	0.007453691321 	0.003271895294 	4.989560296e-09 	0.007418467976 	-2.672713105e-09 	1.414166182e-05
0.9883366067 	0.007403778083 	0.003252965535 	4.248072683e-09 	0.007369739247 	-3.264466398e-09 	1.404877132e-05
0.9887054436 	0.007348961118 	0.003231734196 	3.499832562e-09 	0.007316108935 	-3.894069723e-09 	1.394653704e-05
0.9890674761 	0.007288811241 	0.003207990657 	2.746077939e-09 	0.007257145917 	-4.560007524e-09 	1.383413714e-05
0.9894228299 	0.007222852171 	0.003181502787 	1.987906018e-09 	0.007192371986 	-5.26071786e-09 	1.371066002e-05
0.9897716281 	0.00715055592 	0.003152014918 	1.226289187e-09 	0.007121257298 	-5.99456815e-09 	1.357509566e-05
0.9901139916 	0.007071338014 	0.003119245637 	4.621027129e-10 	0.007043215633 	-6.759819239e-09 	1.342632656e-05
0.9904500392 	0.006984552633 	0.003082885353 	-3.038310616e-10 	0.006957599588 	-7.554573522e-09 	1.326311858e-05
0.9907798874 	0.006889487821 	0.003042593629 	-1.070679032e-09 	0.006863695839 	-8.376702314e-09 	1.308411194e-05
0.9911036505 	0.006785360969 	0.002997996236 	-1.83751153e-09 	0.006760720685 	-9.223746277e-09 	1.288781267e-05
0.9914214408 	0.006671314899 	0.002948681946 	-2.603192686e-09 	0.006647816168 	-1.009278198e-08 	1.267258528e-05
0.9917333685 	0.006546414965 	0.0028941991 	-3.366246657e-09 	0.006524047249 	-1.09802468e-08 	1.243664732e-05
0.9920395418 	0.006409647921 	0.002834052103 	-4.124699698e-09 	0.006388400539 	-1.188171381e-08 	1.217806699e-05
0.9923400667 	0.006259923223 	0.002767698184 	-4.875897255e-09 	0.006239786033 	-1.279161009e-08 	1.189476644e-05
0.9926350475 	0.006096079208 	0.002694545045 	-5.616290824e-09 	0.00607704111 	-1.37028715e-08 	1.158452938e-05
0.9929245865 	0.005916889347 	0.002613950461 	-6.341180951e-09 	0.00589895228 	-1.460652621e-08 	1.124504257e-05
0.993208784 	0.005721102138 	0.002525218263 	-7.044406863e-09 	0.005704235867 	-1.549104826e-08 	1.087385897e-05
0.9934877387 	0.005507444839 	0.002427914563 	-7.717792795e-09 	0.005491630679 	-1.634199433e-08 	1.046857439e-05
0.9937615472 	0.005295288007 	0.002329670552 	-8.296392886e-09 	0.005280499535 	-1.707749932e-08 	1.006609975e-05
0.9939377693 	0.005110358296 	0.002243152754 	-8.737247714e-09 	0.005096403251 	-1.762898767e-08 	9.715161069e-06
0.9941139915 	0.004936188205 	0.002161786234 	-9.114683787e-09 	0.004922920335 	-1.808273165e-08 	9.384454414e-06
0.9942902138 	0.00475033547 	0.002074089765 	-9.469727901e-09 	0.004737779241 	-1.849444492e-08 	9.031524031e-06
0.994466436 	0.004552266333 	0.001979973386 	-9.789405931e-09 	0.004540445568 	-1.885152873e-08 	8.655351204e-06
0.9946426583 	0.004341564305 	0.001879199182 	-1.00596568e-08 	0.004330483048 	-1.913826475e-08 	8.255104284e-06
0.9948188806 	0.004117966509 	0.001771601045 	-1.026453204e-08 	0.004107633842 	-1.933593327e-08 	7.830291761e-06
0.9949951029 	0.003881438113 	0.001657116425 	-1.03867338e-08 	0.003871861851 	-1.942294842e-08 	7.380844817e-06
0.9951713252 	0.003632249569 	0.001535838524 	-1.040831401e-08 	0.003623436311 	-1.937546642e-08 	6.907276691e-06
0.9953475475 	0.003371072528 	0.001408088849 	-1.031161611e-08 	0.003363026859 	-1.916849836e-08 	6.410863898e-06
0.9955237699 	0.00309909013 	0.001274511966 	-1.008050816e-08 	0.003091813731 	-1.877760743e-08 	5.893856297e-06
0.9956999923 	0.002818115367 	0.001136188912 	-9.701978809e-09 	0.002811605816 	-1.818126279e-08 	5.35970213e-06
0.9958762147 	0.002530702851 	0.0009947557374 	-9.168173463e-09 	0.00252495213 	-1.736385211e-08 	4.813260534e-06
0.9960524371 	0.00224022873 	0.000852498777 	-8.47890282e-09 	0.002235221464 	-1.631922375e-08 	4.260953359e-06
0.9962286596 	0.001950902242 	0.000712380914 	-7.644495142e-09 	0.001946613852 	-1.505440842e-08 	3.710787035e-06
0.9964048821 	0.001667666118 	0.0005779415801 	-6.688513491e-09 	0.001664061319 	-1.359285922e-08 	3.172163375e-06
0.9965811045 	0.001395949866 	0.000453021698 	-5.649332864e-09 	0.001392982132 	-1.197621694e-08 	2.655411104e-06
0.9967573271 	0.001141267665 	0.0003413073629 	-4.579112124e-09 	0.001138880139 	-1.026344384e-08 	2.171022081e-06
0.9969335496 	0.0009087007211 	0.0002457621908 	-3.538825463e-09 	0.0009068285086 	-8.526449794e-09 	1.728667177e-06
0.9971097721 	0.0007023569257 	0.0001680981005 	-2.589237251e-09 	0.0007009302485 	-6.842247023e-09 	1.336167867e-06
0.9972859947 	0.000524930682 	0.0001084648018 	-1.779819529e-09 	0.0005238782289 	-5.283021286e-09 	9.986575086e-07
0.9974622173 	0.0003774687487 	6.548038385e-05 	-1.139381273e-09 	0.0003767208454 	-3.90661527e-09 	7.181346354e-07
0.9976384399 	0.0002593853936 	3.659633914e-05 	-6.720764521e-10 	0.0002588768057 	-2.750006947e-09 	4.934911428e-07
0.9978146626 	0.0001686923409 	1.866245822e-05 	-3.601662478e-10 	0.0001683645106 	-1.827238929e-09 	3.209495517e-07
0.9979908852 	0.0001023550196 	8.503026416e-06 	-1.718736525e-10 	0.0001021575316 	-1.131566052e-09 	1.947406484e-07
0.9981671079 	5.667676599e-05 	3.352760969e-06 	-7.085620677e-11 	5.656800562e-05 	-6.403070647e-10 	1.07834341e-07
0.9983433306 	2.763952421e-05 	1.087740005e-06 	-2.405006273e-11 	2.758668769e-05 	-3.205467297e-10 	5.258789406e-08
0.9985195533 	1.117127797e-05 	2.669524742e-07 	-6.201896539e-12 	1.114997481e-05 	-1.342983155e-10 	2.125495095e-08
0.998695776 	3.350337425e-06 	4.264838975e-08 	-1.052496714e-12 	3.34395728e-06 	-4.253498801e-11 	6.374511981e-09
0.9988719988 	5.998662445e-07 	3.255790688e-09 	-8.760168757e-14 	5.987246434e-07 	-8.314124481e-12 	1.141335577e-09
0.9990482216 	6.131378e-08 	8.492444573e-11 	-2.644159591e-15 	6.119711885e-08 	-9.963429042e-13 	1.166587174e-10
0.9990482216 	6.131378e-08 	8.492444573e-11 	-2.644159591e-15 	6.119711885e-08 	-9.963429042e-13 	1.166587174e-10
