0.4642857292 	8.925356772e-08 	-1.766192142e-10 	3.330017203e-14 	8.910457015e-08 	-8.320417039e-12 	1.69858076e-10
0.4642857292 	8.925356772e-08 	-1.766192142e-10 	3.330017203e-14 	8.910457015e-08 	-8.320417039e-12 	1.69858076e-10
0.4644580585 	9.969454489e-07 	-7.642991712e-09 	1.240362241e-12 	9.959678062e-07 	-7.823921039e-11 	1.898591453e-09
0.4646303886 	5.510708158e-06 	-9.857274246e-08 	1.467737874e-11 	5.512533819e-06 	-4.0106747e-10 	1.050842159e-08
0.4648027194 	1.824908534e-05 	-6.110584768e-07 	8.491602128e-11 	1.829490668e-05 	-1.256387397e-09 	3.487517695e-08
0.464975051 	4.49038942e-05 	-2.47071544e-06 	3.223786271e-10 	4.516726362e-05 	-2.947580405e-09 	8.610135805e-08
0.4651473832 	9.158585353e-05 	-7.557963985e-06 	9.272291215e-10 	9.256799885e-05 	-5.736464637e-09 	1.764603337e-07
0.4653197161 	0.0001643987178 	-1.900194295e-05 	2.189249397e-09 	0.000167261407 	-9.790824804e-09 	3.188467296e-07
0.4654920495 	0.0002689526865 	-4.125827216e-05 	4.451040677e-09 	0.0002759965513 	-1.513134848e-08 	5.261261361e-07
0.4656643834 	0.000409764492 	-7.981121763e-05 	8.029891701e-09 	0.0004249864025 	-2.158371216e-08 	8.10142202e-07
0.4658367177 	0.0005896025343 	-0.0001404021023 	1.31118606e-08 	0.0006191584817 	-2.875198212e-08 	1.180288152e-06
0.4660090525 	0.0008089255852 	-0.0002278626833 	1.965473137e-08 	0.0008612469095 	-3.60356719e-08 	1.641775981e-06
0.4661813876 	0.00106560325 	-0.0003448727603 	2.734766653e-08 	0.001150954109 	-4.270661219e-08 	2.194038424e-06
0.466353723 	0.001355054325 	-0.0004911099418 	3.565779838e-08 	0.00148451547 	-4.803798631e-08 	2.829899085e-06
0.4665260587 	0.001670803163 	-0.0006631616265 	4.395118752e-08 	0.001854932557 	-5.144697533e-08 	3.536017006e-06
0.4666983945 	0.002005306222 	-0.0008552371107 	5.163642763e-08 	0.002252885827 	-5.259858589e-08 	4.294626543e-06
0.4668707305 	0.002350826015 	-0.001060363215 	5.827321413e-08 	0.002668046985 	-5.143617216e-08 	5.086039099e-06
0.4670430666 	0.002700157317 	-0.001271600863 	6.361614993e-08 	0.00309037882 	-4.814107339e-08 	5.891120957e-06
0.4672154027 	0.003047102799 	-0.001482930877 	6.760007635e-08 	0.00351109673 	-4.305207257e-08 	6.693126226e-06
0.4673877388 	0.003386691055 	-0.001689688784 	7.029314707e-08 	0.003923169217 	-3.658013619e-08 	7.478650916e-06
0.4675600748 	0.003715190956 	-0.001888618249 	7.184356615e-08 	0.004321412959 	-2.914130353e-08 	8.237814174e-06
0.4677324107 	0.004029996524 	-0.00207769183 	7.243537567e-08 	0.0047023222 	-2.111476377e-08 	8.963933057e-06
0.4679047464 	0.004329449231 	-0.002255838085 	7.225818301e-08 	0.005063773001 	-1.282283955e-08 	9.652958742e-06
0.4680770819 	0.004612645547 	-0.002422667103 	7.148953316e-08 	0.005404703139 	-4.525904328e-09 	1.030286634e-05
0.4682494171 	0.004879257909 	-0.002578239651 	7.028643559e-08 	0.005724823546 	3.574322582e-09 	1.091310481e-05
0.468421752 	0.005129381995 	-0.002722893046 	6.878259904e-08 	0.006024383377 	1.132774225e-08 	1.148414911e-05
0.4685940865 	0.005363413445 	-0.002857119846 	6.708876725e-08 	0.006303990422 	1.862789242e-08 	1.201715785e-05
0.4687664205 	0.005581951897 	-0.002981488739 	6.529451779e-08 	0.006564480952 	2.540439869e-08 	1.25137252e-05
0.4689387541 	0.005785728572 	-0.003096596568 	6.347028005e-08 	0.006806817761 	3.161742308e-08 	1.297568651e-05
0.4691110871 	0.005975548873 	-0.003203043606 	6.167114564e-08 	0.007032074998 	3.724685449e-08 	1.340508941e-05
0.4692834196 	0.006152307797 	-0.003301163993 	5.992174017e-08 	0.007241228716 	4.227394235e-08 	1.380379453e-05
0.4694557514 	0.006338471509 	-0.003405175824 	5.818408223e-08 	0.007461665895 	4.736759567e-08 	1.422400906e-05
0.4697235139 	0.006550479287 	-0.003522268075 	5.598029235e-08 	0.007711809697 	5.272845012e-08 	1.470085267e-05
0.469996307 	0.006762406113 	-0.003636703969 	5.361941685e-08 	0.007960368698 	5.758373362e-08 	1.517467521e-05
0.4702742251 	0.00695478882 	-0.003739915667 	5.142923906e-08 	0.008185420955 	6.146356234e-08 	1.560368736e-05
0.4705573642 	0.007129272924 	-0.003832578065 	4.936439348e-08 	0.008388779422 	6.442272145e-08 	1.599134512e-05
0.470845822 	0.007287349988 	-0.003915672845 	4.742488099e-08 	0.008572361049 	6.653643854e-08 	1.634130272e-05
0.4711396981 	0.007430427171 	-0.003990084368 	4.560336542e-08 	0.008737882659 	6.788418134e-08 	1.665683292e-05
0.471439094 	0.007559812234 	-0.004056609706 	4.389168817e-08 	0.008886945226 	6.853798899e-08 	1.69409876e-05
0.4717441131 	0.007676711654 	-0.004115966043 	4.228224089e-08 	0.009021013867 	6.856451406e-08 	1.719655969e-05
0.4720548606 	0.007782231785 	-0.004168798046 	4.076917278e-08 	0.009141425953 	6.802438848e-08 	1.742609859e-05
0.4723714436 	0.007877382652 	-0.004215685535 	3.934895089e-08 	0.009249397962 	6.697244217e-08 	1.763192325e-05
0.4726939714 	0.007963083166 	-0.004257150678 	3.802051982e-08 	0.009346034225 	6.545819422e-08 	1.781613883e-05
0.473022555 	0.008040167106 	-0.004293664524 	3.678515646e-08 	0.009432335711 	6.35265726e-08 	1.798065345e-05
0.4733573078 	0.0081093894 	-0.004325652777 	3.564612392e-08 	0.00950920871 	6.121866771e-08 	1.812719475e-05
0.473698345 	0.008171432422 	-0.004353500851 	3.460820829e-08 	0.009577473119 	5.857251083e-08 	1.825732569e-05
0.4740457841 	0.008226912123 	-0.004377558252 	3.367719392e-08 	0.009637870259 	5.562362663e-08 	1.837245942e-05
0.4743997447 	0.008276383926 	-0.00439814255 	3.285925922e-08 	0.009691068662 	5.240724018e-08 	1.847387036e-05
0.4747603486 	0.008320348585 	-0.004415539596 	3.216461339e-08 	0.009737675083 	4.895270351e-08 	1.856271516e-05
0.4751277197 	0.008359279742 	-0.0044300308 	3.159116264e-08 	0.009778264718 	4.529382584e-08 	1.864009028e-05
0.4755030077 	0.008393610212 	-0.004441864174 	3.113504482e-08 	0.009813353537 	4.146153141e-08 	1.870697932e-05
0.4758860811 	0.008423677834 	-0.004451229502 	3.08130057e-08 	0.009843352639 	3.747865489e-08 	1.876416595e-05
0.4762763472 	0.00844976489 	-0.004458314102 	3.063344555e-08 	0.009868618823 	3.336800696e-08 	1.881233032e-05
0.4766739408 	0.008472154191 	-0.004463303176 	3.059362739e-08 	0.009889504336 	2.9158051e-08 	1.885214391e-05
0.4770789995 	0.008491114772 	-0.004466363527 	3.069328228e-08 	0.009906341942 	2.487910757e-08 	1.888424107e-05
0.4774916633 	0.008506888174 	-0.004467648737 	3.093001256e-08 	0.009919430616 	2.055942293e-08 	1.890919172e-05
0.4779120749 	0.008519691427 	-0.004467299079 	3.129998359e-08 	0.009929040145 	1.622618062e-08 	1.892751015e-05
0.4783403796 	0.008529719568 	-0.004465442772 	3.179797935e-08 	0.009935413941 	1.190556887e-08 	1.893966038e-05
0.4787767255 	0.008537147898 	-0.004462197098 	3.241742873e-08 	0.009938771605 	7.622692977e-09 	1.894606102e-05
0.4792212634 	0.008542134011 	-0.00445766941 	3.315046243e-08 	0.009939311283 	3.401524654e-09 	1.894708979e-05
0.4796741471 	0.00854481961 	-0.004451958033 	3.398799901e-08 	0.009937211788 	-7.351315604e-10 	1.894308757e-05
0.480135533 	0.008545332126 	-0.004445153088 	3.491982423e-08 	0.009932634492 	-4.765658825e-09 	1.893436198e-05
0.4806055808 	0.008543786173 	-0.004437337223 	3.59346671e-08 	0.009925725025 	-8.669639368e-09 	1.892119061e-05
0.4810844527 	0.00854028484 	-0.004428586283 	3.702026936e-08 	0.009916614786 	-1.242785735e-08 	1.890382396e-05
0.4815723144 	0.008534920839 	-0.004418969906 	3.816344701e-08 	0.009905422296 	-1.602229653e-08 	1.888248797e-05
0.4820693345 	0.008527777541 	-0.004408552058 	3.935014407e-08 	0.009892254397 	-1.943613657e-08 	1.885738629e-05
0.4825756847 	0.008518929881 	-0.004397391515 	4.056548081e-08 	0.009877207313 	-2.265375251e-08 	1.882870237e-05
0.4830915401 	0.008508445178 	-0.00438554228 	4.179380027e-08 	0.009860367607 	-2.566072561e-08 	1.879660121e-05
0.483617079 	0.008496383859 	-0.004373053968 	4.301871815e-08 	0.009841813029 	-2.844385533e-08 	1.876123102e-05
0.4841524829 	0.008482800097 	-0.004359972128 	4.422318304e-08 	0.009821613345 	-3.099118784e-08 	1.872272481e-05
0.4846979369 	0.008467742438 	-0.004346338591 	4.538950451e-08 	0.009799829918 	-3.329179485e-08 	1.868119954e-05
0.4852536295 	0.008451254335 	-0.004332191131 	4.650064064e-08 	0.009776517995 	-3.533657018e-08 	1.863676054e-05
0.4858197528 	0.00843336862 	-0.004317561542 	4.753964901e-08 	0.009751724881 	-3.712182647e-08 	1.858949797e-05
0.4863971602 	0.008414096798 	-0.004302470667 	4.848345037e-08 	0.009725455907 	-3.864480784e-08 	1.853942201e-05
0.4869872469 	0.008393456117 	-0.004286929877 	4.931486127e-08 	0.009697732667 	-3.989859527e-08 	1.848657381e-05
0.4875884075 	0.00837149217 	-0.004270976026 	5.002109942e-08 	0.009668616217 	-4.08783482e-08 	1.843106976e-05
0.4882008498 	0.0083482438 	-0.004254651162 	5.057521683e-08 	0.009638149905 	-4.157803504e-08 	1.83729925e-05
0.4888247852 	0.008323732372 	-0.004237974712 	5.096106314e-08 	0.009606362028 	-4.199741664e-08 	1.831239598e-05
0.4894604292 	0.008297976757 	-0.004220964203 	5.116230481e-08 	0.009573270616 	-4.214023649e-08 	1.824931455e-05
0.4901080013 	0.008270993466 	-0.004203634048 	5.11641905e-08 	0.009538891157 	-4.201209914e-08 	1.818377774e-05
0.4907677251 	0.008242796995 	-0.004185995524 	5.095381861e-08 	0.009503235177 	-4.162080028e-08 	1.811580753e-05
0.4914398285 	0.008213400104 	-0.004168056578 	5.052048766e-08 	0.009466310655 	-4.097634944e-08 	1.804541913e-05
0.4921245435 	0.008182814075 	-0.004149821593 	4.985602664e-08 	0.009428122169 	-4.009090436e-08 	1.797262127e-05
0.4928221066 	0.008151048944 	-0.004131291083 	4.895509659e-08 	0.009388671088 	-3.897864323e-08 	1.789741654e-05
0.4935327586 	0.008118113702 	-0.004112461349 	4.781544817e-08 	0.009347955741 	-3.765559506e-08 	1.781980177e-05
0.494256745 	0.008084016435 	-0.004093324099 	4.643812289e-08 	0.009305971635 	-3.613942428e-08 	1.77397684e-05
0.4949943156 	0.008048764449 	-0.004073866115 	4.482756502e-08 	0.009262710764 	-3.444914742e-08 	1.765730115e-05
0.4957457251 	0.008012364352 	-0.004054068868 	4.299194275e-08 	0.00921816059 	-3.260463719e-08 	1.757237614e-05
0.496511233 	0.007974815627 	-0.004033905455 	4.094356468e-08 	0.009172303814 	-3.062744509e-08 	1.748496038e-05
0.4972915864 	0.007936081987 	-0.004013333093 	3.869191094e-08 	0.009125094156 	-2.854091228e-08 	1.739496565e-05
0.4980891876 	0.00789614857 	-0.003992248101 	3.62424501e-08 	0.009076461438 	-2.637542659e-08 	1.730225817e-05
0.4989017502 	0.0078495786 	-0.003968679235 	3.361969858e-08 	0.009020162943 	-2.411755399e-08 	1.719493759e-05
0.5001491012 	0.007791003679 	-0.003938827593 	2.940985731e-08 	0.008949191816 	-2.072341984e-08 	1.70596469e-05
0.5014103017 	0.007725769741 	-0.003904590426 	2.509476925e-08 	0.008869692311 	-1.727892941e-08 	1.690809875e-05
0.502685506 	0.007659043476 	-0.003869613948 	2.071324914e-08 	0.008788378525 	-1.390418775e-08 	1.675309207e-05
0.5039748697 	0.007590839641 	-0.003833784278 	1.632753843e-08 	0.008705224704 	-1.067448423e-08 	1.659457778e-05
0.5052785505 	0.007521150585 	-0.003797072443 	1.200151309e-08 	0.008620260926 	-7.633523899e-09 	1.64326132e-05
0.5065967078 	0.007449965316 	-0.003759456482 	7.788211995e-09 	0.008533494373 	-4.8130515e-09 	1.626721204e-05
0.5079295026 	0.007377209357 	-0.003720902416 	3.728960356e-09 	0.008444843927 	-2.236222165e-09 	1.609821965e-05
0.5092206927 	0.007306140686 	-0.003683137517 	9.688020072e-08 	0.008358300488 	-2.212901257e-07 	1.59332438e-05
0.5092813988 	0.007302797839 	-0.003681361912 	1.964907436e-10 	0.008354230557 	-1.147053388e-10 	1.592548538e-05
0.5106484713 	0.007226756252 	-0.003640861735 	4.419073763e-09 	0.008261729479 	-2.52044403e-09 	1.574915262e-05
0.5120307241 	0.007149140175 	-0.003599438687 	8.345120328e-09 	0.00816740623 	-4.641203385e-09 	1.556934629e-05
0.5134283261 	0.007069939636 	-0.003557103739 	1.197455896e-08 	0.008071280167 	-6.477629799e-09 	1.538610329e-05
0.5148414483 	0.006989140478 	-0.003513867042 	1.531006791e-08 	0.007973351686 	-8.031792675e-09 	1.519942439e-05
0.5162702635 	0.006906730685 	-0.003469739699 	1.835592575e-08 	0.007873623609 	-9.306425566e-09 	1.500931496e-05
0.5177149467 	0.006822688455 	-0.003424727259 	2.111735397e-08 	0.007772094434 	-1.030520664e-08 	1.481577213e-05
0.5191764905 	0.00673693674 	-0.003378809477 	2.360376226e-08 	0.007668674801 	-1.103962369e-08 	1.461862557e-05
0.5206581837 	0.006649423295 	-0.003331966099 	2.583729414e-08 	0.007563319888 	-1.15269612e-08 	1.441778982e-05
0.5221563259 	0.00656021592 	-0.003284241956 	2.779871956e-08 	0.00745612744 	-1.175728089e-08 	1.421345122e-05
0.5236711006 	0.006469373762 	-0.003235686065 	2.948943895e-08 	0.007347169743 	-1.173558309e-08 	1.400574757e-05
0.525202693 	0.006376903498 	-0.003186310559 	3.09146941e-08 	0.007236472211 	-1.1468122e-08 	1.379472731e-05
0.5267512907 	0.006282816439 	-0.003136129358 	3.207940054e-08 	0.007124050742 	-1.096578985e-08 	1.358042074e-05
0.5283170833 	0.006187121558 	-0.003085152773 	3.29902268e-08 	0.007009932691 	-1.024034513e-08 	1.336288002e-05
0.5299006786 	0.006089767856 	-0.003033363169 	3.365581523e-08 	0.006894051689 	-9.316697337e-09 	1.314197862e-05
0.5315060786 	0.005990719951 	-0.002980739196 	3.410401005e-08 	0.006776375396 	-8.226058696e-09 	1.29176549e-05
0.5331292981 	0.005890080246 	-0.002927331893 	3.432508479e-08 	0.006657034916 	-6.969158448e-09 	1.269015878e-05
0.5347705361 	0.005787949354 	-0.002873199425 	3.432494981e-08 	0.006536142222 	-5.559982752e-09 	1.24597037e-05
0.5364299936 	0.005684370197 	-0.002818361264 	3.4118567e-08 	0.00641375624 	-4.014785572e-09 	1.2226402e-05
0.5381078739 	0.005579391571 	-0.002762838792 	3.372210177e-08 	0.006289936421 	-2.354655154e-09 	1.199036702e-05
0.5398043827 	0.005473028634 	-0.002706637351 	3.315313188e-08 	0.006164697408 	-6.076639471e-10 	1.175162665e-05
0.541522211 	0.005365268609 	-0.002649743396 	3.244244105e-08 	0.00603802073 	1.189396338e-09 	1.151014569e-05
0.543261121 	0.005256181142 	-0.002592182083 	3.160871151e-08 	0.005909991306 	3.01933697e-09 	1.126608603e-05
0.5450193315 	0.005145901732 	-0.002534018588 	3.06593038e-08 	0.005780761074 	4.878442152e-09 	1.101973729e-05
0.546797058 	0.005034527941 	-0.002475298619 	2.961048143e-08 	0.00565044051 	6.760633391e-09 	1.077131007e-05
0.5485945187 	0.004922126684 	-0.002416049904 	2.848179556e-08 	0.005519108671 	8.657626027e-09 	1.052095508e-05
0.550411934 	0.004808731451 	-0.002356286066 	2.729127186e-08 	0.005386798503 	1.055413287e-08 	1.026873513e-05
0.5522516129 	0.004694338245 	-0.002296000286 	2.606465723e-08 	0.00525350023 	1.24294527e-08 	1.001463157e-05
0.554113947 	0.004579005714 	-0.00223521637 	2.48169137e-08 	0.005119283545 	1.428376275e-08 	9.758777269e-06
0.555996951 	0.004462857858 	-0.002173998259 	2.354500795e-08 	0.004984287828 	1.613837848e-08 	9.501437912e-06
0.557900856 	0.004345980469 	-0.002112392317 	2.225016611e-08 	0.004848609254 	1.801258751e-08 	9.242796839e-06
0.5598258958 	0.004228421111 	-0.002050423404 	2.0935879e-08 	0.004712308306 	1.992217449e-08 	8.98296935e-06
0.561772307 	0.004110172998 	-0.001988092055 	1.96028974e-08 	0.004575370013 	2.186611033e-08 	8.721926903e-06
0.5637436946 	0.00399121386 	-0.001925385942 	1.826077353e-08 	0.004437770162 	2.384297151e-08 	8.459623343e-06
0.565737713 	0.0038716241 	-0.001862345698 	1.689332029e-08 	0.004299604883 	2.58840033e-08 	8.19624192e-06
0.5677538642 	0.003751502614 	-0.001799026238 	1.547657511e-08 	0.004160981635 	2.802295523e-08 	7.931987482e-06
0.5697923962 	0.003630898174 	-0.001735451636 	1.399574547e-08 	0.004021962124 	3.028659921e-08 	7.666977655e-06
0.5718535597 	0.003509822697 	-0.001671625965 	1.243659172e-08 	0.003882556038 	3.267993965e-08 	7.401230909e-06
0.5739395723 	0.003388264219 	-0.001607536286 	1.079251706e-08 	0.003742747148 	3.519726126e-08 	7.134716307e-06
0.5760506688 	0.003266276319 	-0.001543198811 	9.048398209e-09 	0.00360259665 	3.784565086e-08 	6.867550504e-06
0.578185199 	0.003143977114 	-0.001478662807 	7.177343052e-09 	0.003462232901 	4.0643331e-08 	6.599978188e-06
0.5803434258 	0.003021465829 	-0.001413963241 	5.162906334e-09 	0.003321766318 	4.359581375e-08 	6.332209839e-06
0.5825256149 	0.002898803994 	-0.001349110558 	2.999555992e-09 	0.003181259392 	4.667921817e-08 	6.064364586e-06
0.5847338703 	0.00277604626 	-0.001284104951 	6.939875994e-10 	0.003040764775 	4.984984747e-08 	5.796542799e-06
0.5869684579 	0.002653322536 	-0.001218979073 	-1.748660128e-09 	0.002900421628 	5.306717549e-08 	5.529009754e-06
0.5892278534 	0.002530838958 	-0.001153801934 	-4.328191214e-09 	0.002760449164 	5.629249822e-08 	5.262183334e-06
0.5915123353 	0.002408805223 	-0.001088637799 	-7.030305882e-09 	0.002621073331 	5.946448447e-08 	4.996494258e-06
0.5938221857 	0.002287409693 	-0.001023533382 	-9.824245929e-09 	0.002482488959 	6.247816283e-08 	4.732313928e-06
0.5961603287 	0.002166874903 	-0.000958542717 	-1.266256349e-08 	0.002344928609 	6.521073513e-08 	4.470085668e-06
0.5985251933 	0.002047634208 	-0.0008937863061 	-1.549418264e-08 	0.002208845949 	6.741169338e-08 	4.210674295e-06
0.6009163178 	0.001930261689 	-0.0008294219828 	-1.825691929e-08 	0.002074837775 	6.88660053e-08 	3.95521747e-06
0.6033339976 	0.001815204603 	-0.0007655921212 	-2.087993635e-08 	0.001943385904 	6.96489671e-08 	3.70463367e-06
0.6057794613 	0.001702823454 	-0.0007024488151 	-2.328217929e-08 	0.001814896461 	6.972443379e-08 	3.459697078e-06
0.6082543018 	0.001593602013 	-0.00064019713 	-2.53697683e-08 	0.001689915261 	6.883472796e-08 	3.221448174e-06
0.6107566274 	0.001488192779 	-0.0005791065345 	-2.705181689e-08 	0.00156917038 	6.673898524e-08 	2.991274872e-06
0.6132867477 	0.001387341676 	-0.0005194762082 	-2.822904085e-08 	0.001453493782 	6.31997752e-08 	2.770763127e-06
0.6158450817 	0.001291842673 	-0.000461613683 	-2.879413767e-08 	0.00134377088 	5.798239978e-08 	2.561600779e-06
0.6184346228 	0.001202569647 	-0.0004058600131 	-2.860159564e-08 	0.001240981585 	5.081136756e-08 	2.365655815e-06
0.6210529287 	0.001120481716 	-0.0003526064311 	-2.714637266e-08 	0.001146207543 	4.096879853e-08 	2.184990148e-06
0.6237003239 	0.001046500531 	-0.0003022339916 	-2.502928689e-08 	0.001060492806 	2.971677253e-08 	2.021594037e-06
0.6263771365 	0.0009814054425 	-0.0002550596766 	-2.232780555e-08 	0.0009847222734 	1.729467447e-08 	1.877154342e-06
0.6290862714 	0.0009257912446 	-0.0002113253903 	-1.917148602e-08 	0.0009195667971 	4.076499211e-09 	1.752949896e-06
0.6318255697 	0.0008800026103 	-0.0001711835479 	-1.574341665e-08 	0.0008654047048 	-9.433671926e-09 	1.649701894e-06
0.6345953098 	0.0008440278119 	-0.0001346509068 	-1.22272444e-08 	0.0008221977237 	-2.272558456e-08 	1.567337379e-06
0.6373960678 	0.0008174977337 	-0.0001015981622 	-8.786189057e-09 	0.0007894881921 	-3.534762576e-08 	1.504983921e-06
0.6402301167 	0.0007997372983 	-7.178562337e-05 	-5.552706312e-09 	0.0007664642018 	-4.691708114e-08 	1.461093796e-06
0.6430956648 	0.0007898032681 	-4.491236897e-05 	-2.603541565e-09 	0.0007520213934 	-5.719609971e-08 	1.433561789e-06
0.6459930683 	0.000786582637 	-2.064477485e-05 	3.195755355e-11 	0.0007448795722 	-6.612551792e-08 	1.419947493e-06
0.6489235108 	0.0007889250076 	1.355881326e-06 	2.357959456e-09 	0.0007437342298 	-7.377682486e-08 	1.417764152e-06
0.6518878645 	0.0007957332028 	2.140021978e-05 	4.399173602e-09 	0.0007473582729 	-8.030505187e-08 	1.424672586e-06
0.6548851782 	0.0008060152639 	3.975837439e-05 	6.188247011e-09 	0.0007546610146 	-8.5893212e-08 	1.438593641e-06
0.6579158249 	0.0008189157097 	5.666622967e-05 	7.761526583e-09 	0.0007647179892 	-9.071720158e-08 	1.45776503e-06
0.6609817596 	0.0008337236245 	7.232665317e-05 	9.151970226e-09 	0.0007767760924 	-9.493200255e-08 	1.480751126e-06
0.6640821389 	0.0008498581644 	8.690564627e-05 	1.038063312e-08 	0.0007902322072 	-9.867520029e-08 	1.506402221e-06
0.6672170054 	0.000866855476 	0.0001005247846 	1.145587128e-08 	0.0008046137576 	-1.020539024e-07 	1.533817453e-06
0.6703874269 	0.0008843601856 	0.0001133085097 	1.238743389e-08 	0.0008195368233 	-1.051799455e-07 	1.562264964e-06
0.673594155 	0.0009020853864 	0.0001253919614 	1.319905191e-08 	0.0008346798654 	-1.081680449e-07 	1.591131811e-06
0.6768365625 	0.0009197712215 	0.0001368059938 	1.390234214e-08 	0.0008498286223 	-1.110313703e-07 	1.620009552e-06
0.6801152063 	0.0009372132505 	0.0001475679664 	1.450253606e-08 	0.0008648435604 	-1.137387284e-07 	1.648632197e-06
0.6834316982 	0.000954266726 	0.0001577418292 	1.500962311e-08 	0.0008796064006 	-1.162942516e-07 	1.676774274e-06
0.6867851015 	0.0009708143026 	0.0001673636873 	1.541944183e-08 	0.0008940262744 	-1.187032457e-07 	1.704262561e-06
0.6901758354 	0.0009867658073 	0.0001764685082 	1.572466587e-08 	0.0009080425979 	-1.209616376e-07 	1.730981569e-06
0.6936055424 	0.001002053413 	0.0001850899203 	1.592478189e-08 	0.0009216195073 	-1.230680905e-07 	1.756862932e-06
0.6970735343 	0.001016623734 	0.0001932565271 	1.602491078e-08 	0.0009347305911 	-1.250279826e-07 	1.781856302e-06
0.700580145 	0.00103043938 	0.0002009963945 	1.603352146e-08 	0.0009473632652 	-1.268294108e-07 	1.805937689e-06
0.7041267955 	0.001043477154 	0.0002083400621 	1.596145936e-08 	0.0009595158683 	-1.284615603e-07 	1.829103929e-06
0.7077131112 	0.001055723383 	0.0002153192979 	1.581538643e-08 	0.0009711870941 	-1.299254498e-07 	1.851352529e-06
0.7113393773 	0.001067175576 	0.0002219715837 	1.559817434e-08 	0.0009823846413 	-1.312093523e-07 	1.872698166e-06
0.7150069301 	0.00107784251 	0.0002283425805 	1.531444494e-08 	0.0009931250088 	-1.323086254e-07 	1.893172292e-06
0.7187154514 	0.001087742799 	0.0002344842676 	1.496894257e-08 	0.001003426539 	-1.332308279e-07 	1.912809871e-06
0.7224653199 	0.001096908027 	0.0002404587272 	1.456896067e-08 	0.001013321092 	-1.339685614e-07 	1.931671639e-06
0.7262578107 	0.001105385102 	0.000246339802 	1.412770405e-08 	0.00102285346 	-1.345222791e-07 	1.949842982e-06
0.7300925709 	0.001113218648 	0.0002521930807 	1.36626376e-08 	0.001032053594 	-1.34899978e-07 	1.967380995e-06
0.7339274599 	0.001120443804 	0.0002580639705 	1.319908476e-08 	0.001040927814 	-1.350899862e-07 	1.984297724e-06
0.7377205243 	0.001127138622 	0.0002640161734 	1.276819936e-08 	0.001049511286 	-1.350984291e-07 	2.000660208e-06
0.7414716977 	0.001133449068 	0.0002701540229 	1.240044542e-08 	0.001057907933 	-1.349362945e-07 	2.016666551e-06
0.7451816807 	0.001139555676 	0.0002765994822 	1.199983155e-08 	0.001066264937 	-1.331609256e-07 	2.032597324e-06
0.7488510254 	0.001145656716 	0.0002834780229 	1.158418537e-08 	0.001074747991 	-1.295331077e-07 	2.048768382e-06
0.7524798606 	0.001151969605 	0.0002909194256 	1.133468682e-08 	0.001083548075 	-1.257264439e-07 	2.065543788e-06
0.7560688559 	0.001158732833 	0.0002990602986 	1.128069481e-08 	0.001092885651 	-1.217354354e-07 	2.083343802e-06
0.7596184549 	0.001166207146 	0.0003080423573 	1.14480909e-08 	0.001103004992 	-1.175461305e-07 	2.10263408e-06
0.7631288782 	0.001174675781 	0.0003180124765 	1.186033791e-08 	0.001114180066 	-1.131384639e-07 	2.123936875e-06
0.7666007261 	0.001184444529 	0.0003291243727 	1.254030741e-08 	0.001126715294 	-1.08484858e-07 	2.147832505e-06
0.7700344366 	0.001195840297 	0.0003415359372 	1.350611701e-08 	0.001140937994 	-1.035552757e-07 	2.174944924e-06
0.7734302599 	0.001209207932 	0.0003554077742 	1.477113792e-08 	0.001157200196 	-9.83204052e-08 	2.205945201e-06
0.7767887125 	0.001224906375 	0.0003709030372 	1.634471741e-08 	0.001175874788 	-9.275244045e-08 	2.241544163e-06
0.7801102773 	0.001243302557 	0.0003881827949 	1.822773392e-08 	0.001197343495 	-8.683108724e-08 	2.282469486e-06
0.7833951996 	0.001264762852 	0.0004074016357 	2.041198119e-08 	0.001221991746 	-8.054776665e-08 	2.329455903e-06
0.7866439137 	0.001289644334 	0.0004287050595 	2.28808498e-08 	0.001250199796 	-7.390692118e-08 	2.383228286e-06
0.7898569628 	0.001318284204 	0.0004522231904 	2.560605276e-08 	0.001282326526 	-6.693087632e-08 	2.444470763e-06
0.7930345721 	0.001350987153 	0.0004780639359 	2.8547433e-08 	0.001318697679 	-5.966231208e-08 	2.51380429e-06
0.7961771359 	0.001388014985 	0.0005063093574 	3.165556604e-08 	0.001359596016 	-5.216227642e-08 	2.591767886e-06
0.7992851568 	0.001429576845 	0.0005370112819 	3.487246691e-08 	0.001405247636 	-4.450973983e-08 	2.678792563e-06
0.8023589322 	0.001475819577 	0.0005701858357 	3.813201616e-08 	0.001455810284 	-3.67996258e-08 	2.775179022e-06
0.805398811 	0.001526822502 	0.0006058123398 	4.136596212e-08 	0.001511370676 	-2.913578209e-08 	2.881092573e-06
0.8084052021 	0.001582595994 	0.000643835004 	4.450776581e-08 	0.001571942067 	-2.162449473e-08 	2.996558479e-06
0.8113785157 	0.00164308188 	0.0006841630651 	4.749272153e-08 	0.001637461515 	-1.437152558e-08 	3.121456757e-06
0.8143190433 	0.001708156766 	0.0007266738134 	5.026339338e-08 	0.001707796755 	-7.474328184e-09 	3.255535272e-06
0.8172271484 	0.001777640025 	0.0007712191545 	5.277273378e-08 	0.001782755684 	-1.015835382e-09 	3.398427825e-06
0.8201032429 	0.001851302843 	0.0008176314716 	5.498403448e-08 	0.001862094335 	4.936271659e-09 	3.549669345e-06
0.8229476498 	0.001928876787 	0.0008657278347 	5.686905209e-08 	0.00194552588 	1.033002651e-08 	3.708713057e-06
0.8257606958 	0.002010064129 	0.0009153162231 	5.841117946e-08 	0.002032734227 	1.513237168e-08 	3.874956406e-06
0.8285427279 	0.002094548583 	0.0009662024064 	5.960377531e-08 	0.002123385608 	1.932797596e-08 	4.047763134e-06
0.8312941389 	0.002182003854 	0.001018193579 	6.044661083e-08 	0.002217135452 	2.291424077e-08 	4.226476393e-06
0.8340152199 	0.002272100191 	0.001071100641 	6.094433062e-08 	0.002313636178 	2.589985266e-08 	4.410433598e-06
0.836706302 	0.002364511429 	0.001124741843 	6.110789775e-08 	0.002412546059 	2.830496643e-08 	4.59898332e-06
0.8393677168 	0.002458920782 	0.001178945907 	6.09524111e-08 	0.002513534722 	3.01577141e-08 	4.791495782e-06
0.841999829 	0.002555024082 	0.001233552245 	6.049407352e-08 	0.002616284694 	3.14896212e-08 	4.987365785e-06
0.8446029242 	0.002652531658 	0.001288410576 	5.975030459e-08 	0.002720493961 	3.23353001e-08 	5.186017612e-06
0.8471773226 	0.002751170723 	0.001343382211 	5.874147631e-08 	0.00282587956 	3.273311491e-08 	5.386911854e-06
0.8497233412 	0.002850686906 	0.001398340749 	5.748949606e-08 	0.002932178356 	3.272278826e-08 	5.589546904e-06
0.8522413154 	0.002950844181 	0.001453171237 	5.60163076e-08 	0.003039145835 	3.234303461e-08 	5.793456649e-06
0.8547315346 	0.003051424339 	0.001507768721 	5.43436604e-08 	0.003146555477 	3.16315323e-08 	5.99820928e-06
0.8571943021 	0.003152226942 	0.001562038561 	5.249555477e-08 	0.003254199974 	3.062685128e-08 	6.203409609e-06
0.8596299208 	0.003253069057 	0.00161589657 	5.049683038e-08 	0.003361890507 	2.936698216e-08 	6.408697696e-06
0.8620386999 	0.003353784291 	0.00166926842 	4.83725558e-08 	0.003469454989 	2.788826152e-08 	6.613745494e-06
0.8644209325 	0.003454221698 	0.001722088148 	4.61464596e-08 	0.003576736449 	2.622464634e-08 	6.818253774e-06
0.8667769039 	0.003554244905 	0.001774297829 	4.384343573e-08 	0.003683593275 	2.441004235e-08 	7.021952583e-06
0.8691069039 	0.00365373138 	0.001825848089 	4.148845004e-08 	0.003789898791 	2.24774929e-08 	7.224600443e-06
0.8714112196 	0.003752571669 	0.001876697452 	3.910586001e-08 	0.003895539468 	2.045836926e-08 	7.425980935e-06
0.8736901437 	0.003850668314 	0.001926811735 	3.671817845e-08 	0.004000413969 	1.83818595e-08 	7.625900882e-06
0.8759439454 	0.003947934867 	0.001976162864 	3.434655647e-08 	0.004104431969 	1.62756058e-08 	7.824188101e-06
0.8781729018 	0.004044295227 	0.002024729437 	3.201146041e-08 	0.004207514677 	1.416635501e-08 	8.020692392e-06
0.880377287 	0.004139683036 	0.00207249628 	2.973158747e-08 	0.004309593479 	1.207906132e-08 	8.21528296e-06
0.8825573737 	0.004234040835 	0.002119454312 	2.752370011e-08 	0.00441060929 	1.003676964e-08 	8.407847173e-06
0.8847134322 	0.004327319346 	0.002165599586 	2.540156394e-08 	0.004510511245 	8.060083269e-09 	8.598288065e-06
0.8868457226 	0.004419476796 	0.002210932557 	2.337704818e-08 	0.004609256508 	6.167986935e-09 	8.786523981e-06
0.8889545069 	0.004510478302 	0.002255458763 	2.146014151e-08 	0.004706810416 	4.377738347e-09 	8.972488844e-06
0.8910400442 	0.004600295428 	0.002299187867 	1.965839456e-08 	0.004803145023 	2.704338045e-09 	9.15612938e-06
0.8931025917 	0.004688905501 	0.002342133807 	1.797708143e-08 	0.004898239138 	1.160678052e-09 	9.337405192e-06
0.8951424045 	0.004776291106 	0.002384313885 	1.641863239e-08 	0.004992077007 	-2.42750098e-10 	9.516286251e-06
0.8971597301 	0.00486243956 	0.002425748022 	1.498348086e-08 	0.005084648221 	-1.497502874e-09 	9.692752715e-06
0.8991548164 	0.004947342405 	0.002466459334 	1.367030351e-08 	0.005175947847 	-2.597197682e-09 	9.866795176e-06
0.9011279084 	0.005030995042 	0.002506473312 	1.247580208e-08 	0.005265975187 	-3.537798042e-09 	1.003841231e-05
0.9030792486 	0.005113396258 	0.00254581759 	1.139490445e-08 	0.005354733774 	-4.317450194e-09 	1.020761085e-05
0.9050090786 	0.005194547798 	0.002584521744 	1.042076934e-08 	0.005442230706 	-4.936458982e-09 	1.037440432e-05
0.9069176333 	0.005274454034 	0.002622616203 	9.544975115e-09 	0.00552847594 	-5.397251122e-09 	1.05388117e-05
0.9088051471 	0.005353121606 	0.00266013244 	8.75819241e-09 	0.005613482694 	-5.704340456e-09 	1.07008582e-05
0.9106718518 	0.005430559123 	0.002697102941 	8.050141355e-09 	0.005697266802 	-5.864297317e-09 	1.0860574e-05
0.9125179768 	0.005506776962 	0.002733560271 	7.409681468e-09 	0.005779846121 	-5.885675765e-09 	1.101799313e-05
0.914343749 	0.005581786952 	0.00276953742 	6.82512211e-09 	0.00586124077 	-5.778804057e-09 	1.117315396e-05
0.9161493933 	0.00565560224 	0.002805067003 	6.284103734e-09 	0.005941472203 	-5.555558195e-09 	1.132609737e-05
0.9179351304 	0.005728237136 	0.002840180693 	5.774160041e-09 	0.006020563333 	-5.229418198e-09 	1.147686704e-05
0.9197011796 	0.005799706898 	0.002874909664 	5.282964741e-09 	0.006098538693 	-4.815250492e-09 	1.162550975e-05
0.921447758 	0.00587002766 	0.002909284024 	4.798368582e-09 	0.006175423696 	-4.329099496e-09 	1.177207394e-05
0.9231750801 	0.005939216302 	0.002943332345 	4.308560621e-09 	0.006251244669 	-3.78790399e-09 	1.191660978e-05
0.9248833582 	0.006007290252 	0.002977081878 	3.802277075e-09 	0.006326028823 	-3.20923164e-09 	1.205916917e-05
0.9265728023 	0.006074267374 	0.003010557913 	3.268708581e-09 	0.006399803608 	-2.610881308e-09 	1.219980441e-05
0.9282436194 	0.006140165789 	0.003043783249 	2.697954982e-09 	0.006472596708 	-2.010854343e-09 	1.233856829e-05
0.9298960149 	0.006205003587 	0.003076778511 	2.081217307e-09 	0.00654443609 	-1.427058216e-09 	1.247551412e-05
0.9315301917 	0.006268798595 	0.003109561682 	1.4108177e-09 	0.006615349297 	-8.769682045e-10 	1.26106944e-05
0.9331463504 	0.006331568069 	0.003142147671 	6.803272421e-10 	0.006685363218 	-3.773405528e-10 	1.274416039e-05
0.9345222492 	0.006384733141 	0.003170038866 	1.637794757e-07 	0.006744881483 	3.499977381e-07 	1.285761875e-05
0.934744687 	0.006393328579 	0.00317454828 	1.227650307e-10 	0.006754503931 	-5.079911373e-11 	1.287596181e-05
0.9363253843 	0.006454096462 	0.003206772649 	1.041053589e-09 	0.006822796579 	-3.626228041e-10 	1.300614658e-05
0.9378886538 	0.006513883361 	0.003238823894 	2.030463797e-09 	0.006890263005 	-5.755732309e-10 	1.313475634e-05
0.9394346874 	0.006572700252 	0.003270701761 	3.090085186e-09 	0.006956923321 	-6.791492195e-10 	1.326182943e-05
0.940963675 	0.006630555386 	0.003302401667 	4.216963809e-09 	0.007022794758 	-6.648918853e-10 	1.338739869e-05
0.9424758045 	0.006687453867 	0.003333913979 	5.405965231e-09 	0.007087890796 	-5.266162737e-10 	1.351148984e-05
0.9439712616 	0.006743397156 	0.003365223715 	6.649632211e-09 	0.007152220731 	-2.606127753e-10 	1.363412057e-05
0.9454502299 	0.006798382608 	0.003396310234 	7.938052135e-09 	0.007215788982 	1.341532416e-10 	1.375529933e-05
0.9469128912 	0.006852402998 	0.003427147071 	9.258845399e-09 	0.007278594296 	6.558391345e-10 	1.387502371e-05
0.9483594251 	0.006905446125 	0.003457701273 	1.059709209e-08 	0.007340628788 	1.299537923e-09 	1.399327869e-05
0.9497900093 	0.006957494343 	0.003487933339 	1.193492261e-08 	0.007401877333 	2.057083652e-09 	1.411003544e-05
0.9512048194 	0.007008524079 	0.003517797412 	1.325173721e-08 	0.007462316606 	2.91684629e-09 	1.422524949e-05
0.9526040292 	0.007058505376 	0.003547241089 	1.452426745e-08 	0.007521913912 	3.86353556e-09 	1.433885852e-05
0.9539878108 	0.007107401312 	0.003576205755 	1.572677048e-08 	0.0075806263 	4.87807618e-09 	1.445078065e-05
0.9553563339 	0.007155167356 	0.003604626978 	1.683134762e-08 	0.007638399394 	5.937526624e-09 	1.456091223e-05
0.9567097669 	0.007201750563 	0.003632435246 	1.780847103e-08 	0.007695166563 	7.015084915e-09 	1.466912623e-05
0.9580482759 	0.007247088702 	0.003659556413 	1.862779826e-08 	0.007750847371 	8.080261589e-09 	1.477526933e-05
0.9593720254 	0.007291108848 	0.003685911853 	1.925881655e-08 	0.007805356016 	9.099020172e-09 	1.487917795e-05
0.960681178 	0.007333728048 	0.003711417683 	1.967199877e-08 	0.007858566058 	1.003437956e-08 	1.498061108e-05
0.9619758945 	0.007374844759 	0.003736028729 	1.98396884e-08 	0.007910357883 	1.084573108e-08 	1.50793407e-05
0.963256334 	0.007411160292 	0.003757072182 	1.983378697e-08 	0.00795626545 	1.148597522e-08 	1.516685328e-05
0.9640904201 	0.007439565568 	0.003773327702 	1.951751576e-08 	0.007992376822 	1.180807594e-08 	1.523569159e-05
0.9649091234 	0.007463616913 	0.003787619625 	1.916325891e-08 	0.008023322226 	1.201589576e-08 	1.529468213e-05
0.9657127275 	0.007486628021 	0.003801287507 	1.868421065e-08 	0.008053096136 	1.211161604e-08 	1.535143948e-05
0.9665015107 	0.007508573458 	0.003814350479 	1.808414787e-08 	0.008081675628 	1.208972089e-08 	1.540591993e-05
0.9672757463 	0.007529430806 	0.003826808277 	1.736722996e-08 	0.008109025854 	1.194609791e-08 	1.545805707e-05
0.9680357026 	0.007549176836 	0.003838659461 	1.653851909e-08 	0.008135128613 	1.167763503e-08 	1.550781618e-05
0.9687816429 	0.0075677884 	0.003849902169 	1.560371324e-08 	0.008159961337 	1.128223943e-08 	1.555515425e-05
0.9695138255 	0.007585242232 	0.003860533906 	1.456904248e-08 	0.008183502128 	1.075876045e-08 	1.560002954e-05
0.9702325042 	0.007601514963 	0.003870551504 	1.344114437e-08 	0.008205729556 	1.010690828e-08 	1.56424012e-05
0.9709379278 	0.007616583102 	0.003879951161 	1.222694075e-08 	0.008226622537 	9.327169638e-09 	1.568222903e-05
0.971630341 	0.007630422972 	0.003888728532 	1.093352921e-08 	0.008246160041 	8.420717721e-09 	1.571947294e-05
0.9723099835 	0.007643010593 	0.003896878775 	9.568080036e-09 	0.008264320815 	7.389318713e-09 	1.575409242e-05
0.9729770908 	0.007654321527 	0.003904396552 	8.137741312e-09 	0.008281083101 	6.235241891e-09 	1.5786046e-05
0.9736318941 	0.00766433068 	0.003911275977 	6.649552776e-09 	0.00829642433 	4.961174713e-09 	1.581529065e-05
0.9742746202 	0.00767301207 	0.003917510513 	5.110369302e-09 	0.008310320798 	3.5701443e-09 	1.584178118e-05
0.9749054919 	0.007680338569 	0.003923092823 	3.526794747e-09 	0.008322747334 	2.065445892e-09 	1.586546961e-05
0.9755247278 	0.007686281623 	0.003928014595 	1.905126448e-09 	0.008333676956 	4.505784261e-10 	1.58863045e-05
0.9761325423 	0.007690810949 	0.003932266334 	2.513104057e-10 	0.008343080509 	-1.270813081e-09 	1.590423029e-05
0.9767291462 	0.007693894219 	0.003935837139 	-1.429093159e-09 	0.008350926293 	-3.094988463e-09 	1.591918653e-05
0.9773147462 	0.007695496723 	0.003938714452 	-3.130936612e-09 	0.008357179659 	-5.018155238e-09 	1.593110719e-05
0.9778895451 	0.007695581005 	0.00394088382 	-4.849491967e-09 	0.008361802596 	-7.036505958e-09 	1.593991979e-05
0.9784537421 	0.007694106486 	0.003942328599 	-6.580467341e-09 	0.008364753259 	-9.146259192e-09 	1.594554458e-05
0.9790075328 	0.007691029052 	0.003943029636 	-8.320009022e-09 	0.008365985482 	-1.13436791e-08 	1.594789353e-05
0.979551109 	0.007686300605 	0.003942964996 	-1.006467928e-08 	0.008365448256 	-1.362509095e-08 	1.594686943e-05
0.9800846592 	0.007679868583 	0.003942109609 	-1.181144571e-08 	0.008363085124 	-1.59869022e-08 	1.594236465e-05
0.9806083682 	0.007671675423 	0.003940434897 	-1.355766115e-08 	0.008358833546 	-1.842561049e-08 	1.593425996e-05
0.9811224175 	0.00766165798 	0.003937908387 	-1.530103531e-08 	0.008352624185 	-2.093780692e-08 	1.592242319e-05
0.9816269852 	0.007649746873 	0.003934493283 	-1.703960278e-08 	0.008344380119 	-2.352017494e-08 	1.590670771e-05
0.9821222462 	0.007635865769 	0.003930147997 	-1.877168664e-08 	0.00833401597 	-2.616948316e-08 	1.588695076e-05
0.9826083721 	0.007619930574 	0.003924825638 	-2.049585875e-08 	0.008321436936 	-2.888257278e-08 	1.586297162e-05
0.9830855314 	0.007601848539 	0.003918473452 	-2.221089697e-08 	0.008306537712 	-3.165633898e-08 	1.583456956e-05
0.9835538894 	0.007581517254 	0.003911032208 	-2.391574043e-08 	0.008289201295 	-3.448770662e-08 	1.580152153e-05
0.9840136086 	0.007558823521 	0.003902435521 	-2.560944311e-08 	0.008269297649 	-3.737359937e-08 	1.576357965e-05
0.984464848 	0.007533642101 	0.003892609107 	-2.729112636e-08 	0.008246682226 	-4.03109024e-08 	1.572046837e-05
0.9849077643 	0.007505834296 	0.003881469975 	-2.895993054e-08 	0.008221194317 	-4.329641768e-08 	1.567188133e-05
0.9853425108 	0.007475246381 	0.003868925522 	-3.061496702e-08 	0.008192655227 	-4.632681163e-08 	1.561747789e-05
0.9857692383 	0.007441707835 	0.003854872566 	-3.225526946e-08 	0.008160866248 	-4.939855389e-08 	1.555687926e-05
0.9861880946 	0.007405029378 	0.003839196273 	-3.387974391e-08 	0.008125606424 	-5.25078459e-08 	1.548966424e-05
0.9865992248 	0.007365000786 	0.003821768991 	-3.548712059e-08 	0.008086630079 	-5.565053911e-08 	1.541536449e-05
0.9870027716 	0.007321388469 	0.003802448982 	-3.707590604e-08 	0.008043664099 	-5.882204111e-08 	1.533345939e-05
0.9873988747 	0.007273932789 	0.003781079041 	-3.864433474e-08 	0.007996404957 	-6.201720812e-08 	1.524337033e-05
0.9877876714 	0.007222345121 	0.003757484999 	-4.019032149e-08 	0.00794451546 	-6.523022239e-08 	1.514445453e-05
0.9881692965 	0.007166304637 	0.003731474096 	-4.17114148e-08 	0.007887621221 	-6.845445272e-08 	1.50359983e-05
0.9885438823 	0.007105454818 	0.003702833229 	-4.32047485e-08 	0.007825306841 	-7.168229793e-08 	1.491720977e-05
0.9889115585 	0.007039399707 	0.003671327044 	-4.466699933e-08 	0.007757111826 	-7.490501569e-08 	1.478721112e-05
0.9892724526 	0.006967699931 	0.003636695869 	-4.609433283e-08 	0.007682526233 	-7.811251265e-08 	1.464503025e-05
0.9896266897 	0.006889868521 	0.0035986535 	-4.748234931e-08 	0.007600986115 	-8.129312263e-08 	1.448959212e-05
0.9899743926 	0.00680536664 	0.003556884773 	-4.882602639e-08 	0.007511868783 	-8.443335765e-08 	1.431970972e-05
0.9903156818 	0.006713599297 	0.00351104294 	-5.011964773e-08 	0.007414488009 	-8.751762419e-08 	1.413407489e-05
0.9906506755 	0.006613911237 	0.003460746822 	-5.135671373e-08 	0.007308089287 	-9.052790269e-08 	1.393124936e-05
0.99097949 	0.006505583238 	0.003405577711 	-5.252982607e-08 	0.007191845372 	-9.344338257e-08 	1.370965615e-05
0.9913022391 	0.006387829157 	0.003345076048 	-5.363053542e-08 	0.007064852374 	-9.624004251e-08 	1.34675722e-05
0.9916190347 	0.006259794206 	0.003278737943 	-5.464913823e-08 	0.006926126915 	-9.889016361e-08 	1.320312292e-05
0.9919299867 	0.006120555147 	0.003206011734 	-5.557440587e-08 	0.006774604799 	-1.013617461e-07 	1.291427965e-05
0.9922352028 	0.005969123331 	0.003126294974 	-5.639322167e-08 	0.006609143016 	-1.036178333e-07 	1.259886351e-05
0.9925347888 	0.005804452082 	0.003038932683 	-5.709010006e-08 	0.006428523259 	-1.056155892e-07 	1.225455205e-05
0.9928288486 	0.005625449369 	0.002943217814 	-5.764652672e-08 	0.006231480634 	-1.073060767e-07 	1.187893404e-05
0.993117484 	0.005431003927 	0.002838389271 	-5.803981984e-08 	0.006016660912 	-1.086305816e-07 	1.146942794e-05
0.9934007952 	0.005219967784 	0.002723986407 	-5.825476013e-08 	0.005782854168 	-1.095254624e-07 	1.10237273e-05
0.9936788803 	0.005011674799 	0.002609059042 	-5.824841236e-08 	0.005551008374 	-1.099316345e-07 	1.058176478e-05
0.9938578551 	0.004830973688 	0.002508266712 	-5.800011673e-08 	0.005349201632 	-1.098031148e-07 	1.019706504e-05
0.9940368302 	0.004661315004 	0.002413776594 	-5.762657144e-08 	0.005159567201 	-1.094092525e-07 	9.835569113e-06
0.9942158055 	0.00448098052 	0.0023122956 	-5.703133383e-08 	0.004957444568 	-1.086538815e-07 	9.450267196e-06
0.994394781 	0.004289500244 	0.002203762499 	-5.620267857e-08 	0.004742389691 	-1.074915513e-07 	9.04031283e-06
0.9945737568 	0.004086549293 	0.002087957862 	-5.511829572e-08 	0.004514002867 	-1.058713186e-07 	8.604944067e-06
0.9947527327 	0.003871962799 	0.001964749858 	-5.375422069e-08 	0.004272095488 	-1.037415618e-07 	8.143801368e-06
0.9949317089 	0.003645796345 	0.001834129899 	-5.208485572e-08 	0.00401672613 	-1.010501479e-07 	7.656996395e-06
0.9951106853 	0.003408395753 	0.001696270093 	-5.008375106e-08 	0.003748295962 	-9.774701959e-08 	7.145293888e-06
0.9952896619 	0.003160479038 	0.001551602989 	-4.772515143e-08 	0.003467656674 	-9.378749784e-08 	6.610317406e-06
0.9954686388 	0.002903228021 	0.001400925185 	-4.498669514e-08 	0.003176237528 	-8.913711627e-08 	6.054791517e-06
0.9956476158 	0.002638383575 	0.001245520205 	-4.185374811e-08 	0.002876181816 	-8.377830596e-08 	5.482801934e-06
0.9958265931 	0.002368332444 	0.001087284548 	-3.832582745e-08 	0.002570473143 	-7.771912587e-08 	4.900036238e-06
0.9960055706 	0.002096165738 	0.0009288240545 	-3.442524609e-08 	0.002263016729 	-7.100371262e-08 	4.313938859e-06
0.9961845483 	0.001825681196 	0.0007734688234 	-3.020723262e-08 	0.001958626237 	-6.372311911e-08 	3.73368598e-06
0.9963635262 	0.001561296655 	0.0006251438224 	-2.576918585e-08 	0.001662860957 	-5.602370758e-08 	3.169875152e-06
0.9965425044 	0.00130784638 	0.0004880450179 	-2.125473438e-08 	0.001381674385 	-4.810874762e-08 	2.633855394e-06
0.9967214828 	0.001070250575 	0.0003661221364 	-1.684713732e-08 	0.001120882989 	-4.022852445e-08 	2.136714511e-06
0.9969004614 	0.0008530828898 	0.0002624553373 	-1.274824338e-08 	0.000885536247 	-3.26565721e-08 	1.688078209e-06
0.9970794402 	0.0006601029461 	0.0001786973992 	-9.144821304e-09 	0.0006793336183 	-2.565497113e-08 	1.294998688e-06
0.9972584192 	0.0004938518698 	0.0001147763009 	-6.17161694e-09 	0.0005042459609 	-1.943770736e-08 	9.612329494e-07
0.9974373985 	0.0003554070894 	6.897776199e-05 	-3.884879517e-09 	0.0003604357809 	-1.41435983e-08 	6.870907763e-07
0.9976163779 	0.0002443507032 	3.838112531e-05 	-2.256991838e-09 	0.0002464617234 	-9.826605622e-09 	4.698245453e-07
0.9977953576 	0.0001589403858 	1.948855537e-05 	-1.193321196e-09 	0.0001596614764 	-6.46357239e-09 	3.043591496e-07
0.9979743375 	9.641575082e-05 	8.841722189e-06 	-5.627642781e-10 	9.658039523e-05 	-3.972860878e-09 	1.841090764e-07
0.9981533176 	5.33516416e-05 	3.471178732e-06 	-2.296193468e-10 	5.334731386e-05 	-2.235641935e-09 	1.016948073e-07
0.998332298 	2.598529485e-05 	1.120863402e-06 	-7.723104924e-11 	2.595670017e-05 	-1.114088049e-09 	4.948068481e-08
0.9985112786 	1.04805243e-05 	2.7355684e-07 	-1.975155088e-11 	1.046365848e-05 	-4.644840832e-10 	1.994664129e-08
0.9986902593 	3.131935636e-06 	4.338262655e-08 	-3.324787207e-12 	3.126230978e-06 	-1.460792679e-10 	5.959465136e-09
0.9988692404 	5.572251439e-07 	3.273404901e-09 	-2.741086214e-13 	5.561725758e-07 	-2.822120365e-11 	1.06021951e-09
0.9990482216 	5.621434456e-08 	8.347152497e-11 	-8.146877016e-15 	5.61074317e-08 	-3.306866821e-12 	1.069563591e-10
