(7.861339999999999995e-01 3.601489999999999969e-01 -4.231090000000000187e-17)
(7.829810000000000381e-01 3.641719999999999957e-01 4.059179999999999997e-17)
(7.794529999999999514e-01 3.687799999999999967e-01 -1.663129999999999870e-17)
(7.748559999999999892e-01 3.749779999999999780e-01 1.367800000000000071e-17)
(7.692539999999999933e-01 3.827949999999999964e-01 -1.100170000000000055e-17)
(7.634109999999999507e-01 3.913189999999999724e-01 -1.013399999999999939e-18)
(7.573619999999999797e-01 4.005920000000000036e-01 9.263569999999999389e-19)
(7.511330000000000506e-01 4.106830000000000203e-01 -5.408750000000001361e-18)
(8.475559999999999761e-01 4.490859999999999852e-01 -1.117499999999999947e-17)
(8.413690000000000335e-01 4.619170000000000220e-01 9.213790000000001260e-18)
(8.351880000000000415e-01 4.759079999999999977e-01 -5.664560000000000156e-18)
(8.290809999999999569e-01 4.911780000000000035e-01 5.103900000000000244e-18)
(8.231410000000000116e-01 5.078359999999999541e-01 9.852920000000000416e-18)
(8.174799999999999844e-01 5.259679999999999911e-01 -9.855520000000000695e-18)
(8.122049999999999548e-01 5.457039999999999669e-01 -2.540520000000000715e-18)
(8.074379999999999891e-01 5.671570000000000222e-01 -2.240780000000000182e-18)
(8.033069999999999933e-01 5.904190000000000271e-01 9.363670000000001267e-18)
(7.999279999999999724e-01 6.156009999999999538e-01 -1.147450000000000007e-17)
(7.974069999999999769e-01 6.428080000000000460e-01 7.112220000000000817e-18)
(7.958490000000000286e-01 6.711120000000000418e-01 6.033309999999999831e-19)
(7.952270000000000172e-01 6.985860000000000403e-01 -1.261300000000000060e-17)
(7.953299999999999814e-01 7.243110000000000381e-01 4.216810000000000194e-19)
(7.959310000000000551e-01 7.483710000000000084e-01 1.522010000000000116e-17)
(7.968600000000000128e-01 7.708589999999999609e-01 1.545540000000000098e-18)
(7.979939999999999811e-01 7.918680000000000163e-01 -1.403109999999999924e-17)
(7.992460000000000120e-01 8.114909999999999624e-01 2.140680000000000230e-18)
(8.005520000000000413e-01 8.298159999999999981e-01 -1.151890000000000078e-18)
(8.018690000000000540e-01 8.469280000000000141e-01 -7.913480000000000204e-17)
(8.031679999999999930e-01 8.629050000000000331e-01 1.166279999999999991e-16)
(8.044289999999999496e-01 8.778230000000000199e-01 -2.668609999999999854e-17)
(8.056400000000000228e-01 8.917519999999999891e-01 2.559130000000000033e-17)
(8.067929999999999824e-01 9.047560000000000047e-01 -4.942980000000000179e-17)
(8.078859999999999930e-01 9.168979999999999908e-01 -1.310159999999999968e-17)
(8.089159999999999684e-01 9.282350000000000323e-01 -3.678710000000000049e-17)
(8.098840000000000483e-01 9.388189999999999591e-01 3.532379999999999996e-17)
(8.107929999999999859e-01 9.487010000000000165e-01 1.577240000000000091e-18)
(8.115240000000000231e-01 9.566270000000000051e-01 1.195900000000000115e-16)
(8.120730000000000448e-01 9.625789999999999624e-01 -6.997409999999999500e-17)
(8.125599999999999490e-01 9.678470000000000129e-01 -8.016729999999999712e-17)
(8.129920000000000480e-01 9.725099999999999856e-01 1.650110000000000104e-16)
(8.133740000000000414e-01 9.766369999999999774e-01 -2.173450000000000095e-16)
