0.2166759971 	4.875341424e-06 	-5.125788728e-08 	-1.253211009e-11 	4.786786413e-06 	1.459023043e-09 	9.124945322e-09
0.2169324293 	9.065894872e-05 	-4.122988997e-06 	2.994607755e-10 	8.411976747e-05 	6.482619256e-09 	1.603556567e-07
0.2171888698 	0.0005976258112 	-6.081195135e-05 	8.293557304e-09 	0.0005025276496 	2.557268469e-08 	9.579573705e-07
0.2174453166 	0.002161162188 	-0.000353687683 	3.481636704e-08 	0.001610139583 	1.449164701e-07 	3.06937356e-06
0.2177017676 	0.005277054662 	-0.0011449519 	5.204371846e-09 	0.003496622558 	6.075731578e-07 	6.665534431e-06
0.2179582206 	0.009710681439 	-0.00248468348 	-2.829828737e-07 	0.005858527817 	1.647776318e-06 	1.116798231e-05
0.2182146735 	0.01455501717 	-0.004062815482 	-1.392883251e-06 	0.008275127933 	2.93662922e-06 	1.577469379e-05
0.2184711242 	0.01887012078 	-0.005402507777 	-2.816671605e-06 	0.01052159025 	4.466232988e-06 	2.005707535e-05
0.2187275707 	0.0222907936 	-0.006380535405 	-3.943936642e-06 	0.01242064807 	6.445104948e-06 	2.367720735e-05
0.2189840108 	0.0248379536 	-0.007117253835 	-5.15570765e-06 	0.01383201321 	8.673618205e-06 	2.636766159e-05
0.2192404424 	0.02653502369 	-0.007623677099 	-6.439221433e-06 	0.01475571722 	1.108767675e-05 	2.812849816e-05
0.2194968635 	0.02746935195 	-0.007924292978 	-7.797674643e-06 	0.01523254912 	1.353388317e-05 	2.903747229e-05
0.2197532719 	0.02775290723 	-0.008046037902 	-9.249698174e-06 	0.0153377632 	1.586704858e-05 	2.923803956e-05
0.2200096656 	0.02748920697 	-0.008007219918 	-1.07873594e-05 	0.01514701061 	1.796865568e-05 	2.887441211e-05
0.2202660425 	0.02677586162 	-0.007824472779 	-1.232010539e-05 	0.01473183699 	1.976690407e-05 	2.80829758e-05
0.2205224004 	0.02571599854 	-0.007524068126 	-1.297816436e-05 	0.01415481627 	2.026629718e-05 	2.698301394e-05
0.2207787375 	0.02442200567 	-0.007141562365 	-1.287316698e-05 	0.01347445534 	2.044180737e-05 	2.568605692e-05
0.2210350515 	0.02299601953 	-0.006711617634 	-1.216970208e-05 	0.0127414889 	2.024172368e-05 	2.428881916e-05
0.2212913404 	0.02152051186 	-0.006265450822 	-1.13153277e-05 	0.01199205235 	1.943001792e-05 	2.28601848e-05
0.2215476021 	0.02006586109 	-0.005830550578 	-1.035187319e-05 	0.01125435439 	1.801354043e-05 	2.145392745e-05
0.2218038346 	0.01869084376 	-0.005427143012 	-9.216998279e-06 	0.01055818367 	1.602516889e-05 	2.012683257e-05
0.2220600359 	0.01743993435 	-0.005069023687 	-7.879427634e-06 	0.009934526861 	1.350673861e-05 	1.893796936e-05
0.2223162038 	0.0163237587 	-0.004742562737 	-7.437264234e-06 	0.00941722493 	1.028479042e-05 	1.79518481e-05
0.2225723364 	0.01531313349 	-0.004400411707 	-8.31015984e-06 	0.009034828521 	6.714573204e-06 	1.722289426e-05
0.2228284315 	0.0143848074 	-0.004017975715 	-8.819889927e-06 	0.008785217849 	3.734799091e-06 	1.674706695e-05
0.2230844872 	0.01354971245 	-0.003624489209 	-7.976299346e-06 	0.008637312736 	1.666684245e-06 	1.646511869e-05
0.2233405014 	0.01283287181 	-0.003269372711 	-6.641962401e-06 	0.008555554683 	1.605120171e-07 	1.630926512e-05
0.223596472 	0.01223670413 	-0.002969210286 	-5.537499374e-06 	0.008520874561 	-1.135235253e-06 	1.624315517e-05
0.2238523971 	0.01174452205 	-0.002713646745 	-4.546299347e-06 	0.008527385941 	-2.327918282e-06 	1.625556767e-05
0.2241082746 	0.01134211429 	-0.002496410292 	-3.693241316e-06 	0.008573067339 	-3.455518586e-06 	1.634264911e-05
0.2243641025 	0.01098386687 	-0.002299556433 	-2.935966217e-06 	0.008666222658 	-4.602592113e-06 	1.652022904e-05
0.2247614969 	0.01064736218 	-0.00209828843 	-2.235041149e-06 	0.008841817218 	-5.635718132e-06 	1.685496107e-05
0.2251662243 	0.01037623426 	-0.00190789527 	-1.700620419e-06 	0.009097433265 	-6.320619484e-06 	1.73422363e-05
0.2255784092 	0.01018595898 	-0.001749941749 	-1.283501064e-06 	0.009393727135 	-6.601170859e-06 	1.790705477e-05
0.2259981774 	0.0100529505 	-0.001617128391 	-9.603823174e-07 	0.009713685266 	-6.626156326e-06 	1.85169839e-05
0.2264256561 	0.009960694982 	-0.001504207406 	-7.132106228e-07 	0.01004597868 	-6.480395345e-06 	1.915042749e-05
0.2268609739 	0.009897529198 	-0.001407100574 	-5.227898618e-07 	0.01038492591 	-6.19886687e-06 	1.979655512e-05
0.2273042604 	0.009854320052 	-0.00132253366 	-3.751764232e-07 	0.0107257912 	-5.810530107e-06 	2.04463391e-05
0.2277556468 	0.009824364354 	-0.001248055009 	-2.608819602e-07 	0.01106519301 	-5.336621664e-06 	2.109333329e-05
0.2282152651 	0.009802747004 	-0.001181766858 	-1.730934546e-07 	0.01140070716 	-4.79308366e-06 	2.17329165e-05
0.2286832487 	0.009785858824 	-0.0011221924 	-1.06851813e-07 	0.01173061597 	-4.192288446e-06 	2.236181439e-05
0.2291597319 	0.009771047639 	-0.001068165079 	-5.84278055e-08 	0.01205370476 	-3.544282061e-06 	2.297771142e-05
0.2296448501 	0.009756370294 	-0.001018753009 	-2.493865985e-08 	0.01236913038 	-2.857488377e-06 	2.357900032e-05
0.2301387393 	0.009740413881 	-0.0009732057785 	-4.127856836e-09 	0.0126763342 	-2.13906965e-06 	2.41646162e-05
0.2306415368 	0.009722165609 	-0.000930916085 	5.763673501e-09 	0.01297498091 	-1.395127864e-06 	2.473391982e-05
0.2311533802 	0.009700917056 	-0.0008913909955 	6.07725565e-09 	0.01326491277 	-6.308432116e-07 	2.528661053e-05
0.2315746914 	0.009680884842 	-0.0008613604129 	3.251791757e-07 	0.01349226768 	2.245732349e-06 	2.572001218e-05
0.2316736368 	0.00967610642 	-0.0008542822448 	-2.098388672e-10 	0.01354618784 	-1.441867902e-07 	2.582279899e-05
0.2321998972 	0.009647099488 	-0.0008194343559 	3.268632535e-09 	0.01381908699 	-9.113779868e-07 	2.634302062e-05
0.232735561 	0.009614086606 	-0.0007863604979 	1.40054534e-08 	0.0140834352 	-1.691040639e-06 	2.684694178e-05
0.2332807678 	0.009577046473 	-0.0007548583051 	3.162561113e-08 	0.01433950467 	-2.480334954e-06 	2.733508136e-05
0.2338356578 	0.00953605361 	-0.0007248221486 	5.631301322e-08 	0.01458784805 	-3.278119905e-06 	2.780849286e-05
0.234400371 	0.009491153838 	-0.0006959173982 	8.69856584e-08 	0.0148283096 	-4.079871514e-06 	2.826687941e-05
0.2349750476 	0.009442715405 	-0.0006676837291 	1.203741365e-07 	0.01505950386 	-4.868038657e-06 	2.870759994e-05
0.2355598274 	0.009397927965 	-0.0006359868304 	1.172153941e-07 	0.01524712521 	-5.301825369e-06 	2.906525837e-05
0.2361548499 	0.009358499888 	-0.0006004364346 	6.574431142e-08 	0.01538566927 	-5.223428427e-06 	2.932936186e-05
0.2367621268 	0.009324737318 	-0.0005620925524 	9.260129002e-09 	0.01547823419 	-4.899317049e-06 	2.950581633e-05
0.2373985929 	0.009296700869 	-0.0005222045903 	-1.54960098e-08 	0.01552994544 	-4.584881831e-06 	2.960439233e-05
0.2380464066 	0.009270195466 	-0.0004846079582 	3.190558508e-08 	0.01556678279 	-4.627706135e-06 	2.967461456e-05
0.2387057606 	0.009245372348 	-0.0004502637245 	1.356129013e-07 	0.01559182255 	-4.907617346e-06 	2.972234729e-05
0.2393768505 	0.009221368271 	-0.0004198851469 	2.667483052e-07 	0.01561152964 	-5.166674428e-06 	2.975991449e-05
0.2400598753 	0.009198250982 	-0.0003933294355 	4.199455915e-07 	0.01562630018 	-5.403692365e-06 	2.978807126e-05
0.2407550367 	0.009176089272 	-0.0003704129479 	5.927587039e-07 	0.01563664209 	-5.622919369e-06 	2.98077858e-05
0.2414625396 	0.009154906576 	-0.0003508758586 	7.83614441e-07 	0.01564304333 	-5.829622452e-06 	2.981998835e-05
0.2421825923 	0.009134699313 	-0.0003344405409 	9.893481336e-07 	0.01564598385 	-6.027116616e-06 	2.982559379e-05
0.2429154061 	0.009115447576 	-0.0003208058699 	1.201378764e-06 	0.01564594144 	-6.191598437e-06 	2.982551296e-05
0.2436611955 	0.009097099906 	-0.0003096556916 	1.254555513e-06 	0.01564335035 	-5.612725572e-06 	2.982057362e-05
0.2444201783 	0.009079584437 	-0.0003006710596 	1.277655864e-06 	0.01563860723 	-5.067979013e-06 	2.98115319e-05
0.2451925759 	0.009062816199 	-0.0002935393982 	1.272223052e-06 	0.01563207166 	-4.553953292e-06 	2.979907329e-05
0.2459786127 	0.009046700875 	-0.0002879621932 	1.240460534e-06 	0.01562406258 	-4.06712032e-06 	2.978380577e-05
0.2467785167 	0.009031139552 	-0.0002836611732 	1.185004195e-06 	0.01561485841 	-3.604030071e-06 	2.976626006e-05
0.2475925196 	0.009016033088 	-0.0002803828434 	1.108704022e-06 	0.01560469856 	-3.161456815e-06 	2.974689255e-05
0.2484208561 	0.009001285916 	-0.0002779014366 	1.014430381e-06 	0.01559378602 	-2.736495281e-06 	2.972609022e-05
0.249263765 	0.008986809143 	-0.0002760204076 	9.049157156e-07 	0.01558229069 	-2.326614346e-06 	2.970417692e-05
0.2501214883 	0.008972522874 	-0.0002745726272 	7.826370595e-07 	0.01557035302 	-1.929674261e-06 	2.968142042e-05
0.250994272 	0.00895835774 	-0.0002734194564 	6.497398191e-07 	0.01555808786 	-1.543915594e-06 	2.965803961e-05
0.2518823657 	0.008944255863 	-0.0002724491044 	5.080003089e-07 	0.01554558845 	-1.167929131e-06 	2.963421226e-05
0.2527860226 	0.008930171237 	-0.000271574461 	3.588197986e-07 	0.01553293027 	-8.006110014e-07 	2.961008226e-05
0.2537055001 	0.00891606886 	-0.0002707302113 	2.032393584e-07 	0.01552017213 	-4.41110302e-07 	2.958576169e-05
0.2546410591 	0.008901915258 	-0.0002698581397 	4.198911222e-08 	0.01550735148 	-8.879688429e-08 	2.956132198e-05
0.2548826011 	0.008898294734 	-0.000269634026 	-2.106776084e-08 	0.0155040727 	-6.965101439e-07 	2.95550717e-05
0.2555884152 	0.008887531718 	-0.0002691468179 	1.158390553e-07 	0.01549416613 	-2.583851212e-07 	2.953618703e-05
0.2565643833 	0.00887289555 	-0.0002684300068 	2.784211406e-07 	0.01548078732 	-6.04238678e-07 	2.95106833e-05
0.2575742631 	0.008858015129 	-0.0002675865131 	4.491000263e-07 	0.01546731023 	-9.4921301e-07 	2.948499222e-05
0.2586016703 	0.008843013428 	-0.0002666518104 	6.249534443e-07 	0.01545384401 	-1.287499862e-06 	2.945932185e-05
0.2596468899 	0.008827991992 	-0.0002656520826 	8.059578283e-07 	0.01544050435 	-1.619383394e-06 	2.943389276e-05
0.2607102115 	0.008812965014 	-0.0002645882602 	9.922212792e-07 	0.01542731779 	-1.945061177e-06 	2.940875551e-05
0.2617919288 	0.008797948519 	-0.0002634651358 	1.183913796e-06 	0.01541430288 	-2.264675657e-06 	2.938394547e-05
0.2628923399 	0.008782976496 	-0.0002623031051 	1.381266877e-06 	0.01540150834 	-2.578373223e-06 	2.935955553e-05
0.2640117474 	0.008768074694 	-0.0002611226122 	1.584518705e-06 	0.01538894907 	-2.886231824e-06 	2.933561406e-05
0.2651504585 	0.008753113272 	-0.0002597795921 	1.793726904e-06 	0.01537641049 	-3.188082404e-06 	2.931171205e-05
0.2663087847 	0.008738246386 	-0.0002584301786 	2.009318801e-06 	0.01536408466 	-3.484024616e-06 	2.928821559e-05
0.2674870424 	0.008721842482 	-0.000257487763 	2.086575579e-06 	0.01535094911 	-3.523107842e-06 	2.926317558e-05
0.2692922725 	0.008702489329 	-0.0002555994116 	1.80205798e-06 	0.01533638525 	-2.936613895e-06 	2.923541281e-05
0.2711132944 	0.008681422436 	-0.0002533710429 	1.509986887e-06 	0.01532059299 	-2.372038857e-06 	2.920530837e-05
0.272950246 	0.008661089744 	-0.0002511088475 	1.209038429e-06 	0.01530592415 	-1.831502692e-06 	2.91773455e-05
0.2748032671 	0.008641592489 	-0.0002489687152 	8.990546246e-07 	0.01529276849 	-1.313785119e-06 	2.915226715e-05
0.2767228117 	0.008622702217 	-0.0002466562065 	5.707244537e-07 	0.01528097894 	-8.042821512e-07 	2.912979298e-05
0.2786640575 	0.008604447283 	-0.0002441384434 	2.317916343e-07 	0.01527050738 	-3.150705289e-07 	2.910983128e-05
0.2799709177 	0.00859286431 	-0.0002424107953 	-5.325578831e-08 	0.01526455025 	-1.521624609e-06 	2.909847534e-05
0.2806184122 	0.008587016298 	-0.0002416496687 	1.110880296e-07 	0.01526138606 	-1.543544297e-07 	2.909244351e-05
0.2825825063 	0.008570382441 	-0.0002392925427 	4.517455066e-07 	0.01525349303 	-6.062397114e-07 	2.907739721e-05
0.2845635642 	0.008554676188 	-0.0002367687873 	8.019731661e-07 	0.01524725744 	-1.039821683e-06 	2.906551043e-05
0.2865617386 	0.008539896191 	-0.0002340585439 	1.161860877e-06 	0.0152427021 	-1.455912331e-06 	2.905682669e-05
0.288577185 	0.008526045906 	-0.0002311504371 	1.531477768e-06 	0.01523985328 	-1.855208059e-06 	2.905139605e-05
0.2906100617 	0.008513085263 	-0.0002279879059 	1.91096242e-06 	0.01523868247 	-2.238382725e-06 	2.904916416e-05
0.2926605296 	0.008501019007 	-0.0002246458323 	2.300529549e-06 	0.01523926189 	-2.606033786e-06 	2.90502687e-05
0.2947666598 	0.008489807107 	-0.0002210100001 	2.148650604e-06 	0.01524174112 	-2.353196645e-06 	2.905499481e-05
0.2969108531 	0.008479379058 	-0.0002169750009 	1.796834476e-06 	0.01524602422 	-1.902339138e-06 	2.906315958e-05
0.2990732172 	0.00846985895 	-0.0002126504769 	1.435156406e-06 	0.01525211256 	-1.469010332e-06 	2.907476564e-05
0.3012539222 	0.008461321092 	-0.0002080488312 	1.06349155e-06 	0.01526010383 	-1.052708493e-06 	2.908999923e-05
0.3034531416 	0.008453768223 	-0.00020313773 	6.81754907e-07 	0.01527003566 	-6.527244681e-07 	2.910893205e-05
0.3056710521 	0.008447104562 	-0.0001979045399 	2.898653451e-07 	0.01528174919 	-2.684312067e-07 	2.913126129e-05
0.3072890931 	0.008442888255 	-0.0001938747122 	-2.651138875e-08 	0.01529144331 	-1.079522777e-06 	2.914974098e-05
0.3079050505 	0.008441240513 	-0.0001924231062 	1.069105145e-07 	0.01529498324 	-1.020308139e-07 	2.915648909e-05
0.3101508644 	0.008436238556 	-0.0001869462584 	4.997879298e-07 	0.01530963751 	-4.62061018e-07 	2.918442419e-05
0.3124433238 	0.008432188887 	-0.0001811102309 	9.07585481e-07 	0.01532638208 	-8.127451626e-07 	2.921634399e-05
0.314787554 	0.008429000015 	-0.0001747525857 	1.331218474e-06 	0.01534516869 	-1.154489978e-06 	2.92521565e-05
0.3171515198 	0.00842667464 	-0.000167971389 	1.764869262e-06 	0.01536580179 	-1.482527196e-06 	2.929148891e-05
0.3195354192 	0.008425279219 	-0.0001608311456 	2.208495063e-06 	0.01538829081 	-1.797335614e-06 	2.933435924e-05
0.3219394548 	0.008424791485 	-0.0001532968524 	2.634711271e-06 	0.0154126333 	-2.077798327e-06 	2.938076278e-05
0.3243638334 	0.008425180359 	-0.0001453513858 	2.241729302e-06 	0.01543878374 	-1.713482122e-06 	2.943061281e-05
0.3268087664 	0.008426390376 	-0.0001369497274 	1.839000282e-06 	0.01546668589 	-1.362678743e-06 	2.948380205e-05
0.3292812814 	0.008428533483 	-0.0001281819312 	1.425255679e-06 	0.01549661841 	-1.023947774e-06 	2.954086175e-05
0.331828573 	0.008431606012 	-0.000118786672 	9.920638549e-07 	0.01552883012 	-6.907869552e-07 	2.960226623e-05
0.3343970604 	0.00843543825 	-0.0001087842731 	5.493133616e-07 	0.01556289465 	-3.708158729e-07 	2.966720268e-05
0.3369869718 	0.008440131513 	-9.837069671e-05 	9.70178963e-08 	0.01559873323 	-6.350949973e-08 	2.973552098e-05
0.3375406268 	0.008441319639 	-9.60869658e-05 	9.588982253e-09 	0.01560671854 	-7.066847559e-07 	2.97507432e-05
0.3395913201 	0.008445725224 	-8.788725519e-05 	3.478554333e-07 	0.01563590867 	-2.387895181e-07 	2.980638771e-05
0.3422157185 	0.00845213116 	-7.699342539e-05 	7.971948017e-07 	0.01567466555 	-5.319366828e-07 	2.988026909e-05
0.3448623645 	0.008459387886 	-6.564227166e-05 	1.2554184e-06 	0.01571523783 	-8.145504562e-07 	2.995761114e-05
0.3475593892 	0.008467610312 	-5.375195823e-05 	1.727418487e-06 	0.01575799802 	-1.089960537e-06 	3.003912394e-05
0.3503118469 	0.008476693242 	-4.112679651e-05 	2.213648611e-06 	0.01580288782 	-1.358485101e-06 	3.012469636e-05
0.3530872581 	0.008486559521 	-2.79168537e-05 	2.70795703e-06 	0.01584955657 	-1.617015607e-06 	3.021365997e-05
0.3558858906 	0.008497265143 	-1.422998986e-05 	2.597490443e-06 	0.01589797064 	-1.509930724e-06 	3.030595065e-05
0.3587080186 	0.008508750047 	1.965324722e-08 	2.154068587e-06 	0.0159480817 	-1.219587674e-06 	3.040147626e-05
0.3615539235 	0.008521029349 	1.480670437e-05 	1.702694216e-06 	0.01599994161 	-9.394187836e-07 	3.050033565e-05
0.3644469882 	0.008534251913 	3.01911917e-05 	1.239504977e-06 	0.016053958 	-6.666307998e-07 	3.060330591e-05
0.3674013141 	0.00854833949 	4.640770892e-05 	7.626889541e-07 	0.01611014881 	-3.999606577e-07 	3.071042122e-05
0.370380176 	0.00856316042 	6.330860714e-05 	2.791048611e-07 	0.01616808219 	-1.428062125e-07 	3.082085834e-05
0.372097595 	0.008572100728 	7.324687991e-05 	1.04679128e-07 	0.01620216794 	-1.221324904e-06 	3.088583525e-05
0.3733804333 	0.008578827955 	8.052362228e-05 	2.016439407e-07 	0.01622743623 	-1.100557237e-07 	3.093400364e-05
0.3764013563 	0.008595279984 	9.811698512e-05 	6.759971945e-07 	0.016288041 	-3.610385502e-07 	3.104953317e-05
0.3794479012 	0.008612586488 	0.0001162594438 	1.156033621e-06 	0.01635049735 	-6.045705474e-07 	3.116859234e-05
0.3825670015 	0.00863088022 	0.0001352258134 	1.649069886e-06 	0.01641526808 	-8.447523425e-07 	3.129206334e-05
0.3857243248 	0.008649917328 	0.000155118235 	2.148468238e-06 	0.01648193046 	-1.078843933e-06 	3.141914037e-05
0.388908125 	0.008669705609 	0.0001756304404 	2.651727123e-06 	0.01655020827 	-1.306206513e-06 	3.154929685e-05
0.3921187603 	0.008690205315 	0.0001968508636 	2.994552595e-06 	0.01662005356 	-1.44820931e-06 	3.168244138e-05
0.3953565983 	0.008711503617 	0.000218723476 	2.537023301e-06 	0.0166916505 	-1.205568818e-06 	3.181892506e-05
0.3986571242 	0.008733754022 	0.0002414673885 	2.069801551e-06 	0.01676545187 	-9.670110626e-07 	3.195961097e-05
0.4020072152 	0.008756782588 	0.000265257742 	1.596109062e-06 	0.01684121146 	-7.337846253e-07 	3.210402981e-05
0.405385442 	0.008780531144 	0.0002898161785 	1.119899694e-06 	0.01691857606 	-5.070867753e-07 	3.225150825e-05
0.4087922113 	0.008804952386 	0.0003151815199 	6.416101826e-07 	0.01699742769 	-2.864178263e-07 	3.240182137e-05
0.4122279406 	0.0088301956 	0.0003412889287 	1.616673256e-07 	0.01707806561 	-7.121990117e-08 	3.255553965e-05
0.4133956475 	0.008838927945 	0.0003503182314 	1.89892943e-07 	0.01710565788 	-8.360405791e-07 	3.260813819e-05
0.4157317818 	0.008856518271 	0.0003681499861 	3.120867217e-07 	0.01716059617 	-1.486956233e-07 	3.271286584e-05
0.4192741829 	0.008883638246 	0.0003960195346 	7.804157331e-07 	0.0172447649 	-3.678331014e-07 	3.287331484e-05
0.4228467454 	0.008911445043 	0.0004247709796 	1.248023976e-06 	0.01733040755 	-5.824561584e-07 	3.303657353e-05
0.426449931 	0.008939997858 	0.0004544255487 	1.714434016e-06 	0.01741761806 	-7.931028411e-07 	3.3202821e-05
0.4300987495 	0.008969459729 	0.0004850984255 	2.181151409e-06 	0.01750678458 	-1.001135301e-06 	3.337279716e-05
0.4338161841 	0.008999821132 	0.0005171192826 	2.650035628e-06 	0.01759801227 	-1.20802993e-06 	3.35467025e-05
0.437565381 	0.009030889717 	0.0005503337155 	3.114881127e-06 	0.01769080708 	-1.411910014e-06 	3.372359519e-05
0.4413468516 	0.009062625529 	0.0005846156066 	2.750056686e-06 	0.01778495752 	-1.240905196e-06 	3.39030721e-05
0.4451628312 	0.009095248037 	0.0006199795237 	2.316520091e-06 	0.0178808935 	-1.0417962e-06 	3.408595275e-05
0.4490590092 	0.009128870245 	0.0006568763585 	1.880123093e-06 	0.01797896068 	-8.435985067e-07 	3.427289605e-05
0.452988707 	0.009163206531 	0.0006952795247 	1.448325166e-06 	0.01807855305 	-6.492834392e-07 	3.446274679e-05
0.4569524913 	0.009198204982 	0.0007349214491 	1.021651989e-06 	0.01817937895 	-4.581594866e-07 	3.465494898e-05
0.4609521059 	0.009234114088 	0.0007758582055 	6.004193636e-07 	0.01828189175 	-2.697072577e-07 	3.485036687e-05
0.4650310796 	0.009271048184 	0.0008185638696 	1.805925981e-07 	0.01838639508 	-8.135586602e-08 	3.504957926e-05
0.4668357211 	0.009287567465 	0.0008380708757 	5.31707821e-07 	0.01843283937 	-1.005818129e-06 	3.513811499e-05
0.4691427018 	0.009308800161 	0.0008628175598 	2.211358641e-07 	0.01849205003 	-1.083854804e-07 	3.525098695e-05
0.4732883754 	0.009347363022 	0.0009083422778 	6.068356892e-07 	0.01859874158 	-2.988183698e-07 	3.545437071e-05
0.4774803843 	0.009386909615 	0.0009555371769 	9.846705695e-07 	0.01870705612 	-4.877834757e-07 	3.566084833e-05
0.4817421683 	0.009427447745 	0.00100480755 	1.355519624e-06 	0.01881702676 	-6.764117752e-07 	3.587048293e-05
0.4860417401 	0.009468727511 	0.001056086781 	1.714792969e-06 	0.01892808601 	-8.632249502e-07 	3.608219273e-05
0.4903797886 	0.009510874506 	0.001109110704 	2.061881761e-06 	0.01904029557 	-1.048456876e-06 	3.629609534e-05
0.4947803999 	0.009554114242 	0.001164301869 	2.398122185e-06 	0.01915399094 	-1.233508404e-06 	3.65128303e-05
0.4992354499 	0.009598269397 	0.00122192364 	2.720899266e-06 	0.01926878845 	-1.417837086e-06 	3.673166628e-05
0.5037306601 	0.00964325862 	0.0012817048 	2.8702835e-06 	0.01938437033 	-1.517365614e-06 	3.695199745e-05
0.5082724463 	0.009689315971 	0.001343741205 	2.535360051e-06 	0.01950098801 	-1.361690419e-06 	3.717430316e-05
0.5128848545 	0.009736519821 	0.001408513368 	2.209317687e-06 	0.0196186505 	-1.207276953e-06 	3.739860058e-05
0.5175392283 	0.009784630397 	0.001475986255 	1.895449122e-06 	0.01973676429 	-1.055601001e-06 	3.762375828e-05
0.5222363808 	0.009833806719 	0.001545920961 	1.59381644e-06 	0.01985541198 	-9.061574487e-07 	3.784993375e-05
0.5270041097 	0.009884294384 	0.0016188575 	1.303590394e-06 	0.01997476435 	-7.579628964e-07 	3.807745255e-05
0.5318200389 	0.009935836136 	0.00169494965 	1.028445149e-06 	0.02009418842 	-6.125707105e-07 	3.830510802e-05
0.536680741 	0.009988514237 	0.00177382998 	7.69001299e-07 	0.02021364083 	-4.69885645e-07 	3.853281752e-05
0.5416066469 	0.01004261984 	0.001855924958 	5.243729309e-07 	0.02033325137 	-3.292462665e-07 	3.876082844e-05
0.5465869844 	0.01009797402 	0.001941469424 	2.967135878e-07 	0.02045244681 	-1.917903753e-07 	3.898804808e-05
0.5516142321 	0.01015462895 	0.002030123068 	8.686511788e-08 	0.02057110665 	-5.789944337e-08 	3.921424672e-05
0.5538787761 	0.01018053282 	0.002071112906 	1.338551099e-06 	0.02062367288 	-1.33396622e-06 	3.931445257e-05
0.5567044034 	0.01021292089 	0.00212214863 	1.021318073e-07 	0.02068921002 	-7.313222261e-08 	3.943938456e-05
0.5618504434 	0.01027270143 	0.002217801945 	2.7020114e-07 	0.02080621478 	-1.997508341e-07 	3.966242815e-05
0.5670458373 	0.01033398706 	0.00231680182 	4.198461198e-07 	0.02092203782 	-3.209960344e-07 	3.988321907e-05
0.5723074182 	0.01039706618 	0.00241944327 	5.515885405e-07 	0.02103662553 	-4.369705965e-07 	4.010165509e-05
0.5776256405 	0.0104618158 	0.002525815008 	6.642972821e-07 	0.02114939886 	-5.46368603e-07 	4.03166324e-05
0.5829956533 	0.01052833009 	0.002635528144 	7.581785e-07 	0.02126028377 	-6.486324777e-07 	4.052800986e-05
0.5884355186 	0.01059687634 	0.002748844899 	8.340044645e-07 	0.02136912798 	-7.436849324e-07 	4.073549717e-05
0.5939304637 	0.01066733287 	0.002865600706 	8.913857055e-07 	0.0214754276 	-8.302059317e-07 	4.093813379e-05
0.5994826701 	0.01073985879 	0.002985429956 	9.315029524e-07 	0.02157916799 	-9.08008367e-07 	4.113589182e-05
0.6051035232 	0.01081441759 	0.003108127443 	9.554329572e-07 	0.02167983195 	-9.766934231e-07 	4.13277853e-05
0.6107177553 	0.01089024049 	0.00323215587 	9.637550216e-07 	0.02177637254 	-1.034879638e-06 	4.151181849e-05
0.6162709517 	0.01096683036 	0.003356208548 	9.583899206e-07 	0.02186811012 	-1.082566906e-06 	4.168669581e-05
0.6217637219 	0.01104392947 	0.003479917776 	9.412299349e-07 	0.02195469168 	-1.119921676e-06 	4.185174433e-05
0.6271906782 	0.01112143858 	0.003602782593 	9.144307003e-07 	0.02203635385 	-1.147557058e-06 	4.200741512e-05
0.6325614689 	0.01119949237 	0.003724735031 	8.799921889e-07 	0.02211329063 	-1.166434536e-06 	4.215407801e-05
0.6378707857 	0.01127790964 	0.003845601039 	8.392012048e-07 	0.02218543235 	-1.176799835e-06 	4.229160019e-05
0.6431174905 	0.01135664266 	0.003964998608 	7.936057697e-07 	0.02225310641 	-1.179398546e-06 	4.242060575e-05
0.6483109099 	0.01143580166 	0.004083008978 	7.44462849e-07 	0.02231641637 	-1.175004486e-06 	4.254129212e-05
0.6534436975 	0.01151518321 	0.004199456985 	6.927048372e-07 	0.02237535521 	-1.163987237e-06 	4.265364594e-05
0.6585173111 	0.01159477782 	0.004314105619 	6.394573598e-07 	0.02243024274 	-1.147188408e-06 	4.275827682e-05
0.6635382093 	0.01167464998 	0.004427071856 	5.85557446e-07 	0.02248112624 	-1.125286971e-06 	4.285527493e-05
0.6685009905 	0.01175460896 	0.004538194743 	5.316814559e-07 	0.02252807387 	-1.09875558e-06 	4.294477016e-05
0.6734071819 	0.01183466865 	0.004647337847 	4.785412316e-07 	0.02257137555 	-1.068363917e-06 	4.302731519e-05
0.6782617452 	0.01191488025 	0.004754637177 	4.266039241e-07 	0.02261104706 	-1.034640132e-06 	4.310294011e-05
0.6830606945 	0.01199507564 	0.004859989479 	3.762250991e-07 	0.02264715908 	-9.979792865e-07 	4.317177967e-05
0.6878050043 	0.01207526162 	0.004963301436 	3.277863864e-07 	0.02267997784 	-9.589915656e-07 	4.323434133e-05
0.6924993045 	0.01215551147 	0.00506472004 	2.815621544e-07 	0.02270952072 	-9.181291135e-07 	4.329065827e-05
0.6971402893 	0.01223568004 	0.005164207591 	2.377053152e-07 	0.02273581947 	-8.757038374e-07 	4.334079101e-05
0.7017288018 	0.01231573533 	0.005261657977 	1.963873429e-07 	0.02275914529 	-8.322050578e-07 	4.33852565e-05
0.7062680543 	0.01239577357 	0.005357199154 	1.57852158e-07 	0.02277955041 	-7.881214945e-07 	4.342415433e-05
0.7107566673 	0.01247569105 	0.005450865872 	1.2211251e-07 	0.02279701393 	-7.436378616e-07 	4.345744466e-05
0.715194862 	0.01255542549 	0.0055425516 	8.897723311e-08 	0.02281179603 	-6.98984581e-07 	4.348562345e-05
0.7195845239 	0.01263506436 	0.005632338885 	5.880309601e-08 	0.02282400505 	-6.54815198e-07 	4.350889724e-05
0.723926108 	0.01271454049 	0.005720311286 	3.173721814e-08 	0.02283358502 	-6.111490021e-07 	4.352715932e-05
0.7282191882 	0.01279382878 	0.005806439985 	6.543220107e-09 	0.02284068683 	-5.669769202e-07 	4.354069734e-05
0.732464596 	0.01287299461 	0.005890745788 	-1.704243461e-08 	0.02284550011 	-5.226088363e-07 	4.354987279e-05
0.7366642635 	0.01295188168 	0.005973222297 	-3.717206568e-08 	0.02284809929 	-4.797751229e-07 	4.355482754e-05
0.7408172213 	0.01303052045 	0.006053976888 	-5.46778576e-08 	0.02284839553 	-4.372578931e-07 	4.355539226e-05
0.7449241094 	0.01310953618 	0.006133340924 	-7.436279188e-08 	0.02284629623 	-3.918083577e-07 	4.355139042e-05
0.7489861562 	0.01318896692 	0.006211385554 	-9.698266014e-08 	0.02284185493 	-3.424853051e-07 	4.354292405e-05
0.7530037844 	0.01326788319 	0.006287600674 	-1.137800196e-07 	0.02283561345 	-2.982808788e-07 	4.353102608e-05
0.7569769893 	0.01334629645 	0.006361812892 	-1.191570594e-07 	0.02282808615 	-2.684257961e-07 	4.351667694e-05
0.7609063522 	0.0134263609 	0.006433191791 	-9.750968154e-08 	0.02281694728 	-2.172501231e-07 	4.349544316e-05
0.7647930889 	0.01350930831 	0.006500597217 	-3.97594761e-08 	0.02280012639 	-1.163403259e-07 	4.346337787e-05
0.7686371274 	0.0135930072 	0.006564798973 	2.885975475e-08 	0.02278055181 	-4.821421432e-09 	4.342606328e-05
0.7724388481 	0.01367579432 	0.006626501946 	9.587750174e-08 	0.02276079567 	8.54207984e-08 	4.338840258e-05
0.7761987843 	0.01375922929 	0.006684654809 	1.612935257e-07 	0.02273851544 	1.520775313e-07 	4.334593027e-05
0.7799179674 	0.01384485887 	0.00673890779 	2.172133226e-07 	0.02271179772 	1.977673206e-07 	4.329499887e-05
0.7835963191 	0.01393135151 	0.006791182166 	2.576961598e-07 	0.02268305161 	2.303279064e-07 	4.324020079e-05
0.7872343077 	0.01401707219 	0.00684249254 	2.811417541e-07 	0.02265443603 	2.555029626e-07 	4.318565154e-05
0.7908324259 	0.01410156805 	0.006892774658 	2.909572304e-07 	0.02262623856 	2.723616598e-07 	4.313189933e-05
0.7943914833 	0.01418484288 	0.006942449374 	2.826465247e-07 	0.02259850565 	2.680975339e-07 	4.307903269e-05
0.7979115777 	0.01426721652 	0.006991938057 	2.582472667e-07 	0.02257114728 	2.428876853e-07 	4.302688004e-05
0.8013931357 	0.01434878997 	0.007041603635 	2.295483427e-07 	0.02254424609 	2.126168157e-07 	4.29755989e-05
0.8048366157 	0.0144295486 	0.00709144213 	1.998727474e-07 	0.02251787212 	1.831023994e-07 	4.292532277e-05
0.8082426297 	0.01450950654 	0.007141451505 	1.700379897e-07 	0.02249211392 	1.54784035e-07 	4.28762205e-05
0.8116114793 	0.01458872429 	0.007191640053 	1.409270918e-07 	0.02246699376 	1.282247686e-07 	4.282833448e-05
0.8149435088 	0.01466728294 	0.007241982907 	1.127356552e-07 	0.02244252155 	1.031628175e-07 	4.278168365e-05
0.8182391471 	0.01474525687 	0.007292531686 	8.541804707e-08 	0.02241877493 	7.906531519e-08 	4.273641599e-05
0.8214988533 	0.01482271209 	0.00734339715 	5.887106416e-08 	0.02239583149 	5.542517644e-08 	4.269267943e-05
0.8247230973 	0.01489971266 	0.007394665993 	3.294049231e-08 	0.02237370751 	3.170454114e-08 	4.265050496e-05
0.827912141 	0.01497632726 	0.007446318678 	7.537085484e-09 	0.02235241883 	7.452441858e-09 	4.260992283e-05
0.8288611916 	0.01499928157 	0.007461977984 	3.185625185e-07 	0.02234628758 	-1.378958702e-06 	4.259823496e-05
0.8310661903 	0.01505261899 	0.00749835496 	1.773962891e-08 	0.02233203894 	1.750453064e-08 	4.25710731e-05
0.8341857644 	0.01512862061 	0.007550778797 	4.282888691e-08 	0.02231266232 	4.31954861e-08 	4.253413587e-05
0.8372713925 	0.01520434933 	0.007603640194 	6.750216957e-08 	0.0222943962 	6.981071617e-08 	4.249931556e-05
0.8403234159 	0.01527981255 	0.007656910978 	9.160463054e-08 	0.02227729609 	9.759181996e-08 	4.246671801e-05
0.8433421648 	0.0153549963 	0.007710485311 	1.147880663e-07 	0.02226147119 	1.26846389e-07 	4.243655134e-05
0.8463280141 	0.01542984 	0.007764278365 	1.364432076e-07 	0.02224711482 	1.581326295e-07 	4.24091841e-05
0.849281333 	0.01550423244 	0.007818160812 	1.556023194e-07 	0.02223436725 	1.920011926e-07 	4.23848837e-05
0.8522025182 	0.01557814334 	0.007872104262 	1.714083937e-07 	0.02222332508 	2.287689779e-07 	4.236383426e-05
0.8550918897 	0.01565173945 	0.007926012176 	1.833441481e-07 	0.02221391311 	2.681030551e-07 	4.234589242e-05
0.8579497779 	0.0157251356 	0.007979446222 	1.897553389e-07 	0.02220606726 	3.09044895e-07 	4.233093606e-05
0.860776533 	0.0157982458 	0.008032088837 	1.896300963e-07 	0.02219997867 	3.516274149e-07 	4.231932951e-05
0.8635725003 	0.01587163908 	0.008082888944 	1.757570477e-07 	0.02219480766 	3.883295902e-07 	4.230947212e-05
0.8663380328 	0.0159461484 	0.008130971136 	1.39488164e-07 	0.022189452 	4.075679074e-07 	4.229926276e-05
0.8690734556 	0.01602163524 	0.008177479456 	9.034829335e-08 	0.02218465823 	4.111517985e-07 	4.229012449e-05
0.8717790778 	0.01609817247 	0.008223021591 	4.081486162e-08 	0.02218054666 	4.043396814e-07 	4.228228669e-05
0.8744552277 	0.01617688534 	0.0082657729 	-5.492383082e-09 	0.02217514597 	3.865134301e-07 	4.227199147e-05
0.8771022294 	0.01625766738 	0.008306460498 	-4.954125239e-08 	0.02216882123 	3.581569713e-07 	4.225993478e-05
0.879720403 	0.01633976426 	0.008346833925 	-8.226897929e-08 	0.02216300956 	3.33888076e-07 	4.224885612e-05
0.8823100742 	0.01642313359 	0.008386502361 	-8.903200381e-08 	0.022157329 	3.315858533e-07 	4.223802738e-05
0.8848715319 	0.01650749344 	0.008425731373 	-8.335146526e-08 	0.02215196179 	3.44515191e-07 	4.222779599e-05
0.8874050831 	0.01659262012 	0.008464800275 	-7.945531304e-08 	0.02214733534 	3.6264695e-07 	4.221897669e-05
0.889911033 	0.01667848548 	0.008503725849 	-7.645313606e-08 	0.02214333865 	3.853732205e-07 	4.22113579e-05
0.8923896828 	0.01676517354 	0.008542544062 	-7.310741065e-08 	0.02213982511 	4.089953891e-07 	4.22046601e-05
0.8948413303 	0.01685280599 	0.008581285789 	-6.886511782e-08 	0.02213667108 	4.309488584e-07 	4.219864765e-05
0.8972662729 	0.01694136246 	0.008619939589 	-6.406973148e-08 	0.02213384062 	4.52090452e-07 	4.2193252e-05
0.8996647878 	0.01703053956 	0.008658403194 	-5.944684852e-08 	0.02213157973 	4.743574874e-07 	4.218894213e-05
0.902037163 	0.01711976413 	0.008696497187 	-5.588809523e-08 	0.02213039262 	5.003376478e-07 	4.218667917e-05
0.9043836826 	0.01720837576 	0.008734032729 	-5.392759364e-08 	0.02213081537 	5.314425621e-07 	4.218748504e-05
0.9067046279 	0.01729595558 	0.008770909374 	-5.326383015e-08 	0.02213307493 	5.662047285e-07 	4.219179238e-05
0.9090002764 	0.01738268678 	0.008807205316 	-5.25777923e-08 	0.02213675678 	5.995780439e-07 	4.219881102e-05
0.9112709039 	0.01746952193 	0.008843204238 	-4.990447566e-08 	0.02214066412 	6.241659427e-07 	4.220625949e-05
0.9135167756 	0.01755793956 	0.008879302882 	-4.362386178e-08 	0.02214310859 	6.337048446e-07 	4.221091934e-05
0.9157381588 	0.0176492628 	0.008915806882 	-3.370695316e-08 	0.02214264597 	6.27541983e-07 	4.221003746e-05
0.9179353193 	0.01774374492 	0.008952698091 	-2.247456571e-08 	0.02213895506 	6.13591296e-07 	4.220300154e-05
0.9201085197 	0.01783986929 	0.008989495585 	-1.412556333e-08 	0.02213344195 	6.06998869e-07 	4.219249202e-05
0.9222580196 	0.01793440266 	0.009025329665 	-1.290826902e-08 	0.02212909024 	6.235565377e-07 	4.218419646e-05
0.9243840758 	0.01802346116 	0.00905925308 	-2.069128859e-08 	0.02212932589 	6.699960477e-07 	4.218464567e-05
0.9264869418 	0.0181043538 	0.009090685609 	-3.513992387e-08 	0.02213618722 	7.359245412e-07 	4.219772528e-05
0.9285668654 	0.01817746578 	0.009119803978 	-4.958271747e-08 	0.02214859104 	7.929613218e-07 	4.222137041e-05
0.930624095 	0.01824713348 	0.009147665075 	-5.535737736e-08 	0.0221617017 	8.050508812e-07 	4.224636296e-05
0.9326588765 	0.01832051315 	0.009175872921 	-4.671804674e-08 	0.02216824857 	7.490827617e-07 	4.225884312e-05
0.9346714528 	0.01840422416 	0.009205767342 	-2.571842394e-08 	0.02216185681 	6.237035044e-07 	4.224665864e-05
0.9366620643 	0.01850005493 	0.00923748704 	-5.856935452e-09 	0.02214101837 	4.887607392e-07 	4.220693479e-05
0.9386309488 	0.01860230387 	0.009269547555 	-2.611290514e-09 	0.02211126215 	4.240703192e-07 	4.215021116e-05
0.9405783414 	0.01869897806 	0.009299338677 	-2.325731392e-08 	0.02208362758 	4.659022901e-07 	4.209753199e-05
0.9425044729 	0.01877690596 	0.00932437464 	-6.146144922e-08 	0.02206881274 	5.765103693e-07 	4.20692908e-05
0.9444095732 	0.0188288154 	0.009343406292 	-1.049123186e-07 	0.02207243891 	7.202240037e-07 	4.207620328e-05
0.94629387 	0.01885780662 	0.009356260108 	-1.292161534e-07 	0.02208940445 	7.889973305e-07 	4.210854431e-05
0.947521422 	0.01888018362 	0.009355270722 	-3.730760891e-07 	0.02210012839 	5.971269722e-07 	4.212898713e-05
0.9487264187 	0.01891314018 	0.009331458713 	-5.409170242e-07 	0.02208988089 	3.862450526e-07 	4.210945254e-05
0.9499092729 	0.0189551972 	0.00930483041 	-3.956745056e-07 	0.02206853085 	3.688961118e-07 	4.206875343e-05
0.9510703901 	0.01899830616 	0.009290716808 	-3.094384092e-07 	0.02204711857 	3.508305554e-07 	4.202793568e-05
0.9522101683 	0.01904098222 	0.009280588131 	-2.915784034e-07 	0.0220231628 	3.04453893e-07 	4.198226931e-05
0.9533289981 	0.01908308551 	0.009271307974 	-2.887942819e-07 	0.02199649201 	2.792919866e-07 	4.193142739e-05
0.9544272634 	0.01912448164 	0.009261970762 	-2.925559281e-07 	0.0219687935 	2.578492724e-07 	4.187862632e-05
0.9555053405 	0.01916507232 	0.009252228025 	-2.966361385e-07 	0.02194000832 	2.347851782e-07 	4.182375378e-05
0.9565635991 	0.01920477987 	0.009242042162 	-2.993656805e-07 	0.02191011243 	2.124316401e-07 	4.176676389e-05
0.9576024024 	0.01924353081 	0.009231404109 	-3.005437149e-07 	0.0218791662 	1.910185679e-07 	4.170777178e-05
0.9586221067 	0.0192812563 	0.009220304342 	-3.000901973e-07 	0.02184723113 	1.707554151e-07 	4.164689465e-05
0.9596230621 	0.01931789179 	0.009208740433 	-2.980305073e-07 	0.02181437266 	1.517478039e-07 	4.158425727e-05
0.9606056123 	0.01935337736 	0.009196721826 	-2.944386321e-07 	0.0217806546 	1.340583611e-07 	4.151998128e-05
0.9615700946 	0.01938765855 	0.009184272088 	-2.894283993e-07 	0.0217461389 	1.17693848e-07 	4.145418476e-05
0.9625168402 	0.01942068549 	0.009171428483 	-2.831569235e-07 	0.02171088448 	1.025872053e-07 	4.138698005e-05
0.9634461743 	0.01945241216 	0.009158240016 	-2.757667699e-07 	0.02167494606 	8.877562477e-08 	4.131847144e-05
0.9643584161 	0.01948280035 	0.009144766359 	-2.674049052e-07 	0.02163837828 	7.628477602e-08 	4.124876308e-05
0.9652538791 	0.01951181975 	0.00913107562 	-2.582191695e-07 	0.02160123529 	6.506777161e-08 	4.117795822e-05
0.966132871 	0.01953944593 	0.009117242087 	-2.483268417e-07 	0.02156356826 	5.510450339e-08 	4.110615439e-05
0.9669956939 	0.01956566151 	0.009103345186 	-2.37832483e-07 	0.02152542666 	4.637230877e-08 	4.10334459e-05
0.9678426443 	0.01959045609 	0.009089467752 	-2.268254501e-07 	0.02148685797 	3.884795696e-08 	4.095992326e-05
0.9686740136 	0.01961382616 	0.009075694459 	-2.153810079e-07 	0.02144790821 	3.25094616e-08 	4.088567419e-05
0.9694900875 	0.01963577482 	0.009062112009 	-2.03561536e-07 	0.02140862221 	2.733552057e-08 	4.081078416e-05
0.9702911465 	0.01965631142 	0.00904880638 	-1.914182967e-07 	0.02136904246 	2.33055573e-08 	4.073533414e-05
0.9710774664 	0.01967545114 	0.00903586131 	-1.78993593e-07 	0.02132920996 	2.039996258e-08 	4.065940234e-05
0.9718493174 	0.01969321439 	0.009023359491 	-1.663216343e-07 	0.0212891648 	1.860021465e-08 	4.058306512e-05
0.9726069652 	0.01970962618 	0.00901138108 	-1.534297642e-07 	0.02124894508 	1.788770112e-08 	4.050639517e-05
0.9733506705 	0.01972471539 	0.009000002941 	-1.403393333e-07 	0.02120858691 	1.82441949e-08 	4.042946128e-05
0.9740806893 	0.01973851395 	0.008989298251 	-1.270631586e-07 	0.02116812435 	1.965459386e-08 	4.035232838e-05
0.9747972728 	0.01975105536 	0.008979335976 	-1.136231847e-07 	0.02112758847 	2.207582406e-08 	4.027505573e-05
0.9755006677 	0.01976237277 	0.008970179435 	-1.000409954e-07 	0.02108700584 	2.55058327e-08 	4.019769397e-05
0.9761911162 	0.01977250272 	0.008961886825 	-8.631722546e-08 	0.02104640319 	3.000455299e-08 	4.012029403e-05
0.9768688561 	0.01978148224 	0.008954510655 	-7.247084051e-08 	0.02100580487 	3.552010716e-08 	4.004290235e-05
0.9775341206 	0.01978934186 	0.008948096176 	-5.851259656e-08 	0.02096522588 	4.199095665e-08 	3.996554751e-05
0.9781871391 	0.0197961079 	0.008942682188 	-4.44402007e-08 	0.02092467484 	4.941924875e-08 	3.988824596e-05
0.9788281363 	0.01980180199 	0.008938300177 	-3.026573685e-08 	0.02088415414 	5.778580448e-08 	3.981100225e-05
0.9794573332 	0.0198064382 	0.008934973118 	-1.600052919e-08 	0.02084365726 	6.707109614e-08 	3.973380394e-05
0.9800749465 	0.01981002088 	0.008932714803 	-1.656709966e-09 	0.02080316717 	7.72546204e-08 	3.965661858e-05
0.980681189 	0.01981254245 	0.008931528919 	1.275252986e-08 	0.02076265436 	8.831336932e-08 	3.957938989e-05
0.9812762697 	0.01981398066 	0.008931407973 	2.721253395e-08 	0.02072207445 	1.002220655e-07 	3.950203331e-05
0.9818603936 	0.01981429571 	0.008932332033 	4.170662917e-08 	0.02068136556 	1.129526934e-07 	3.942443085e-05
0.9824337622 	0.01981342674 	0.008934267252 	5.621563327e-08 	0.02064044514 	1.26474016e-07 	3.934642515e-05
0.9829965731 	0.019811288 	0.008937164137 	7.071737021e-08 	0.02059920629 	1.407510418e-07 	3.926781243e-05
0.9835490203 	0.01980776432 	0.008940955481 	8.51861777e-08 	0.0205575135 	1.557444325e-07 	3.918833439e-05
0.9840912943 	0.01980270585 	0.008945554076 	9.95924156e-08 	0.02051519772 	1.714098442e-07 	3.910766875e-05
0.9846235821 	0.01979592205 	0.008950849872 	1.139019062e-07 	0.02047205028 	1.876971223e-07 	3.902541774e-05
0.9851460674 	0.01978717453 	0.008956706373 	1.280753375e-07 	0.02042781598 	2.045494871e-07 	3.894109487e-05
0.9856589302 	0.0197761687 	0.008962956782 	1.420676889e-07 	0.02038218503 	2.219026839e-07 	3.885410961e-05
0.9861623475 	0.01976254394 	0.00896939931 	1.558275188e-07 	0.02033478327 	2.396838921e-07 	3.876374868e-05
0.986656493 	0.01974586189 	0.008975791296 	1.692961558e-07 	0.02028516049 	2.578105676e-07 	3.866915387e-05
0.9871415372 	0.01972559252 	0.008981842274 	1.824067756e-07 	0.0202327767 	2.76189174e-07 	3.85692958e-05
0.9876176474 	0.0197010975 	0.008987205571 	1.950832878e-07 	0.02017698562 	2.947137869e-07 	3.846294249e-05
0.9880849879 	0.01967161023 	0.008991468805 	2.072389238e-07 	0.02011701548 	3.132646143e-07 	3.834862274e-05
0.98854372 	0.01963621172 	0.008994141726 	2.187742301e-07 	0.02005193918 	3.317063646e-07 	3.822456923e-05
0.9889940021 	0.01959380138 	0.008994640931 	2.295741926e-07 	0.01998065408 	3.498875666e-07 	3.808868e-05
0.9894359896 	0.01954306148 	0.00899228587 	2.395055518e-07 	0.01990185518 	3.676416595e-07 	3.79384674e-05
0.989869835 	0.0194824143 	0.008986112412 	2.484127616e-07 	0.01981362675 	3.847726612e-07 	3.777027949e-05
0.9902956881 	0.01940997321 	0.008974828711 	2.561345829e-07 	0.01971511599 	4.011082645e-07 	3.758249061e-05
0.9907136959 	0.01932348405 	0.008957145015 	2.626269502e-07 	0.01960387787 	4.164629117e-07 	3.737043984e-05
0.9911240028 	0.01922987846 	0.008928320133 	2.671251648e-07 	0.01948652787 	4.283694014e-07 	3.714673812e-05
0.9913880804 	0.01914194188 	0.008898430863 	2.703342859e-07 	0.01937935987 	4.369324652e-07 	3.694244613e-05
0.9916521624 	0.01905351383 	0.008872845667 	2.745569854e-07 	0.01927589482 	4.469700573e-07 	3.674521299e-05
0.9919162487 	0.01895296371 	0.008843433276 	2.706468975e-07 	0.01916136985 	4.560616634e-07 	3.652689657e-05
0.9921803393 	0.01883844777 	0.008800797806 	2.392344117e-07 	0.0190317727 	4.560326215e-07 	3.627984837e-05
0.9924444343 	0.01870746464 	0.008739331499 	2.153351359e-07 	0.01888410638 	4.562452936e-07 	3.599835534e-05
0.9927085336 	0.01855672013 	0.008665731128 	2.156779355e-07 	0.01871743165 	4.604458221e-07 	3.568062697e-05
0.9929726373 	0.01838245883 	0.008581276681 	2.148789798e-07 	0.01852836853 	4.594982327e-07 	3.532022012e-05
0.9932367454 	0.01818035009 	0.008483975889 	2.128123386e-07 	0.01831168965 	4.541462039e-07 	3.490716994e-05
0.9935008577 	0.01794525877 	0.008371453483 	2.093222928e-07 	0.01806238221 	4.467615452e-07 	3.443192066e-05
0.9937649745 	0.01767106051 	0.008240880504 	2.042584955e-07 	0.01777448768 	4.360061145e-07 	3.388311369e-05
0.9940290955 	0.01735044023 	0.008088888258 	1.974548835e-07 	0.0174407238 	4.214300358e-07 	3.324686696e-05
0.9942932209 	0.01697465475 	0.007911408386 	1.885317361e-07 	0.01705237951 	4.026086314e-07 	3.250657481e-05
0.9945573507 	0.01653326704 	0.007703399055 	1.773910085e-07 	0.01659906964 	3.791008344e-07 	3.16424402e-05
0.9948214848 	0.01601389713 	0.007459167153 	1.63993363e-07 	0.01606851235 	3.504833053e-07 	3.063105056e-05
0.9950856233 	0.01540204444 	0.007172183039 	1.480435428e-07 	0.0154462945 	3.164030083e-07 	2.94449304e-05
0.9953497661 	0.01468105935 	0.006834685625 	1.294687343e-07 	0.01471516541 	2.766036803e-07 	2.805119515e-05
0.9956139132 	0.01383248648 	0.006438090934 	1.083509348e-07 	0.01385648769 	2.314239365e-07 	2.641431675e-05
0.9958780647 	0.01283713655 	0.005973480139 	8.502966332e-08 	0.01285449889 	1.817706036e-07 	2.450424761e-05
0.9961422205 	0.01167642323 	0.005415227593 	5.721537872e-08 	0.01169047414 	1.285910503e-07 	2.228529291e-05
0.9964063807 	0.01033409921 	0.004714827462 	2.461352997e-08 	0.01034272208 	7.42040254e-08 	1.97161029e-05
0.9966705452 	0.008805906972 	0.003880467677 	-6.351762997e-09 	0.008808510821 	2.332899499e-08 	1.679146982e-05
0.9969347141 	0.00711891136 	0.002969317368 	-2.871680211e-08 	0.007117988182 	-1.748904483e-08 	1.356886382e-05
0.9971988873 	0.005351235674 	0.002046985258 	-3.781471831e-08 	0.005347922027 	-4.129872311e-08 	1.019462576e-05
0.9974630649 	0.003642359162 	0.001217648737 	-3.288095887e-08 	0.003638153865 	-4.477863791e-08 	6.93533244e-06
0.9977272468 	0.002171269721 	0.0005907887794 	-1.979250813e-08 	0.002168052808 	-3.25780129e-08 	4.132911232e-06
0.9979914331 	0.001086304578 	0.0002176791283 	-7.78903537e-09 	0.00108456408 	-1.586283987e-08 	2.067480575e-06
0.9982556237 	0.0004281541607 	5.52520773e-05 	-1.748695845e-09 	0.0004274306077 	-4.295172512e-09 	8.148015364e-07
0.9985198186 	0.0001183599814 	8.218276286e-06 	-1.525309258e-10 	0.000118146527 	1.681356882e-12 	2.252201177e-07
0.9987840179 	1.800309811e-05 	5.02678669e-07 	5.18102544e-12 	1.796931188e-05 	3.442552725e-10 	3.425450275e-08
0.9990482216 	1.283778252e-06 	7.670457588e-09 	5.693934233e-13 	1.281336799e-06 	7.774556194e-11 	2.442584067e-09
