0.2644156299 	1.680128122e-07 	-1.361581865e-11 	1.49656542e-13 	1.677164644e-07 	-2.166236011e-10 	3.197141954e-10
0.2646754896 	2.891937243e-06 	-2.400216025e-09 	1.391439376e-11 	2.89051202e-06 	-3.241883103e-09 	5.510119286e-09
0.2649353589 	1.836927329e-05 	-5.863617111e-08 	2.523948956e-10 	1.843368683e-05 	-1.968547109e-08 	3.513973047e-08
0.2651952363 	6.564452459e-05 	-5.460497819e-07 	1.946213796e-09 	6.644226818e-05 	-6.875307942e-08 	1.266574298e-07
0.2654551202 	0.0001684872115 	-2.973259796e-06 	9.20974461e-09 	0.0001731761143 	-1.753724579e-07 	3.301218057e-07
0.2657150089 	0.0003509861973 	-1.144145804e-05 	3.156363737e-08 	0.0003695360825 	-3.677906513e-07 	7.044384806e-07
0.2659749007 	0.0006334771621 	-3.433811857e-05 	8.526878249e-08 	0.0006897360505 	-6.734090424e-07 	1.314828614e-06
0.2662347939 	0.001027845332 	-8.490380232e-05 	1.899768941e-07 	0.00116731921 	-1.108073831e-06 	2.225234853e-06
0.2664946871 	0.001533390027 	-0.0001787084357 	3.585887627e-07 	0.001826457243 	-1.660003252e-06 	3.481735143e-06
0.2667545784 	0.002135768253 	-0.000327657392 	5.858455376e-07 	0.002670659237 	-2.280990116e-06 	5.091018777e-06
0.2670144664 	0.002810489416 	-0.0005339998723 	8.474569029e-07 	0.003676341763 	-2.899582011e-06 	7.008129187e-06
0.2672743493 	0.003529385217 	-0.0007892856241 	1.112774846e-06 	0.004797887586 	-3.451277118e-06 	9.146107244e-06
0.2675342255 	0.004266666998 	-0.001078912903 	1.358770935e-06 	0.005981912036 	-3.90150061e-06 	1.140318693e-05
0.2677940935 	0.005002361489 	-0.001388050214 	1.574496045e-06 	0.007181390978 	-4.246588757e-06 	1.368972717e-05
0.2680539515 	0.005723025621 	-0.001705217337 	1.757816411e-06 	0.008362800479 	-4.500515812e-06 	1.594182203e-05
0.268313798 	0.00642083439 	-0.002023022743 	1.910668175e-06 	0.009506251487 	-4.68169407e-06 	1.812155746e-05
0.2685736313 	0.007092062325 	-0.002337424863 	2.036300534e-06 	0.01060228566 	-4.80641242e-06 	2.021090322e-05
0.2688334499 	0.007735640536 	-0.002646635114 	2.137950589e-06 	0.01164824032 	-4.886998003e-06 	2.220478351e-05
0.2690932521 	0.008352095629 	-0.002950143676 	2.218246636e-06 	0.012645335 	-4.931979461e-06 	2.410552311e-05
0.2693530363 	0.008942818985 	-0.00324808257 	2.279276126e-06 	0.01359673835 	-4.947138478e-06 	2.591916231e-05
0.2696128008 	0.009509611844 	-0.00354084448 	2.322830542e-06 	0.01450639044 	-4.936551828e-06 	2.765321202e-05
0.2698725442 	0.01005440284 	-0.003828894553 	2.350534794e-06 	0.01537835096 	-4.903237027e-06 	2.931541112e-05
0.2701322648 	0.01057908403 	-0.00411268583 	2.363809332e-06 	0.01621646571 	-4.849470316e-06 	3.091309078e-05
0.270391961 	0.01108542292 	-0.004392627524 	2.363929397e-06 	0.01702421467 	-4.777097354e-06 	3.24528848e-05
0.2706516312 	0.01157501996 	-0.004669079164 	2.35205118e-06 	0.01780466459 	-4.687719096e-06 	3.394063925e-05
0.2709112737 	0.01204929537 	-0.004942352181 	2.329230497e-06 	0.0185604744 	-4.58278783e-06 	3.538142283e-05
0.2711708871 	0.01250949677 	-0.005212708097 	2.296435801e-06 	0.01929392152 	-4.463670375e-06 	3.677957689e-05
0.2714304698 	0.01295671083 	-0.005480348972 	2.254573071e-06 	0.02000700653 	-4.331690806e-06 	3.81389151e-05
0.27169002 	0.0133918471 	-0.005745503992 	2.204507048e-06 	0.02070126617 	-4.188065155e-06 	3.946236694e-05
0.2719495364 	0.01381576299 	-0.0060082425 	2.146988102e-06 	0.02137803232 	-4.034069828e-06 	4.075247132e-05
0.2722090172 	0.01428448161 	-0.006305302816 	2.085865441e-06 	0.02212921443 	-3.871119021e-06 	4.218443319e-05
0.2726121164 	0.01485395115 	-0.006673076165 	1.971269271e-06 	0.0230421379 	-3.603153777e-06 	4.392471906e-05
0.2730226937 	0.01546647362 	-0.007075944388 	1.84524225e-06 	0.02402272576 	-3.315324685e-06 	4.579399206e-05
0.2734408794 	0.01606833977 	-0.007481799976 	1.706527779e-06 	0.02498891768 	-3.011579312e-06 	4.763582241e-05
0.2738668057 	0.01665966097 	-0.00789057077 	1.556969244e-06 	0.02594142675 	-2.695969975e-06 	4.945156944e-05
0.2743006065 	0.01724024113 	-0.008302366512 	1.398692202e-06 	0.02688056973 	-2.372686524e-06 	5.124183697e-05
0.2747424172 	0.01780960198 	-0.008717334588 	1.233960138e-06 	0.02780687341 	-2.046312604e-06 	5.300762924e-05
0.2751923751 	0.0183668177 	-0.009135951117 	1.065053481e-06 	0.02872070714 	-1.721464452e-06 	5.474965032e-05
0.2756506189 	0.01891075738 	-0.009558791922 	8.932680345e-07 	0.0296213542 	-1.399982662e-06 	5.646653394e-05
0.2761172892 	0.01944137056 	-0.009984347316 	7.156312209e-07 	0.03050854679 	-1.089739615e-06 	5.815776959e-05
0.2765925279 	0.01996120212 	-0.01040617538 	5.302083468e-07 	0.03138323578 	-7.954353295e-07 	5.982516991e-05
0.2770764787 	0.0204847495 	-0.0107983717 	3.260940063e-07 	0.03222695603 	-5.02600727e-07 	6.143353521e-05
0.2775692866 	0.02102956274 	-0.01113289718 	1.447970898e-07 	0.0330160031 	-2.415092071e-07 	6.293767823e-05
0.2780710981 	0.0215843846 	-0.0114316801 	2.515009173e-08 	0.03377051285 	-4.573202583e-08 	6.437598352e-05
0.2782174433 	0.02174122434 	-0.01151539537 	-3.367244981e-06 	0.03398302325 	8.456663135e-06 	6.478108741e-05
0.2785812028 	0.02213150959 	-0.01172354866 	4.330149301e-08 	0.03451148062 	-6.822158377e-08 	6.578847403e-05
0.2791002472 	0.02266882558 	-0.01201010897 	9.316792924e-08 	0.03523165417 	-1.235100625e-07 	6.716132499e-05
0.2796287271 	0.02319497304 	-0.01229123927 	1.281995675e-07 	0.03592798656 	-1.300557148e-07 	6.848872804e-05
0.2801667944 	0.02370913299 	-0.01256594228 	1.471944173e-07 	0.03660106203 	-8.408703216e-08 	6.977179697e-05
0.2807146025 	0.02421108756 	-0.0128340874 	1.490454578e-07 	0.03725048189 	1.683558998e-08 	7.100977171e-05
0.2812750716 	0.02470100265 	-0.01309578878 	1.329030328e-07 	0.03787649168 	1.743316502e-07 	7.220312036e-05
0.2818477708 	0.02517795998 	-0.01335053602 	9.797373385e-08 	0.03847790736 	3.895664358e-07 	7.334958581e-05
0.2824309516 	0.02564040493 	-0.01359748995 	4.37782924e-08 	0.03905267795 	6.62529361e-07 	7.44452583e-05
0.2830248016 	0.02608749033 	-0.01383619487 	-2.988973797e-08 	0.03959980051 	9.92854479e-07 	7.548822596e-05
0.2836295115 	0.02651886989 	-0.01406645087 	-1.231182579e-07 	0.04011894128 	1.380091284e-06 	7.647785256e-05
0.2842452756 	0.02693422375 	-0.01428808086 	-2.35767584e-07 	0.04060989378 	1.823868575e-06 	7.741374448e-05
0.2848722913 	0.02733327127 	-0.01450093295 	-3.675248781e-07 	0.04107256466 	2.323893533e-06 	7.829572377e-05
0.2855107595 	0.02771582706 	-0.01470490447 	-5.180795768e-07 	0.0415068972 	2.879551462e-06 	7.91236823e-05
0.2861608845 	0.02808177941 	-0.01489993401 	-6.871306594e-07 	0.04191285146 	3.489683189e-06 	7.989754396e-05
0.2868228742 	0.02843105182 	-0.01508598319 	-8.743026685e-07 	0.04229043342 	4.152702369e-06 	8.061732013e-05
0.2874969401 	0.02876360558 	-0.01526303476 	-1.079150392e-06 	0.04263971182 	4.866723976e-06 	8.128314183e-05
0.2881832971 	0.02907943869 	-0.01543109207 	-1.3011814e-06 	0.0429608197 	5.629644119e-06 	8.189526269e-05
0.2888821641 	0.02937858197 	-0.01559017696 	-1.539879067e-06 	0.04325395026 	6.43923306e-06 	8.245405101e-05
0.2895937637 	0.02966109573 	-0.01574032775 	-1.794725162e-06 	0.04351935071 	7.293246447e-06 	8.295997803e-05
0.2903183221 	0.02992706823 	-0.01588159762 	-2.0651899e-06 	0.043757316 	8.189450081e-06 	8.341360602e-05
0.2910560697 	0.03017661406 	-0.01601405334 	-2.350675269e-06 	0.0439681815 	9.125506809e-06 	8.381557426e-05
0.2918072407 	0.0304098719 	-0.01613777512 	-2.650440502e-06 	0.04415231531 	1.00987919e-05 	8.416658448e-05
0.2925720732 	0.03062700873 	-0.01625285958 	-2.963540073e-06 	0.04431011781 	1.110629336e-05 	8.44673999e-05
0.2933508096 	0.03082822963 	-0.01635942261 	-3.288814647e-06 	0.04444203625 	1.214452809e-05 	8.471887311e-05
0.2941436964 	0.03101378721 	-0.01645760535 	-3.624811895e-06 	0.04454857937 	1.320915217e-05 	8.492197392e-05
0.2949509843 	0.03118390418 	-0.01654753446 	-3.970476066e-06 	0.04463019322 	1.42968724e-05 	8.507755259e-05
0.2957729283 	0.03133891823 	-0.01662939197 	-4.324691252e-06 	0.04468745543 	1.540403344e-05 	8.518671029e-05
0.2966097878 	0.03147935122 	-0.01670345268 	-4.686115214e-06 	0.04472113199 	1.652612618e-05 	8.525090717e-05
0.2974635723 	0.03160582841 	-0.01677003724 	-5.054582775e-06 	0.04473190626 	1.766210107e-05 	8.527144592e-05
0.2983377009 	0.03171887294 	-0.01682939075 	-5.430297949e-06 	0.04472024177 	1.881204578e-05 	8.524921017e-05
0.2992276355 	0.03181866685 	-0.01688159208 	-5.811011588e-06 	0.04468671179 	1.99680064e-05 	8.518529271e-05
0.300133654 	0.03190551133 	-0.01692677305 	-6.195839749e-06 	0.04463212057 	2.112744727e-05 	8.508122667e-05
0.3010560391 	0.03197997082 	-0.01696518252 	-6.583986691e-06 	0.04455723266 	2.228758478e-05 	8.493846949e-05
0.3019950783 	0.03204268046 	-0.01699710889 	-6.973733221e-06 	0.04446287907 	2.344085493e-05 	8.475860533e-05
0.302951064 	0.03209432794 	-0.01702285642 	-7.36684605e-06 	0.04434994925 	2.459042193e-05 	8.454332969e-05
0.3039242937 	0.03213536574 	-0.0170425936 	-7.766022449e-06 	0.04421884546 	2.574908956e-05 	8.429340943e-05
0.3049150699 	0.03216614401 	-0.01705641776 	-8.166242318e-06 	0.04406994204 	2.690461332e-05 	8.400955813e-05
0.3059237003 	0.03218698488 	-0.0170644864 	-8.547768936e-06 	0.04390439239 	2.796146233e-05 	8.36939745e-05
0.3069504978 	0.03219907493 	-0.01706449058 	-8.465652137e-06 	0.04372303278 	2.712952265e-05 	8.334825267e-05
0.3079957807 	0.03220326102 	-0.0170561073 	-8.470211663e-06 	0.04352657077 	2.624872739e-05 	8.297374148e-05
0.3090598729 	0.0322009789 	-0.01703669903 	-8.500919104e-06 	0.04331410156 	2.536670923e-05 	8.256871611e-05
0.3101431036 	0.03219298156 	-0.01700351867 	-8.578489345e-06 	0.04308653473 	2.451122361e-05 	8.213491047e-05
0.3112458079 	0.03217889171 	-0.01695880427 	-8.601938401e-06 	0.04284611706 	2.362824516e-05 	8.167660758e-05
0.3123683265 	0.03216045696 	-0.01690167953 	-8.466230253e-06 	0.04259021976 	2.267796435e-05 	8.118879621e-05
0.3135122755 	0.03213682649 	-0.01683557866 	-8.229079624e-06 	0.04231908199 	2.167873803e-05 	8.067193226e-05
0.3146835825 	0.03210484641 	-0.01676720426 	-7.934397441e-06 	0.04203812433 	2.063282108e-05 	8.013634886e-05
0.3158758469 	0.0320577009 	-0.01669250516 	-7.542513545e-06 	0.04171700291 	1.950799006e-05 	7.952420218e-05
0.317704102 	0.03199006364 	-0.01659364651 	-6.817509998e-06 	0.0413071597 	1.769138055e-05 	7.874292712e-05
0.3195502637 	0.03190988329 	-0.01647510526 	-6.041206383e-06 	0.0408466801 	1.584629727e-05 	7.786512502e-05
0.3214145144 	0.03182294018 	-0.01634758191 	-5.272291235e-06 	0.04037678326 	1.40326829e-05 	7.696937104e-05
0.3232970394 	0.03173065865 	-0.01621292354 	-4.536090539e-06 	0.03990078369 	1.225594884e-05 	7.606198356e-05
0.3251980266 	0.03163380048 	-0.01607384247 	-3.831261828e-06 	0.03941982761 	1.050541783e-05 	7.514514759e-05
0.3271176667 	0.03153289243 	-0.01593262393 	-3.15353869e-06 	0.03893640971 	8.783279277e-06 	7.422361872e-05
0.3290561529 	0.03142814205 	-0.01579128945 	-2.504057013e-06 	0.03845223611 	7.097946233e-06 	7.330064928e-05
0.3310248725 	0.03132015467 	-0.01565085947 	-1.883799897e-06 	0.03796785272 	5.446380042e-06 	7.237727991e-05
0.3330140035 	0.03120982105 	-0.01551254663 	-1.300620529e-06 	0.03748489987 	3.843078178e-06 	7.145663754e-05
0.3350225342 	0.03109760838 	-0.01537778539 	-7.573164394e-07 	0.03700533681 	2.29093778e-06 	7.054245706e-05
0.3370506672 	0.03098400985 	-0.01524724103 	-2.546890576e-07 	0.03652996361 	7.899616398e-07 	6.963626361e-05
0.3381571377 	0.03092205991 	-0.0151791985 	4.147726316e-06 	0.03627556075 	-1.316153705e-05 	6.915130107e-05
0.3390971357 	0.03086958355 	-0.015121661 	-1.95143059e-07 	0.03605940703 	6.420171819e-07 	6.8739252e-05
0.3411619064 	0.03075459909 	-0.01500135559 	-5.947973686e-07 	0.03559386437 	2.007979397e-06 	6.785179828e-05
0.3432469275 	0.03063893779 	-0.01488626193 	-9.623283991e-07 	0.03513302279 	3.334307667e-06 	6.697330615e-05
0.3453545206 	0.03052253929 	-0.01477632792 	-1.300924999e-06 	0.03467637748 	4.625340921e-06 	6.610281327e-05
0.3474928304 	0.03040567473 	-0.01467097997 	-1.614739646e-06 	0.0342231236 	5.88848611e-06 	6.523878541e-05
0.3496519862 	0.03028863287 	-0.01457023922 	-1.903667997e-06 	0.03377377804 	7.117981595e-06 	6.438220788e-05
0.3518322108 	0.03017123416 	-0.01447467743 	-2.167570181e-06 	0.03332917118 	8.314742577e-06 	6.353466364e-05
0.3540337312 	0.03005311528 	-0.0143849986 	-2.402700213e-06 	0.03288961887 	9.477932239e-06 	6.269675476e-05
0.3562567775 	0.029933603 	-0.0143026136 	-2.601818802e-06 	0.03245553098 	1.060572041e-05 	6.186926259e-05
0.3585015842 	0.02981184596 	-0.01422935808 	-2.756709144e-06 	0.03202742472 	1.169702681e-05 	6.105317307e-05
0.3607694558 	0.02968690403 	-0.01416692754 	-2.863182466e-06 	0.03160519468 	1.275431164e-05 	6.024828528e-05
0.363070291 	0.02955864576 	-0.01411556231 	-2.927819596e-06 	0.03118765231 	1.379008871e-05 	5.945233346e-05
0.3653935267 	0.02942779006 	-0.01407414791 	-2.969447785e-06 	0.03077363186 	1.481708007e-05 	5.866309541e-05
0.3677394098 	0.02929530175 	-0.01403993081 	-3.024648983e-06 	0.03036177895 	1.584094243e-05 	5.787798929e-05
0.3701081911 	0.02916226206 	-0.01400868934 	-3.140964647e-06 	0.02994969738 	1.685182629e-05 	5.709244729e-05
0.3725001261 	0.02902968088 	-0.01397159995 	-3.570781307e-06 	0.02953696379 	1.786531323e-05 	5.630566237e-05
0.3749154743 	0.02889791704 	-0.01392069746 	-4.518300386e-06 	0.02912369245 	1.885520324e-05 	5.551785231e-05
0.3773607938 	0.02876909733 	-0.0138405703 	-5.408158706e-06 	0.02870827138 	1.856654843e-05 	5.47259443e-05
0.3798350537 	0.02864195962 	-0.01373335588 	-5.910897092e-06 	0.02829182736 	1.727196956e-05 	5.393208625e-05
0.382333422 	0.02851332137 	-0.01361020453 	-5.926575026e-06 	0.02787771819 	1.599737512e-05 	5.314267908e-05
0.3848561731 	0.02838244682 	-0.01347551219 	-5.542883269e-06 	0.02746564395 	1.47618666e-05 	5.235715105e-05
0.3874035867 	0.02824833829 	-0.01333809224 	-5.14591869e-06 	0.02705447879 	1.360032886e-05 	5.157335598e-05
0.3899759473 	0.02811122828 	-0.01319843114 	-4.751879636e-06 	0.02664429068 	1.247805736e-05 	5.079142342e-05
0.3925787978 	0.02797151866 	-0.01305649386 	-4.356607616e-06 	0.02623436097 	1.135208149e-05 	5.000998348e-05
0.3952126831 	0.02782957294 	-0.01291244897 	-3.961725947e-06 	0.02582512233 	1.02402489e-05 	4.922986088e-05
0.3978722652 	0.02768584946 	-0.01276666576 	-3.57005567e-06 	0.02541758675 	9.154738901e-06 	4.845298481e-05
0.400557846 	0.02754081969 	-0.01261939994 	-3.182660102e-06 	0.02501234075 	8.09680702e-06 	4.76804733e-05
0.4032697328 	0.02739490634 	-0.01247080038 	-2.800326137e-06 	0.02460958347 	7.06755353e-06 	4.691270598e-05
0.406008239 	0.02724826928 	-0.01232094033 	-2.423461102e-06 	0.02420945254 	6.067280978e-06 	4.614994521e-05
0.4087820714 	0.02710124476 	-0.01216979036 	-2.051073349e-06 	0.02381172747 	5.092878216e-06 	4.539177068e-05
0.4115848843 	0.02695436076 	-0.0120175885 	-1.684760825e-06 	0.02341684329 	4.148564229e-06 	4.463901168e-05
0.4144151314 	0.02680799549 	-0.01186467812 	-1.325211843e-06 	0.02302566778 	3.235463249e-06 	4.389332245e-05
0.4172731459 	0.02666257177 	-0.01171123293 	-9.727936186e-07 	0.02263857954 	2.354171907e-06 	4.315542467e-05
0.4201592673 	0.0265183072 	-0.01155737803 	-6.276331409e-07 	0.02225581367 	1.505250759e-06 	4.242576655e-05
0.4230787224 	0.02637552068 	-0.01140313414 	-2.893083391e-07 	0.0218773213 	6.874786351e-07 	4.170425488e-05
0.4256598016 	0.02625241396 	-0.01126808229 	1.237013741e-06 	0.02155035256 	-2.778289007e-06 	4.108096159e-05
0.4260313562 	0.02623471031 	-0.0112486153 	-4.129454781e-08 	0.02150328163 	9.575796393e-08 	4.099123131e-05
0.4290112187 	0.02609641068 	-0.0110941051 	-3.628765771e-07 	0.02113455526 	8.328690225e-07 	4.028833636e-05
0.4320204923 	0.02596083057 	-0.01093984333 	-6.76096526e-07 	0.02077141798 	1.535533864e-06 	3.959609579e-05
0.4350595456 	0.02582818807 	-0.01078594459 	-9.808955576e-07 	0.02041408962 	2.203942772e-06 	3.891492862e-05
0.4381332835 	0.02569877758 	-0.01063239464 	-1.277775596e-06 	0.02006247114 	2.839490892e-06 	3.824464606e-05
0.4412418738 	0.02557300273 	-0.01047927149 	-1.566168351e-06 	0.01971661669 	3.441145083e-06 	3.758535136e-05
0.4443811937 	0.0254511724 	-0.01032684637 	-1.845441986e-06 	0.01937709987 	4.007901354e-06 	3.693813794e-05
0.4475516365 	0.02533359724 	-0.01017528236 	-2.115720017e-06 	0.01904425042 	4.540437976e-06 	3.630363437e-05
0.4507536034 	0.02522042545 	-0.01002464196 	-2.377142251e-06 	0.01871817703 	5.039465151e-06 	3.568204786e-05
0.4539939518 	0.02511196814 	-0.009874834652 	-2.630448486e-06 	0.01839862862 	5.506791317e-06 	3.507289978e-05
0.4572683068 	0.02500857582 	-0.009725955754 	-2.874806014e-06 	0.01808571388 	5.940975069e-06 	3.447639731e-05
0.4605752163 	0.02491043645 	-0.009578222667 	-3.110240119e-06 	0.0177798767 	6.342616701e-06 	3.389338665e-05
0.463915109 	0.02481774942 	-0.009431710206 	-3.337059203e-06 	0.01748127431 	6.712813829e-06 	3.332416751e-05
0.4672907009 	0.02473072691 	-0.00928634234 	-3.55582175e-06 	0.01718973127 	7.05300783e-06 	3.276840543e-05
0.4707054135 	0.02464966106 	-0.009142022489 	-3.766693515e-06 	0.01690500892 	7.363734829e-06 	3.22256455e-05
0.47415421 	0.02457473703 	-0.00899888216 	-3.969335324e-06 	0.0166273458 	7.644830773e-06 	3.169634242e-05
0.4776375492 	0.02450610367 	-0.008857015243 	-4.164189658e-06 	0.01635694673 	7.89769923e-06 	3.118088665e-05
0.4811561589 	0.02444390588 	-0.008716350618 	-4.351744149e-06 	0.01609370638 	8.123635881e-06 	3.067907737e-05
0.4847169261 	0.02438841974 	-0.008576662864 	-4.532734278e-06 	0.01583722004 	8.324090589e-06 	3.019014313e-05
0.4883134143 	0.02433982593 	-0.008437967454 	-4.706744344e-06 	0.01558751294 	8.498673235e-06 	2.9714132e-05
0.4919461152 	0.02429817978 	-0.008300351114 	-4.874315597e-06 	0.0153447965 	8.648970827e-06 	2.9251447e-05
0.4956155304 	0.02426362954 	-0.008163689169 	-5.036019672e-06 	0.01510894044 	8.776281563e-06 	2.880183979e-05
0.4993283155 	0.02423644887 	-0.008027665192 	-5.192503137e-06 	0.01487947467 	8.881663581e-06 	2.836441427e-05
0.5030787283 	0.02421679179 	-0.00789218555 	-5.342883544e-06 	0.01465628961 	8.963956476e-06 	2.793896149e-05
0.5068671448 	0.02420468815 	-0.007757275144 	-5.486998334e-06 	0.01443953784 	9.023655733e-06 	2.752577239e-05
0.5106946664 	0.02420035353 	-0.007622688373 	-5.31449346e-06 	0.0142289927 	8.561012047e-06 	2.712441483e-05
0.5145663473 	0.02420402326 	-0.00748804992 	-5.137287877e-06 	0.01402420917 	8.099608578e-06 	2.673404051e-05
0.5184773905 	0.02421571694 	-0.007353250951 	-4.9718772e-06 	0.01382514727 	7.665798776e-06 	2.635457321e-05
0.5224283605 	0.02423542784 	-0.00721823999 	-4.816977298e-06 	0.01363193344 	7.256918001e-06 	2.598625393e-05
0.5264218091 	0.02426349535 	-0.007082515491 	-4.672388559e-06 	0.01344412241 	6.871206129e-06 	2.562823391e-05
0.53045932 	0.02430016795 	-0.006945572593 	-4.538627101e-06 	0.01326123601 	6.508233743e-06 	2.527960161e-05
0.5345382192 	0.02434547833 	-0.006807211908 	-4.415407081e-06 	0.01308326958 	6.166966263e-06 	2.494034813e-05
0.5386591113 	0.02439962617 	-0.006667064931 	-4.302271962e-06 	0.01291011799 	5.84581178e-06 	2.461027307e-05
0.5428263239 	0.02446302347 	-0.006524357307 	-4.199416046e-06 	0.01274122382 	5.543555746e-06 	2.428831384e-05
0.5470373053 	0.0245358375 	-0.00637851167 	-4.108203521e-06 	0.01257627643 	5.260633534e-06 	2.397387827e-05
0.5512918523 	0.02461813646 	-0.00622913366 	-4.028362461e-06 	0.01241533135 	4.99575419e-06 	2.366707222e-05
0.5555922218 	0.02471038168 	-0.006075258156 	-3.958425982e-06 	0.01225794801 	4.745950614e-06 	2.336705583e-05
0.5599396906 	0.02481288771 	-0.005915908726 	-3.898208637e-06 	0.01210368328 	4.509796462e-06 	2.307298438e-05
0.564332385 	0.02492572871 	-0.005750454655 	-3.848062971e-06 	0.01195261165 	4.286661495e-06 	2.278499986e-05
0.5687713493 	0.02504912101 	-0.00557787726 	-3.808486281e-06 	0.0118045961 	4.076151048e-06 	2.250284108e-05
0.5732599783 	0.02518313072 	-0.00539689808 	-3.779265021e-06 	0.01165928398 	3.875906887e-06 	2.22258358e-05
0.5777955849 	0.02532804095 	-0.005206851419 	-3.759110384e-06 	0.01151714453 	3.682806387e-06 	2.19548785e-05
0.5823788822 	0.02548403316 	-0.005007121329 	-3.746779433e-06 	0.01137883782 	3.496533259e-06 	2.169122747e-05
0.5870133849 	0.02565077882 	-0.004796800278 	-3.739855681e-06 	0.01124465092 	3.314781586e-06 	2.143542994e-05
0.5916969559 	0.02582768991 	-0.004575811587 	-3.735478924e-06 	0.01111551506 	3.134984866e-06 	2.118926111e-05
0.596430101 	0.02601420709 	-0.004344533782 	-3.73003738e-06 	0.01099276997 	2.955241117e-06 	2.095527484e-05
0.6012158168 	0.02620990713 	-0.0041031899 	-3.720197557e-06 	0.01087752572 	2.774182115e-06 	2.073558727e-05
0.6060527059 	0.02641397675 	-0.003852875214 	-3.703436173e-06 	0.01077118128 	2.591894235e-06 	2.053286522e-05
0.6109411544 	0.02662568536 	-0.003595107116 	-3.677319677e-06 	0.01067527493 	2.40879786e-06 	2.035004105e-05
0.6158839412 	0.02684454427 	-0.003331069464 	-3.641437123e-06 	0.01059089564 	2.226228948e-06 	2.018919069e-05
0.6208798165 	0.02706983327 	-0.003062559155 	-3.597625012e-06 	0.01051909747 	2.046761592e-06 	2.005232342e-05
0.6259293901 	0.027301092 	-0.002791191802 	-3.54871956e-06 	0.01046073276 	1.872629075e-06 	1.994106404e-05
0.6310352503 	0.02753815077 	-0.002517596811 	-3.499369178e-06 	0.01041603392 	1.705689823e-06 	1.985585565e-05
0.6361961061 	0.02778031115 	-0.002242463735 	-3.454357169e-06 	0.01038500493 	1.54731145e-06 	1.979670576e-05
0.6413556442 	0.02802585887 	-0.001966423564 	-3.416398839e-06 	0.01036732426 	1.397855523e-06 	1.976300149e-05
0.6464578705 	0.02827293072 	-0.001689267041 	-3.386493818e-06 	0.01036221185 	1.256556667e-06 	1.975325582e-05
0.6515023363 	0.0285208186 	-0.00140960644 	-3.36271201e-06 	0.01036900933 	1.121341906e-06 	1.97662137e-05
0.6564904702 	0.02876958136 	-0.001124739065 	-3.340392839e-06 	0.01038730507 	9.896077765e-07 	1.980109046e-05
0.6614231636 	0.02901907139 	-0.0008319674258 	-3.313866727e-06 	0.0104169553 	8.5955048e-07 	1.985761204e-05
0.6663004374 	0.0292690018 	-0.0005291393687 	-3.276337151e-06 	0.01045832509 	7.301522748e-07 	1.993647436e-05
0.6711236044 	0.02951909761 	-0.0002139076615 	-3.221631105e-06 	0.01051218065 	6.012189292e-07 	2.003913803e-05
0.67589329 	0.02976868946 	0.0001151389852 	-3.145692002e-06 	0.01057952043 	4.740612323e-07 	2.016750637e-05
0.6806097216 	0.03001691025 	0.0004581237303 	-3.045842251e-06 	0.01066161416 	3.508101849e-07 	2.032399982e-05
0.6852740248 	0.03026286878 	0.0008146288441 	-2.921492973e-06 	0.01075982043 	2.340799894e-07 	2.051120828e-05
0.6898868111 	0.0305054906 	0.001182894029 	-2.774787636e-06 	0.01087521067 	1.270732583e-07 	2.073117415e-05
0.694448359 	0.03074382996 	0.001560051159 	-2.609383091e-06 	0.01100852328 	3.282545792e-08 	2.098530503e-05
0.6989595869 	0.03097720465 	0.001943381913 	-2.42969818e-06 	0.01116016425 	-4.633098715e-08 	2.127437487e-05
0.7034212188 	0.03120509096 	0.002330007415 	-2.240153857e-06 	0.01133001164 	-1.08566335e-07 	2.15981512e-05
0.7078334987 	0.03142727646 	0.002717051088 	-2.043910816e-06 	0.01151756984 	-1.524478373e-07 	2.195568925e-05
0.7121971452 	0.03164380918 	0.003102509933 	-1.842884032e-06 	0.0117222523 	-1.770973715e-07 	2.234587091e-05
0.7165130473 	0.03185481688 	0.003484883787 	-1.638504555e-06 	0.01194329777 	-1.821110023e-07 	2.276724502e-05
0.7207813715 	0.03206052709 	0.003862850792 	-1.432346375e-06 	0.0121798066 	-1.677907466e-07 	2.321809657e-05
0.7250027336 	0.03226121847 	0.004235632063 	-1.226950894e-06 	0.01243099001 	-1.357872757e-07 	2.369692198e-05
0.7291779672 	0.03245704043 	0.004602894081 	-1.026533528e-06 	0.01269612357 	-8.962364561e-08 	2.420234024e-05
0.7333073775 	0.03264804074 	0.004964198547 	-8.062445276e-07 	0.01297430669 	-3.358736764e-08 	2.473263458e-05
0.7373914647 	0.03283424178 	0.005319094146 	-6.121928805e-07 	0.01326458555 	1.912582492e-08 	2.528598676e-05
0.7414308672 	0.0330155166 	0.005667355113 	-4.566918769e-07 	0.01356602707 	5.953902997e-08 	2.586061809e-05
0.7454261616 	0.03319167236 	0.006008530701 	-3.421785649e-07 	0.01387739453 	8.030741127e-08 	2.645417099e-05
0.7493776899 	0.03336261392 	0.006341919303 	-2.690118717e-07 	0.01419717169 	7.608627444e-08 	2.706375514e-05
0.753285986 	0.0335283577 	0.006666861144 	-2.349261911e-07 	0.01452376487 	4.456133479e-08 	2.768633251e-05
0.7571516794 	0.03368904536 	0.006982745451 	-2.347678089e-07 	0.01485549477 	-1.267439681e-08 	2.831870191e-05
0.7609751521 	0.03384510119 	0.00728889696 	-2.605936452e-07 	0.01519056052 	-8.9698995e-08 	2.895743034e-05
0.7647568488 	0.03399730812 	0.007584770124 	-3.023201981e-07 	0.01552732217 	-1.767261478e-07 	2.959939165e-05
0.7684972659 	0.03414670135 	0.007870216173 	-3.487853501e-07 	0.01586459912 	-2.614571101e-07 	3.024233526e-05
0.7721969808 	0.03429450926 	0.008145421287 	-3.888558547e-07 	0.01620167049 	-3.307160643e-07 	3.088488697e-05
0.7758563233 	0.03444209287 	0.008410861826 	-4.124972908e-07 	0.01653830569 	-3.722588793e-07 	3.152660724e-05
0.7794757553 	0.03459077666 	0.008667397798 	-4.120432567e-07 	0.01687491213 	-3.771540037e-07 	3.216827267e-05
0.7830557412 	0.03474156553 	0.008916301269 	-3.830075803e-07 	0.01721253228 	-3.412899897e-07 	3.28118705e-05
0.7865967991 	0.0348949068 	0.009159070804 	-3.238780783e-07 	0.01755257132 	-2.647605307e-07 	3.346007942e-05
0.7900992616 	0.03505057152 	0.009397282029 	-2.356688796e-07 	0.01789658672 	-1.510036752e-07 	3.411586839e-05
0.7935635712 	0.03520759461 	0.009632536476 	-1.219355794e-07 	0.01824619593 	-6.619150493e-09 	3.478232072e-05
0.7969901642 	0.03536425998 	0.009866410236 	9.861757212e-09 	0.01860298564 	1.575398378e-07 	3.546246107e-05
0.8003795064 	0.035518088 	0.01010039857 	1.483097107e-07 	0.01896840199 	3.257704179e-07 	3.615904619e-05
0.8037319478 	0.03566604448 	0.01033573049 	2.816746197e-07 	0.01934351494 	4.819062106e-07 	3.687411572e-05
0.8070478986 	0.03580498416 	0.01057315283 	4.005662289e-07 	0.01972881642 	6.14030531e-07 	3.760860745e-05
0.8103277703 	0.0359319934 	0.01081285848 	4.967365717e-07 	0.02012416091 	7.140677547e-07 	3.836224391e-05
0.8135719856 	0.03604481874 	0.01105442529 	5.627975515e-07 	0.02052872295 	7.76357308e-07 	3.913345161e-05
0.8167809129 	0.03614247554 	0.01129680246 	5.923132962e-07 	0.02094107877 	7.956908409e-07 	3.99195164e-05
0.8199549264 	0.03622547342 	0.01153846115 	5.803268782e-07 	0.02135942419 	7.667471483e-07 	4.071699906e-05
0.8230944158 	0.03629583881 	0.01177752401 	5.280847357e-07 	0.02178158242 	6.899030883e-07 	4.152174997e-05
0.8261997663 	0.03635727056 	0.01201189899 	4.447344151e-07 	0.02220499957 	5.744842061e-07 	4.232890073e-05
0.8292713657 	0.03641481267 	0.0122396113 	3.428920433e-07 	0.02262702133 	4.341585561e-07 	4.313339151e-05
0.8323095512 	0.03647400996 	0.0124591842 	2.365634897e-07 	0.02304530045 	2.852747521e-07 	4.393074778e-05
0.8353146926 	0.03653971582 	0.01266991697 	1.393079685e-07 	0.02345820691 	1.452833981e-07 	4.471786225e-05
0.8382871547 	0.03661501918 	0.01287196508 	6.081923885e-08 	0.02386508034 	2.844802259e-08 	4.549347609e-05
0.8412273011 	0.0367009521 	0.01306622563 	5.382222165e-09 	0.02426631964 	-5.674871138e-08 	4.62583497e-05
0.8441354798 	0.0367969662 	0.01325402081 	-2.796611108e-08 	0.02466311118 	-1.088103483e-07 	4.701474466e-05
0.8470120255 	0.03690186533 	0.01343669566 	-4.412615652e-08 	0.02505689218 	-1.331436292e-07 	4.77654007e-05
0.8498572854 	0.03701485976 	0.01361528118 	-4.972121528e-08 	0.02544872838 	-1.395841198e-07 	4.85123494e-05
0.8526716023 	0.0371364834 	0.01379026869 	-5.080264816e-08 	0.02583874132 	-1.384625562e-07 	4.925582247e-05
0.8554553162 	0.03726917941 	0.01396156325 	-5.217838791e-08 	0.02622583628 	-1.409374354e-07 	4.999373305e-05
0.858208756 	0.03741778749 	0.01412841047 	-5.609856015e-08 	0.02660712053 	-1.525307825e-07 	5.07205668e-05
0.860932241 	0.0375897534 	0.01428912076 	-5.153124597e-08 	0.0269772086 	-1.681510521e-07 	5.142605752e-05
0.8636260981 	0.03779537718 	0.01444195479 	-4.226488947e-08 	0.02732927371 	-1.85538164e-07 	5.209719147e-05
0.8662906499 	0.03804674252 	0.01458587767 	-5.600211455e-08 	0.02765659537 	-1.931631292e-07 	5.272115753e-05
0.8689262156 	0.03835376271 	0.0147195467 	-6.090702446e-08 	0.02795493013 	-1.729914248e-07 	5.32898665e-05
0.8715331104 	0.03871938501 	0.01484406057 	-3.848241255e-08 	0.02822617204 	-1.10344798e-07 	5.380692896e-05
0.8741116355 	0.03913469618 	0.01496469004 	-2.069973595e-09 	0.02848240391 	-5.98091474e-09 	5.429537813e-05
0.8742402096 	0.03915691154 	0.01497106266 	1.841993578e-07 	0.02849582057 	4.08847788e-07 	5.432095402e-05
0.8766620555 	0.03957522315 	0.01509150899 	-2.080547699e-08 	0.02874972109 	-6.048126095e-08 	5.480495897e-05
0.8791847196 	0.03999872785 	0.01523782018 	2.060546902e-09 	0.029062158 	-1.244213294e-08 	5.540055056e-05
0.881679931 	0.0403554404 	0.01541403876 	7.515838462e-08 	0.02944894816 	1.759720715e-07 	5.613788011e-05
0.8841479877 	0.04059924998 	0.01562266392 	1.8090698e-07 	0.0299260825 	4.877211432e-07 	5.704743077e-05
0.8865891798 	0.04069768414 	0.01585817505 	2.768583308e-07 	0.0304941762 	8.357270878e-07 	5.813037526e-05
0.8890037943 	0.04065481139 	0.01610662541 	3.103271618e-07 	0.03113213372 	1.057833836e-06 	5.93464996e-05
0.8913921189 	0.04052454898 	0.01634711949 	2.523226163e-07 	0.03178949456 	9.993214533e-07 	6.059961207e-05
0.8937544381 	0.04039577838 	0.01656027697 	1.222206825e-07 	0.03240035466 	6.351233774e-07 	6.17640812e-05
0.8960910333 	0.04035032955 	0.01673638328 	-1.952257739e-08 	0.03291006965 	1.25597747e-07 	6.273573963e-05
0.8984021827 	0.04041980679 	0.01687405693 	-9.66373049e-08 	0.0333052178 	-3.111098243e-07 	6.348900183e-05
0.9006881588 	0.0405862451 	0.01699595122 	-1.389138957e-07 	0.03361530364 	-5.58280716e-07 	6.408011163e-05
0.9029492311 	0.04080655055 	0.01711370326 	-1.6271657e-07 	0.03387935477 	-5.973254893e-07 	6.458346646e-05
0.9051856689 	0.04104211082 	0.01722378062 	-1.272144724e-07 	0.03412797361 	-4.736653937e-07 	6.505740309e-05
0.9073977385 	0.04127178787 	0.01733531082 	-7.871822136e-08 	0.03438228207 	-2.74874767e-07 	6.554218569e-05
0.9095857032 	0.04148478039 	0.01744914975 	-3.285648169e-08 	0.03464999497 	-7.674124179e-08 	6.605252088e-05
0.9117498232 	0.04167777211 	0.01756419244 	1.386589316e-10 	0.03492835214 	7.466295216e-08 	6.6583147e-05
0.9138903558 	0.04185228827 	0.01767861681 	1.574018081e-08 	0.03521184631 	1.518386568e-07 	6.712356569e-05
0.9160075533 	0.04201125863 	0.01779050824 	1.689666778e-08 	0.03549404547 	1.643981716e-07 	6.766151573e-05
0.9181016674 	0.04215602841 	0.01789847201 	1.080172364e-08 	0.03577061949 	1.472734704e-07 	6.818874268e-05
0.9201729476 	0.04228531333 	0.01800183265 	4.705809553e-09 	0.03604034025 	1.401692025e-07 	6.870290542e-05
0.9222216405 	0.04239658545 	0.01810048993 	2.634522114e-09 	0.03630434494 	1.657393802e-07 	6.920617172e-05
0.9242479902 	0.04248852511 	0.01819461063 	4.075592961e-09 	0.0365640437 	2.150493147e-07 	6.970122973e-05
0.9262522379 	0.04256327039 	0.01828434689 	7.282755948e-09 	0.0368192009 	2.747136672e-07 	7.018763029e-05
0.928234622 	0.04262687446 	0.01836981638 	1.019407357e-08 	0.03706837746 	3.240943603e-07 	7.066263006e-05
0.9301953773 	0.04268703591 	0.01844920456 	-7.143767844e-08 	0.03730845546 	3.257401811e-07 	7.112028545e-05
0.9321347374 	0.04274902185 	0.01851778954 	-1.637629221e-07 	0.03753572048 	3.024534641e-07 	7.155351576e-05
0.9340529335 	0.04281435853 	0.01858148002 	-1.100196108e-07 	0.03775108932 	3.140423312e-07 	7.196406861e-05
0.9359501942 	0.04288140805 	0.01865081605 	-1.436042257e-08 	0.03795841464 	3.421985956e-07 	7.235928831e-05
0.9378267459 	0.04294691042 	0.01872393116 	2.892603616e-08 	0.03815860965 	3.657698126e-07 	7.274091564e-05
0.9396828124 	0.0430088416 	0.01879649231 	8.701503233e-08 	0.03835192533 	4.028030999e-07 	7.310942904e-05
0.941518615 	0.04306690263 	0.01886687325 	1.175292492e-07 	0.03853857234 	4.317016306e-07 	7.346523013e-05
0.9433343722 	0.04312122861 	0.01893003996 	1.113113427e-07 	0.03871620831 	4.36420852e-07 	7.380385365e-05
0.9451303003 	0.04317195695 	0.01898568425 	1.267146566e-07 	0.03888287033 	4.337641617e-07 	7.412155779e-05
0.9469066138 	0.04321794428 	0.01903683785 	1.416402692e-07 	0.03903798923 	4.296337316e-07 	7.441725752e-05
0.9486635247 	0.0432561071 	0.01908290892 	1.54699081e-07 	0.03918094803 	4.299245403e-07 	7.468977673e-05
0.9504012431 	0.04328082906 	0.01912008007 	1.640000767e-07 	0.03930071085 	4.396718608e-07 	7.491807795e-05
0.9515333004 	0.04329150109 	0.01914628412 	1.687646509e-07 	0.03938894913 	4.487442734e-07 	7.508628464e-05
0.9526445538 	0.0432925763 	0.01916642778 	1.71461808e-07 	0.03946255677 	4.724382383e-07 	7.522660126e-05
0.9537353842 	0.04328516333 	0.01918379173 	1.729489765e-07 	0.03953485919 	5.039234945e-07 	7.536442976e-05
0.9548061655 	0.04326784499 	0.01917818536 	7.735543605e-08 	0.03960112557 	5.051674033e-07 	7.549075189e-05
0.9558572649 	0.04324170426 	0.01914945665 	-2.811076054e-09 	0.03965988729 	4.985576273e-07 	7.560276808e-05
0.9568890428 	0.04320970151 	0.01912143737 	2.430198732e-08 	0.03971484267 	5.081378069e-07 	7.570752831e-05
0.9579018529 	0.04317222111 	0.01909592145 	4.373021984e-08 	0.03976379819 	5.048578669e-07 	7.580085112e-05
0.9588960429 	0.04312900989 	0.01907027916 	6.020393074e-08 	0.039804178 	4.895485861e-07 	7.587782628e-05
0.9598719539 	0.04307978684 	0.01904329752 	7.100813104e-08 	0.03983684059 	4.77027486e-07 	7.594009024e-05
0.9608299208 	0.04302425297 	0.01901398841 	7.538513928e-08 	0.03986188399 	4.619864435e-07 	7.598782993e-05
0.9617702725 	0.0429621832 	0.01898179299 	7.462166486e-08 	0.03987917892 	4.446257082e-07 	7.602079887e-05
0.9626933319 	0.04289335167 	0.01894634507 	6.947357634e-08 	0.03988859101 	4.24842005e-07 	7.603874093e-05
0.9635994159 	0.04281754245 	0.01890736671 	6.052641647e-08 	0.03988996451 	4.024849123e-07 	7.60413592e-05
0.9644888358 	0.04273455047 	0.01886462961 	4.820684187e-08 	0.03988314452 	3.774977498e-07 	7.60283584e-05
0.9653618972 	0.04264418742 	0.01881794247 	3.288255119e-08 	0.03986798349 	3.499130826e-07 	7.599945727e-05
0.9662188999 	0.04254626831 	0.01876714234 	1.479300915e-08 	0.03984432968 	3.19560006e-07 	7.595436653e-05
0.9670601386 	0.04244061681 	0.01871209374 	-5.867762447e-09 	0.03981203349 	2.863715579e-07 	7.589280102e-05
0.9678859023 	0.0423270769 	0.01865269012 	-2.889212441e-08 	0.03977096016 	2.50531236e-07 	7.581450383e-05
0.9686964749 	0.04220550266 	0.01858884847 	-5.414155645e-08 	0.03972098001 	2.120672998e-07 	7.571922777e-05
0.9694921351 	0.04207576092 	0.01852050939 	-8.144003422e-08 	0.03966197172 	1.710318325e-07 	7.560674158e-05
0.9702731565 	0.04193773137 	0.01844763537 	-1.106038906e-07 	0.03959382308 	1.274944732e-07 	7.547683132e-05
0.9710398077 	0.04179130634 	0.0183702084 	-1.414539568e-07 	0.03951643083 	8.153189087e-08 	7.532930018e-05
0.9717923523 	0.04163639051 	0.01828822787 	-1.738199234e-07 	0.03942970124 	3.323297872e-08 	7.516396947e-05
0.9725310493 	0.04147290033 	0.01820170942 	-2.075400248e-07 	0.03933355022 	-1.730218715e-08 	7.498067892e-05
0.9732561528 	0.0413007633 	0.01811068298 	-2.424578876e-07 	0.03922790269 	-6.996252946e-08 	7.477928536e-05
0.9739679123 	0.04111991711 	0.01801519089 	-2.784200105e-07 	0.039112692 	-1.246263308e-07 	7.455966175e-05
0.9746665729 	0.04093030867 	0.01791528619 	-3.152746081e-07 	0.03898785932 	-1.811619236e-07 	7.432169598e-05
0.975352375 	0.04073189291 	0.01781103109 	-3.528714067e-07 	0.03885335272 	-2.394284322e-07 	7.406528902e-05
0.9760255547 	0.04052463159 	0.01770249548 	-3.910618961e-07 	0.03870912607 	-2.992765305e-07 	7.379035293e-05
0.9766863437 	0.04030849186 	0.01758975565 	-4.296996814e-07 	0.0385551378 	-3.605491647e-07 	7.34968085e-05
0.9773349698 	0.04008344478 	0.017472893 	-4.686407834e-07 	0.03839134959 	-4.230822092e-07 	7.318458264e-05
0.9779716561 	0.03984946369 	0.01735199285 	-5.077438526e-07 	0.03821772478 	-4.867050455e-07 	7.28536055e-05
0.9785966221 	0.03960652243 	0.0172271433 	-5.468702993e-07 	0.03803422676 	-5.512410615e-07 	7.250380728e-05
0.979210083 	0.03935459344 	0.01709843412 	-5.858843457e-07 	0.03784081715 	-6.165080685e-07 	7.21351148e-05
0.9798122502 	0.03909364574 	0.01696595562 	-6.246530019e-07 	0.03763745381 	-6.823186329e-07 	7.174744775e-05
0.9804033311 	0.03882364273 	0.0168297976 	-6.630459686e-07 	0.03742408874 	-7.484803196e-07 	7.134071463e-05
0.9809835295 	0.03854453977 	0.01669004822 	-7.009354675e-07 	0.03720066575 	-8.14795839e-07 	7.091480831e-05
0.9815530453 	0.03825628167 	0.01654679283 	-7.381960063e-07 	0.03696711791 	-8.810630905e-07 	7.046960122e-05
0.9821120749 	0.03795879984 	0.01640011283 	-7.747040859e-07 	0.03672336483 	-9.470750943e-07 	7.00049401e-05
0.9826608108 	0.03765200922 	0.01625008441 	-8.103378523e-07 	0.03646930958 	-1.012619797e-06 	6.952064018e-05
0.9831994424 	0.03733580491 	0.01609677719 	-8.449766921e-07 	0.03620483535 	-1.077479739e-06 	6.901647879e-05
0.9837281553 	0.03701005842 	0.01594025275 	-8.785007648e-07 	0.0359298017 	-1.141431556e-06 	6.849218822e-05
0.9842471318 	0.03667461346 	0.01578056306 	-9.107904557e-07 	0.03564404044 	-1.20424531e-06 	6.794744783e-05
0.984756551 	0.03632928123 	0.0156177487 	-9.417257876e-07 	0.03534735086 	-1.265683634e-06 	6.738187502e-05
0.9852565885 	0.03597383506 	0.01545183675 	-9.711856555e-07 	0.03503949434 	-1.325500664e-06 	6.679501494e-05
0.9857474168 	0.03560800432 	0.01528283839 	-9.990467683e-07 	0.03472018834 	-1.383440501e-06 	6.618632896e-05
0.9862292052 	0.03523146738 	0.01511074624 	-1.025182615e-06 	0.03438909937 	-1.43923556e-06 	6.555518135e-05
0.98670212 	0.03484384345 	0.01493553112 	-1.049462062e-06 	0.03404583472 	-1.492604486e-06 	6.490082352e-05
0.9871663243 	0.03444468306 	0.0147571381 	-1.071747651e-06 	0.03368993303 	-1.543249645e-06 	6.422237599e-05
0.9876219783 	0.03403345686 	0.01457548182 	-1.091893527e-06 	0.03332085306 	-1.590854125e-06 	6.351880699e-05
0.9880692392 	0.03360954231 	0.01439044082 	-1.109742954e-06 	0.03293796043 	-1.635078145e-06 	6.278890721e-05
0.9885082614 	0.03317220784 	0.0142018505 	-1.125125382e-06 	0.03254051175 	-1.675554824e-06 	6.203125957e-05
0.9889391965 	0.03272059373 	0.01400949519 	-1.137853066e-06 	0.03212763663 	-1.71188513e-06 	6.124420484e-05
0.9893621932 	0.03225368894 	0.01381309849 	-1.147716763e-06 	0.03169830896 	-1.743631368e-06 	6.042578697e-05
0.9897773974 	0.03177030286 	0.01361231145 	-1.154480565e-06 	0.03125132396 	-1.770313127e-06 	5.957370933e-05
0.9901849527 	0.03126903056 	0.01340672162 	-1.15787425e-06 	0.03078528084 	-1.79139712e-06 	5.86853016e-05
0.9905849996 	0.03074820744 	0.01319566824 	-1.157569533e-06 	0.03029811752 	-1.806271189e-06 	5.775663293e-05
0.9909776764 	0.03020585805 	0.01297820102 	-1.153196355e-06 	0.02978893883 	-1.814377077e-06 	5.678599683e-05
0.9913631185 	0.02963963807 	0.0127534869 	-1.144401222e-06 	0.0292552633 	-1.814853246e-06 	5.576866293e-05
0.9917414592 	0.02909834994 	0.01253395309 	-1.132204597e-06 	0.02874099872 	-1.808312823e-06 	5.478833172e-05
0.9919849628 	0.02864021984 	0.01234793652 	-1.118732144e-06 	0.02830406326 	-1.796035036e-06 	5.395541127e-05
0.9922284702 	0.02821777091 	0.01218273974 	-1.105420658e-06 	0.02790135299 	-1.781089147e-06 	5.318773359e-05
0.9924719814 	0.0277744888 	0.01201003567 	-1.089354466e-06 	0.02747692535 	-1.760809494e-06 	5.237865653e-05
0.9927154964 	0.02730816568 	0.01182910854 	-1.070005559e-06 	0.02702864739 	-1.734569845e-06 	5.152411416e-05
0.9929590152 	0.02681621384 	0.01163858826 	-1.046893823e-06 	0.02655460336 	-1.701767752e-06 	5.062045448e-05
0.9932025378 	0.02629559285 	0.01143690426 	-1.019494544e-06 	0.0260515202 	-1.661582336e-06 	4.966143814e-05
0.9934460642 	0.02574271447 	0.01122221955 	-9.872047038e-07 	0.02551580497 	-1.613084319e-06 	4.864021602e-05
0.9936895945 	0.0251533236 	0.01099225934 	-9.493083742e-07 	0.02494318578 	-1.555218014e-06 	4.754864469e-05
0.9939331285 	0.02452235284 	0.01074421421 	-9.049597824e-07 	0.02432857755 	-1.486783862e-06 	4.637703058e-05
0.9941766663 	0.02384374474 	0.01047460067 	-8.531726937e-07 	0.0236659074 	-1.406430533e-06 	4.511379711e-05
0.9944202079 	0.02311023775 	0.01017908785 	-7.928194097e-07 	0.02294789948 	-1.312657117e-06 	4.374507444e-05
0.9946637534 	0.0223131146 	0.009852289217 	-7.226509058e-07 	0.0221658254 	-1.203836756e-06 	4.225422389e-05
0.9949073026 	0.02144192018 	0.00948752646 	-6.41351251e-07 	0.021309225 	-1.078269863e-06 	4.062130544e-05
0.9951508557 	0.02048417304 	0.009076590885 	-5.476392238e-07 	0.02036562105 	-9.343417296e-07 	3.882253405e-05
0.9953944125 	0.01942513135 	0.008609562503 	-4.404901481e-07 	0.01932028648 	-7.70954121e-07 	3.682983583e-05
0.9956379732 	0.01824774566 	0.008074817926 	-3.192517227e-07 	0.01815620755 	-5.874770267e-07 	3.461077786e-05
0.9958815376 	0.01693306729 	0.007459461205 	-1.841827478e-07 	0.01685449867 	-3.848868776e-07 	3.212935894e-05
0.9961251059 	0.01546162537 	0.006750567156 	-4.002870924e-08 	0.01539574921 	-1.676540868e-07 	2.934857702e-05
0.996368678 	0.0138167052 	0.00593803164 	1.036681173e-07 	0.01376322169 	5.412553498e-08 	2.623652583e-05
0.9966122538 	0.01199102064 	0.005020183922 	2.339916491e-07 	0.01194931192 	2.641256185e-07 	2.277870966e-05
0.9968558335 	0.009998614119 	0.004013051638 	3.30984655e-07 	0.009967260725 	4.372997942e-07 	1.90003692e-05
0.997099417 	0.007892569718 	0.002962809195 	3.705825054e-07 	0.007869448891 	5.398585829e-07 	1.500135679e-05
0.9973430042 	0.005783128855 	0.001955315618 	3.374718025e-07 	0.005766622826 	5.428834778e-07 	1.099278586e-05
0.9975865953 	0.00383801103 	0.001105251944 	2.430030639e-07 	0.003827488033 	4.458954788e-07 	7.296255985e-06
0.9978301902 	0.002239904957 	0.0005078266678 	1.311929094e-07 	0.002234371963 	2.914771131e-07 	4.259333973e-06
0.9980737889 	0.001106822253 	0.000177948967 	4.94950772e-08 	0.001104432037 	1.449331642e-07 	2.105354424e-06
0.9983173913 	0.00043616223 	4.354410429e-05 	1.178320443e-08 	0.0004352981879 	5.025915396e-08 	8.297993309e-07
0.9985609976 	0.0001222549946 	6.382525339e-06 	1.448865223e-09 	0.0001220195702 	9.595940649e-09 	2.326032144e-07
0.9988046077 	1.920489883e-05 	3.977080888e-07 	4.89362822e-11 	1.916826196e-05 	1.428808728e-10 	3.654003484e-08
0.9990482216 	1.484220048e-06 	6.643154705e-09 	-7.557670754e-13 	1.481394345e-06 	-2.191621112e-10 	2.823949353e-09
