0.2166759971 	1.296404679e-07 	-4.498095503e-10 	-1.149626551e-12 	1.287015935e-07 	3.264092039e-10 	2.45341008e-10
0.2166759971 	1.296404679e-07 	-4.498095503e-10 	-1.149626551e-12 	1.287015935e-07 	3.264092039e-10 	2.45341008e-10
0.2169324293 	2.367894867e-06 	-3.676949018e-08 	-8.418524001e-11 	2.30727743e-06 	5.433209731e-09 	4.398312056e-09
0.2171888698 	1.532737996e-05 	-5.805559123e-07 	-1.308308823e-09 	1.442490713e-05 	3.407354918e-08 	2.749788219e-08
0.2174453166 	5.628764448e-05 	-3.96809833e-06 	-9.023569786e-09 	5.0338541e-05 	1.213223084e-07 	9.595925002e-08
0.2177017676 	0.0001493706071 	-1.670165109e-05 	-3.879122221e-08 	0.0001251634267 	3.10724592e-07 	2.385962786e-07
0.2179582206 	0.00032212587 	-5.086962944e-05 	-1.213601182e-07 	0.0002509142632 	6.449159351e-07 	4.783123237e-07
0.2182146735 	0.0005992732631 	-0.0001224586881 	-3.000333627e-07 	0.0004337355918 	1.157073788e-06 	8.268205886e-07
0.2184711242 	0.0009934322032 	-0.0002460648462 	-6.158682709e-07 	0.0006717886696 	1.862819743e-06 	1.280615918e-06
0.2187275707 	0.001496792565 	-0.0004284405547 	-1.087319283e-06 	0.00095382903 	2.755687596e-06 	1.818263234e-06
0.2189840108 	0.002078717206 	-0.0006646944068 	-1.694314978e-06 	0.001259350682 	3.810046976e-06 	2.400672417e-06
0.2192404424 	0.002684881311 	-0.0009275505784 	-2.643208212e-06 	0.001566062309 	4.890031618e-06 	2.985350025e-06
0.2194968635 	0.003240964046 	-0.001151571558 	-3.657873981e-06 	0.001863960107 	5.984544319e-06 	3.553226025e-06
0.2197532719 	0.003713880986 	-0.001320217755 	-4.402805134e-06 	0.002136117033 	7.138393838e-06 	4.072032768e-06
0.2200096656 	0.004104865308 	-0.001459017675 	-5.093913331e-06 	0.002361326529 	8.259841984e-06 	4.501344661e-06
0.2202660425 	0.004403530912 	-0.001564849517 	-5.748235064e-06 	0.002533292333 	9.320879409e-06 	4.829159279e-06
0.2205224004 	0.004605250053 	-0.001636148695 	-6.072916857e-06 	0.00264952205 	9.847769305e-06 	5.050725423e-06
0.2207787375 	0.004710713268 	-0.00167318982 	-6.305776665e-06 	0.002710387477 	1.022583971e-05 	5.166751844e-06
0.2210350515 	0.004724879113 	-0.00167779717 	-6.446259657e-06 	0.002718796485 	1.04541495e-05 	5.182781751e-06
0.2212913404 	0.004655954085 	-0.001652955033 	-6.493045734e-06 	0.002679542256 	1.053060053e-05 	5.10795228e-06
0.2215476021 	0.004515076294 	-0.001602680552 	-6.442943504e-06 	0.002599096144 	1.045008897e-05 	4.954599632e-06
0.2218038346 	0.004315762402 	-0.001531821057 	-6.300602885e-06 	0.002485279854 	1.022017434e-05 	4.73763415e-06
0.2220600359 	0.004071394462 	-0.001445160653 	-6.081294354e-06 	0.002345820964 	9.865579829e-06 	4.471786744e-06
0.2223162038 	0.003793684353 	-0.001346867575 	-5.794524992e-06 	0.002187457354 	9.401701124e-06 	4.169901688e-06
0.2225723364 	0.003493647632 	-0.001240840235 	-5.444843412e-06 	0.002016494836 	8.835866548e-06 	3.843999613e-06
0.2228284315 	0.003181971128 	-0.001130846716 	-5.0415209e-06 	0.001839033598 	8.182988491e-06 	3.505709171e-06
0.2230844872 	0.002868449734 	-0.001020330627 	-4.597467499e-06 	0.001660655715 	7.463859152e-06 	3.165671347e-06
0.2233405014 	0.002561605443 	-0.0009122803707 	-4.12755829e-06 	0.001486213136 	6.702464174e-06 	2.833135309e-06
0.223596472 	0.002268473481 	-0.0008091577858 	-3.647254166e-06 	0.001319711637 	5.923737058e-06 	2.515737175e-06
0.2238523971 	0.001994508665 	-0.0007128684945 	-3.171379144e-06 	0.001164261635 	5.151533087e-06 	2.219406267e-06
0.2241082746 	0.001743589216 	-0.0006247661597 	-2.713031335e-06 	0.001022083443 	4.406714226e-06 	1.948375115e-06
0.2243641025 	0.001488281575 	-0.000535219529 	-2.238045397e-06 	0.0008776964405 	3.633585385e-06 	1.673133359e-06
0.2247614969 	0.001218612878 	-0.0004408464763 	-1.690424366e-06 	0.0007258885582 	2.740308912e-06 	1.383745342e-06
0.2251662243 	0.000978165562 	-0.0003557836567 	-1.26477599e-06 	0.0005925525957 	1.918119105e-06 	1.129569939e-06
0.2255784092 	0.0007882530245 	-0.0002826696571 	-1.030494265e-06 	0.0004930755791 	1.245785384e-06 	9.39939097e-07
0.2259981774 	0.000639407662 	-0.0002144577097 	-8.156684537e-07 	0.0004243324969 	7.477885178e-07 	8.088956761e-07
0.2264256561 	0.0005270541988 	-0.0001545420182 	-5.502143752e-07 	0.000380190872 	4.038344716e-07 	7.247494706e-07
0.2268609739 	0.0004487761473 	-0.0001095172042 	-3.357718367e-07 	0.0003547597099 	1.62786922e-07 	6.762706074e-07
0.2273042604 	0.0003985987252 	-7.841231955e-05 	-2.038361494e-07 	0.0003443371385 	-3.32478166e-10 	6.564022895e-07
0.2277556468 	0.0003690352951 	-5.674794712e-05 	-1.237531204e-07 	0.0003458173509 	-9.83769922e-08 	6.592239859e-07
0.2282152651 	0.0003540074939 	-4.143252165e-05 	-7.525084762e-08 	0.0003559998122 	-1.470362758e-07 	6.786345872e-07
0.2286832487 	0.0003488461079 	-3.037996655e-05 	-4.51278251e-08 	0.0003720599265 	-1.607991808e-07 	7.092496286e-07
0.2291597319 	0.0003501426856 	-2.228565542e-05 	-2.590908302e-08 	0.0003916868483 	-1.520239716e-07 	7.466639965e-07
0.2296448501 	0.0003555457905 	-1.6336453e-05 	-1.362009387e-08 	0.0004131811572 	-1.298034296e-07 	7.876381235e-07
0.2301387393 	0.0003634884922 	-1.199265029e-05 	-6.045991128e-09 	0.0004354141838 	-1.00020816e-07 	8.300204514e-07
0.2306415368 	0.0003729371122 	-8.869952688e-06 	-1.837884053e-09 	0.000457693655 	-6.616682867e-08 	8.724913158e-07
0.2311533802 	0.0003832133068 	-6.67770292e-06 	-8.257262883e-11 	0.0004796348505 	-3.013453927e-08 	9.143173327e-07
0.2315746914 	0.000391833603 	-5.476712674e-06 	1.253690388e-08 	0.0004969554944 	1.768281368e-07 	9.47335294e-07
0.2316736368 	0.0003938748921 	-5.19416677e-06 	-1.03871242e-10 	0.000501059745 	-6.979004483e-09 	9.551591363e-07
0.2321998972 	0.0004046279475 	-4.253589196e-06 	2.296527428e-10 	0.0005219185431 	-4.433869745e-08 	9.94921803e-07
0.232735561 	0.0004152837549 	-3.693475823e-06 	1.722127977e-09 	0.0005422146046 	-8.261612995e-08 	1.033611737e-06
0.2332807678 	0.0004257334819 	-3.407588331e-06 	4.042675512e-09 	0.0005619931329 	-1.217329313e-07 	1.071315109e-06
0.2338356578 	0.0004359140065 	-3.315413643e-06 	6.96919165e-09 	0.0005813078241 	-1.617059496e-07 	1.108134279e-06
0.234400371 	0.0004457918873 	-3.357745986e-06 	1.036552406e-08 	0.0006002175352 	-2.025998094e-07 	1.144181444e-06
0.2349750476 	0.0004553524241 	-3.492403421e-06 	1.41601701e-08 	0.0006187837849 	-2.444931672e-07 	1.179573876e-06
0.2355598274 	0.0004645925293 	-3.691550246e-06 	1.832599149e-08 	0.0006370714292 	-2.874405594e-07 	1.214435209e-06
0.2361548499 	0.0004735219902 	-3.933577594e-06 	2.28623e-08 	0.0006551492145 	-3.314494201e-07 	1.248896492e-06
0.2367621268 	0.0004822212502 	-4.204095544e-06 	2.780017635e-08 	0.0006732021351 	-3.766199515e-07 	1.283310376e-06
0.2373985929 	0.0004907637844 	-4.490873856e-06 	3.326887584e-08 	0.0006913240611 	-4.241172254e-07 	1.317855804e-06
0.2380464066 	0.0004991049987 	-4.776999058e-06 	3.918747078e-08 	0.0007093515188 	-4.725996863e-07 	1.352221149e-06
0.2387057606 	0.0005072120653 	-5.048446353e-06 	4.557688116e-08 	0.0007271701902 	-5.219902957e-07 	1.386188489e-06
0.2393768505 	0.0005151275093 	-5.301150213e-06 	5.250057266e-08 	0.0007447924436 	-5.721881324e-07 	1.419781402e-06
0.2400598753 	0.0005229105086 	-5.550693549e-06 	6.005684904e-08 	0.0007622313418 	-6.233724429e-07 	1.453024789e-06
0.2407550367 	0.0005305093287 	-5.836587126e-06 	6.841608986e-08 	0.0007798535547 	-6.765151836e-07 	1.486617624e-06
0.2414625396 	0.0005378628869 	-6.171502944e-06 	7.75959081e-08 	0.000797927704 	-7.316286266e-07 	1.521071976e-06
0.2421825923 	0.0005450744663 	-6.512623199e-06 	8.735092823e-08 	0.0008160879811 	-7.874822206e-07 	1.555690512e-06
0.2429154061 	0.0005522113994 	-6.821764082e-06 	9.720221054e-08 	0.000834121936 	-8.401876281e-07 	1.590068242e-06
0.2436611955 	0.0005592700778 	-7.101141132e-06 	9.513959629e-08 	0.0008521293853 	-7.893075949e-07 	1.624395446e-06
0.2444201783 	0.0005662680633 	-7.368997826e-06 	9.254957541e-08 	0.0008701837747 	-7.370330677e-07 	1.65881213e-06
0.2451925759 	0.0005732257262 	-7.636643886e-06 	8.940130326e-08 	0.0008883359635 	-6.834261763e-07 	1.693415247e-06
0.2459786127 	0.0005801637374 	-7.907460656e-06 	8.56339331e-08 	0.0009066109544 	-6.285257943e-07 	1.728252459e-06
0.2467785167 	0.0005871011723 	-8.18297608e-06 	8.119561055e-08 	0.000925028199 	-5.724169626e-07 	1.763360846e-06
0.2475925196 	0.000594054205 	-8.464781972e-06 	7.604078743e-08 	0.0009436097892 	-5.151646271e-07 	1.798782521e-06
0.2484208561 	0.0006010368648 	-8.754776276e-06 	7.012261706e-08 	0.0009623795294 	-4.567807904e-07 	1.834562863e-06
0.249263765 	0.0006080623847 	-9.054666367e-06 	6.339356254e-08 	0.0009813590684 	-3.972600154e-07 	1.870743139e-06
0.2501214883 	0.0006151437564 	-9.365751166e-06 	5.580811363e-08 	0.001000567055 	-3.366037601e-07 	1.9073589e-06
0.250994272 	0.0006222939988 	-9.689195728e-06 	4.732247704e-08 	0.001020019982 	-2.748269078e-07 	1.944441586e-06
0.2518823657 	0.0006295259254 	-1.002674834e-05 	3.789212718e-08 	0.001039734853 	-2.119613074e-07 	1.982023608e-06
0.2527860226 	0.0006368507378 	-1.038154679e-05 	2.746774632e-08 	0.001059734374 	-1.480374858e-07 	2.020148254e-06
0.2537055001 	0.0006442763269 	-1.075844676e-05 	1.599161659e-08 	0.001080051209 	-8.3059442e-08 	2.05887779e-06
0.2546410591 	0.0006518066855 	-1.116165883e-05 	3.399571616e-09 	0.001100722522 	-1.70192823e-08 	2.098283057e-06
0.2548826011 	0.0006537467027 	-1.127411583e-05 	-7.850515271e-09 	0.001106083443 	2.05511912e-07 	2.108502463e-06
0.2555884152 	0.000659424566 	-1.163500389e-05 	8.697272517e-09 	0.001121854056 	-4.964754019e-08 	2.138565634e-06
0.2565643833 	0.0006672346866 	-1.215251167e-05 	2.152889348e-08 	0.001143609699 	-1.182814156e-07 	2.180037937e-06
0.2575742631 	0.0006752909458 	-1.26848465e-05 	3.577656025e-08 	0.001165944846 	-1.891986516e-07 	2.222614934e-06
0.2586016703 	0.0006835558792 	-1.322727818e-05 	5.127507015e-08 	0.001188683588 	-2.611290473e-07 	2.265961296e-06
0.2596468899 	0.0006920092898 	-1.37903638e-05 	6.806934913e-08 	0.001211786416 	-3.340246113e-07 	2.310001707e-06
0.2607102115 	0.0007006667902 	-1.438964949e-05 	8.621239346e-08 	0.001235304559 	-4.079101067e-07 	2.354833825e-06
0.2617919288 	0.0007095454825 	-1.504706446e-05 	1.057696382e-07 	0.001259316469 	-4.829735591e-07 	2.400607198e-06
0.2628923399 	0.0007186480538 	-1.579730361e-05 	1.268405011e-07 	0.001283955842 	-5.595671978e-07 	2.447576693e-06
0.2640117474 	0.0007279428798 	-1.6688708e-05 	1.495805047e-07 	0.001309386866 	-6.381336749e-07 	2.496055291e-06
0.2651504585 	0.0007373559167 	-1.777198163e-05 	1.742022713e-07 	0.00133578668 	-7.193053805e-07 	2.546380675e-06
0.2663087847 	0.000746777334 	-1.912435198e-05 	2.010167627e-07 	0.001363422554 	-8.038972364e-07 	2.599062332e-06
0.2674870424 	0.000757219921 	-2.090098364e-05 	2.158666952e-07 	0.001396228361 	-8.344308694e-07 	2.661599318e-06
0.2692922725 	0.000770466953 	-2.283044867e-05 	1.93339137e-07 	0.001435663209 	-7.164426918e-07 	2.736773098e-06
0.2711132944 	0.0007856231959 	-2.46440283e-05 	1.675177719e-07 	0.001476481182 	-5.931027341e-07 	2.8145835e-06
0.272950246 	0.0008013594231 	-2.643019573e-05 	1.386057957e-07 	0.001516145164 	-4.673865812e-07 	2.890194074e-06
0.2748032671 	0.0008177140662 	-2.842356806e-05 	1.06619577e-07 	0.001555694786 	-3.412809127e-07 	2.965586645e-06
0.2767228117 	0.0008348088217 	-3.060842311e-05 	7.003463421e-08 	0.00159556457 	-2.123098334e-07 	3.041589535e-06
0.2786640575 	0.0008525095232 	-3.288948683e-05 	2.941452072e-08 	0.001635496566 	-8.439280464e-08 	3.117711018e-06
0.2799709177 	0.0008645920172 	-3.443647099e-05 	-4.478226539e-08 	0.001662065748 	4.509618358e-07 	3.168359263e-06
0.2806184122 	0.0008705800843 	-3.523527051e-05 	1.348673675e-08 	0.001675284892 	-4.267252218e-08 	3.193558626e-06
0.2825825063 	0.0008888817213 	-3.761405419e-05 	5.695881166e-08 	0.001714944409 	-1.703843494e-07 	3.269160687e-06
0.2845635642 	0.0009074041913 	-3.985554917e-05 	1.049685037e-07 	0.001754596529 	-2.969984692e-07 	3.344748649e-06
0.2865617386 	0.0009260369464 	-4.187829679e-05 	1.577370973e-07 	0.001794262399 	-4.227295348e-07 	3.420362821e-06
0.288577185 	0.000944659985 	-4.361560909e-05 	2.153850278e-07 	0.001833962753 	-5.478924513e-07 	3.496042731e-06
0.2906100617 	0.0009631488991 	-4.501540503e-05 	2.779157018e-07 	0.001873709284 	-6.72860535e-07 	3.571810667e-06
0.2926605296 	0.0009814628056 	-4.607647287e-05 	3.452613948e-07 	0.001913752551 	-7.979943841e-07 	3.648144263e-06
0.2947666598 	0.0009996207061 	-4.679636793e-05 	3.3201382e-07 	0.001954416107 	-7.346766888e-07 	3.725660302e-06
0.2969108531 	0.001017465143 	-4.71999125e-05 	2.851266307e-07 	0.001995639526 	-6.05795269e-07 	3.804243595e-06
0.2990732172 	0.001034740147 	-4.74091012e-05 	2.332896796e-07 	0.002037403731 	-4.770142795e-07 	3.883857779e-06
0.3012539222 	0.001051250932 	-4.75874123e-05 	1.767528583e-07 	0.002080037614 	-3.480748719e-07 	3.965129809e-06
0.3034531416 	0.001066820433 	-4.790988056e-05 	1.157985643e-07 	0.002124035103 	-2.194924949e-07 	4.049001251e-06
0.3056710521 	0.001081235959 	-4.858631467e-05 	5.039814222e-08 	0.002170048033 	-9.180791806e-08 	4.136714685e-06
0.3072890931 	0.001090634834 	-4.951396772e-05 	-3.039908935e-08 	0.002205355662 	4.306047177e-07 	4.204020838e-06
0.3079050505 	0.001094219549 	-4.989762303e-05 	1.804262779e-08 	0.002218827511 	-3.6282222e-08 	4.229701928e-06
0.3101508644 	0.001105397554 	-5.190763501e-05 	8.595822638e-08 	0.00227094395 	-1.652043518e-07 	4.329050345e-06
0.3124433238 	0.001114674516 	-5.39325923e-05 	1.54689942e-07 	0.002326601511 	-2.8240894e-07 	4.435149125e-06
0.314787554 	0.001124486435 	-5.495095301e-05 	2.177966491e-07 	0.002378951212 	-3.014546445e-07 	4.534942205e-06
0.3171515198 	0.001137296966 	-5.475800352e-05 	2.829715266e-07 	0.002421346059 	-2.344761624e-07 	4.615758566e-06
0.3195354192 	0.001151992958 	-5.426714285e-05 	3.656984827e-07 	0.002457503028 	-2.335092369e-07 	4.684683799e-06
0.3219394548 	0.001166841615 	-5.421838512e-05 	4.543055839e-07 	0.002492457663 	-2.556274642e-07 	4.751317049e-06
0.3243638334 	0.001181475175 	-5.465813592e-05 	3.960671872e-07 	0.002526949132 	-2.032081094e-07 	4.817067375e-06
0.3268087664 	0.00119563871 	-5.530436758e-05 	3.29126526e-07 	0.002560850767 	-1.56714474e-07 	4.881693313e-06
0.3292812814 	0.001209193196 	-5.596911487e-05 	2.577887531e-07 	0.002593943642 	-1.15275453e-07 	4.94477753e-06
0.331828573 	0.00122199282 	-5.651960293e-05 	1.812350943e-07 	0.002625866758 	-7.709514679e-08 	5.005631863e-06
0.3343970604 	0.001233743098 	-5.688852963e-05 	1.012985694e-07 	0.002655876326 	-4.150082247e-08 	5.06283844e-06
0.3369869718 	0.001244286271 	-5.707782741e-05 	1.804753353e-08 	0.002683513318 	-7.181531467e-09 	5.115522228e-06
0.3375406268 	0.001246259458 	-5.708245615e-05 	-1.418491375e-08 	0.002688844776 	4.74732337e-08 	5.125685468e-06
0.3395913201 	0.001253583082 	-5.7151546e-05 	6.484622276e-08 	0.002708543068 	-2.963458482e-08 	5.163235888e-06
0.3422157185 	0.001261647329 	-5.70418213e-05 	1.497231352e-07 	0.002731063568 	-6.667836416e-08 	5.20616622e-06
0.3448623645 	0.001268563836 	-5.675221524e-05 	2.373622723e-07 	0.002751266348 	-1.030920147e-07 	5.244678334e-06
0.3475593892 	0.001274453685 	-5.628253404e-05 	3.285455451e-07 	0.002769425649 	-1.391500342e-07 	5.279295009e-06
0.3503118469 	0.001279378249 	-5.559820898e-05 	4.232202889e-07 	0.002785696357 	-1.747212892e-07 	5.3103115e-06
0.3530872581 	0.001283409959 	-5.472860143e-05 	5.20053479e-07 	0.002800175884 	-2.092363355e-07 	5.337913504e-06
0.3558858906 	0.001286674243 	-5.370064245e-05 	5.007341058e-07 	0.002813089607 	-1.962947962e-07 	5.362530648e-06
0.3587080186 	0.0012892778 	-5.250263263e-05 	4.165630103e-07 	0.00282467812 	-1.590934774e-07 	5.384621575e-06
0.3615539235 	0.001291332596 	-5.114962988e-05 	3.30120912e-07 	0.002835181096 	-1.228375017e-07 	5.404643167e-06
0.3644469882 	0.001292955336 	-4.964227011e-05 	2.408071399e-07 	0.002844872417 	-8.729671067e-08 	5.423117519e-06
0.3674013141 	0.001294202896 	-4.793730257e-05 	1.484052711e-07 	0.002853917995 	-5.241321191e-08 	5.440360904e-06
0.370380176 	0.001295128645 	-4.606491808e-05 	5.437180092e-08 	0.002862388313 	-1.871711841e-08 	5.456507683e-06
0.372097595 	0.001295525377 	-4.492476883e-05 	3.334592644e-09 	0.002866978064 	-2.680611886e-07 	5.465257026e-06
0.3733804333 	0.001295829265 	-4.410531033e-05 	3.919453531e-08 	0.002870360874 	-1.486940396e-08 	5.471705601e-06
0.3764013563 	0.001296348178 	-4.205004893e-05 	1.314909546e-07 	0.002877919493 	-4.87202135e-08 	5.486114431e-06
0.3794479012 	0.00129672788 	-3.987409834e-05 	2.249665422e-07 	0.002885255534 	-8.147151911e-08 	5.500098964e-06
0.3825670015 	0.00129700885 	-3.753083657e-05 	3.209820686e-07 	0.002892507574 	-1.136549514e-07 	5.513923368e-06
0.3857243248 	0.001297179453 	-3.499801575e-05 	4.182001021e-07 	0.002899666636 	-1.449037466e-07 	5.527570528e-06
0.388908125 	0.00129728504 	-3.23411971e-05 	5.160935458e-07 	0.002906753207 	-1.751241691e-07 	5.541079502e-06
0.3921187603 	0.001297342307 	-2.954700456e-05 	5.826636808e-07 	0.00291380929 	-1.937991193e-07 	5.554530359e-06
0.3953565983 	0.001297375264 	-2.663323861e-05 	4.93452858e-07 	0.002920886932 	-1.610235732e-07 	5.568022311e-06
0.3986571242 	0.00129740631 	-2.35638861e-05 	4.023775752e-07 	0.002928072907 	-1.289111964e-07 	5.581720777e-06
0.4020072152 	0.001297414933 	-2.030429978e-05 	3.10106444e-07 	0.002935350624 	-9.763983573e-08 	5.595594127e-06
0.405385442 	0.001297421396 	-1.691300767e-05 	2.174388965e-07 	0.002942699562 	-6.735837728e-08 	5.609603246e-06
0.4087922113 	0.001297432292 	-1.338691675e-05 	1.244837455e-07 	0.002950126617 	-3.798678911e-08 	5.623761278e-06
0.4122279406 	0.001297469585 	-9.746460404e-06 	3.134168542e-08 	0.002957676667 	-9.43293424e-09 	5.63815377e-06
0.4133956475 	0.001297496897 	-8.479756471e-06 	2.508043661e-08 	0.002960256073 	-2.437180882e-07 	5.643070837e-06
0.4157317818 	0.001297572997 	-5.995818591e-06 	6.035019592e-08 	0.002965352566 	-2.012210167e-08 	5.652786169e-06
0.4192741829 	0.001297697862 	-2.082517325e-06 	1.507948802e-07 	0.002973132559 	-4.974640955e-08 	5.667616997e-06
0.4228467454 	0.001297844393 	1.963424658e-06 	2.409524208e-07 	0.002981019005 	-7.874739891e-08 	5.682650756e-06
0.426449931 	0.001298026097 	6.140252505e-06 	3.307281212e-07 	0.00298903352 	-1.072269443e-07 	5.697928649e-06
0.4300987495 	0.001298255152 	1.046522633e-05 	4.20408902e-07 	0.00299722142 	-1.353994476e-07 	5.71353706e-06
0.4338161841 	0.00129851756 	1.499939161e-05 	5.103510946e-07 	0.003005592352 	-1.634981399e-07 	5.729494384e-06
0.437565381 	0.001298797618 	1.971305464e-05 	5.993696119e-07 	0.003014083573 	-1.913143058e-07 	5.745681012e-06
0.4413468516 	0.001299102443 	2.457617459e-05 	5.287371922e-07 	0.00302267494 	-1.684086995e-07 	5.762058544e-06
0.4451628312 	0.001299457038 	2.958319378e-05 	4.450269193e-07 	0.003031417262 	-1.416710775e-07 	5.77872384e-06
0.4490590092 	0.001299856509 	3.481774021e-05 	3.609048238e-07 	0.003040345516 	-1.149981192e-07 	5.795743573e-06
0.452988707 	0.001300263734 	4.027755481e-05 	2.778066076e-07 	0.003049374503 	-8.877252549e-08 	5.812955332e-06
0.4569524913 	0.001300687932 	4.590351346e-05 	1.958249535e-07 	0.003058471443 	-6.285562521e-08 	5.830296629e-06
0.4609521059 	0.001301159751 	5.169588474e-05 	1.150072354e-07 	0.003067691647 	-3.71447947e-08 	5.8478729e-06
0.4650310796 	0.001301671953 	5.774204493e-05 	3.456941679e-08 	0.003077058768 	-1.125292822e-08 	5.865729236e-06
0.4668357211 	0.001301897342 	6.05062308e-05 	7.619989096e-08 	0.003081196026 	-3.294270544e-07 	5.873615999e-06
0.4691427018 	0.001302204998 	6.399961434e-05 	4.223195312e-08 	0.003086443638 	-1.530921377e-08 	5.883619406e-06
0.4732883754 	0.0013027724 	7.040510479e-05 	1.158319151e-07 	0.003095838766 	-4.240479772e-08 	5.901529131e-06
0.4774803843 	0.00130338377 	7.702508642e-05 	1.878681737e-07 	0.003105324281 	-6.956867073e-08 	5.91961116e-06
0.4817421683 	0.001304018553 	8.393336212e-05 	2.585281775e-07 	0.003114884018 	-9.699184751e-08 	5.937834676e-06
0.4860417401 	0.001304644482 	9.111318596e-05 	3.269636964e-07 	0.003124436845 	-1.244933499e-07 	5.95604502e-06
0.4903797886 	0.001305292102 	9.849997488e-05 	3.930860586e-07 	0.00313399426 	-1.52122631e-07 	5.974264108e-06
0.4947803999 	0.001305978521 	0.0001061644444 	4.571723326e-07 	0.003143589524 	-1.801067353e-07 	5.992555347e-06
0.4992354499 	0.001306662634 	0.0001141535854 	5.187534288e-07 	0.00315315213 	-2.083964889e-07 	6.010784333e-06
0.5037306601 	0.001307344698 	0.0001224038018 	5.473556488e-07 	0.003162641532 	-2.245576794e-07 	6.028873771e-06
0.5082724463 	0.001308058453 	0.000130917239 	4.836517504e-07 	0.003172089621 	-2.029417013e-07 	6.046884454e-06
0.5128848545 	0.001308792877 	0.0001397753177 	4.216657935e-07 	0.003181476258 	-1.812409341e-07 	6.064777993e-06
0.5175392283 	0.001309512852 	0.0001489661219 	3.620867734e-07 	0.003190715714 	-1.596767138e-07 	6.082390964e-06
0.5222363808 	0.001310252806 	0.0001584253018 	3.049355637e-07 	0.003199824305 	-1.381539502e-07 	6.09975447e-06
0.5270041097 	0.001311029701 	0.0001682400145 	2.499291927e-07 	0.003208809838 	-1.165027851e-07 	6.116883394e-06
0.5318200389 	0.00131179517 	0.0001784369977 	1.976595514e-07 	0.00321757218 	-9.494746636e-08 	6.133586853e-06
0.536680741 	0.001312576507 	0.0001889318891 	1.482097958e-07 	0.003226113378 	-7.345849005e-08 	6.14986875e-06
0.5416066469 	0.001313402873 	0.0001997954539 	1.013944908e-07 	0.003234440819 	-5.192731707e-08 	6.165743168e-06
0.5465869844 	0.001314230457 	0.0002110709232 	5.759992741e-08 	0.003242458197 	-3.052622718e-08 	6.181026518e-06
0.5516142321 	0.001315079994 	0.0002226785267 	1.694238635e-08 	0.00325015807 	-9.303458124e-09 	6.195704615e-06
0.5538787761 	0.001315482297 	0.000228017614 	1.761844273e-07 	0.003253444802 	-4.297195199e-07 	6.20197004e-06
0.5567044034 	0.001315994963 	0.0002346557319 	1.990921655e-08 	0.003257529223 	-1.187114319e-08 	6.209756082e-06
0.5618504434 	0.001316934693 	0.0002470532002 	5.297645343e-08 	0.003264480978 	-3.273340091e-08 	6.22300806e-06
0.5670458373 	0.001317910355 	0.0002598111105 	8.286754022e-08 	0.003271011596 	-5.312634764e-08 	6.235457233e-06
0.5723074182 	0.00131895501 	0.0002729843817 	1.097061869e-07 	0.003277104507 	-7.307634061e-08 	6.247072015e-06
0.5776256405 	0.001320036789 	0.0002866021178 	1.332765127e-07 	0.003282664004 	-9.237631364e-08 	6.25766996e-06
0.5829956533 	0.001321181018 	0.0003005933411 	1.536081594e-07 	0.003287686028 	-1.109338608e-07 	6.267243334e-06
0.5884355186 	0.001322414936 	0.0003150213102 	1.708227987e-07 	0.003292132326 	-1.287329618e-07 	6.275719213e-06
0.5939304637 	0.001323715707 	0.0003298808613 	1.847832976e-07 	0.003295920587 	-1.455360927e-07 	6.282940692e-06
0.5994826701 	0.001325117842 	0.000345123779 	1.956411058e-07 	0.003299048915 	-1.612821128e-07 	6.288904156e-06
0.6051035232 	0.001326628469 	0.000360767975 	2.034971282e-07 	0.003301447902 	-1.758600421e-07 	6.293477291e-06
0.6107177553 	0.001328224511 	0.0003766286033 	2.083281448e-07 	0.003303066269 	-1.889535856e-07 	6.296562349e-06
0.6162709517 	0.001329944207 	0.0003925524859 	2.103937707e-07 	0.003303895876 	-2.004360738e-07 	6.298143811e-06
0.6217637219 	0.001331798549 	0.0004085163194 	2.099516317e-07 	0.003303885366 	-2.102264711e-07 	6.298123775e-06
0.6271906782 	0.001333788167 	0.0004244479809 	2.073354481e-07 	0.0033030972 	-2.183599246e-07 	6.296621312e-06
0.6325614689 	0.001335928493 	0.0004403602639 	2.028813242e-07 	0.003301574535 	-2.249197483e-07 	6.293718689e-06
0.6378707857 	0.001338197979 	0.0004562438489 	1.968015545e-07 	0.003299293381 	-2.298632771e-07 	6.289370176e-06
0.6431174905 	0.001340611633 	0.0004720362892 	1.893995345e-07 	0.003296306989 	-2.332561866e-07 	6.283677282e-06
0.6483109099 	0.001343191429 	0.0004877646607 	1.809260407e-07 	0.003292619794 	-2.351786863e-07 	6.276648463e-06
0.6534436975 	0.001345917187 	0.000503406294 	1.715902115e-07 	0.003288230734 	-2.356395442e-07 	6.268281695e-06
0.6585173111 	0.001348808013 	0.0005189166887 	1.61644571e-07 	0.00328319963 	-2.347176711e-07 	6.258691013e-06
0.6635382093 	0.001351880142 	0.0005343230709 	1.512982968e-07 	0.003277530931 	-2.325705909e-07 	6.247884898e-06
0.6685009905 	0.001355107119 	0.0005495819569 	1.410631798e-07 	0.003271253147 	-2.294723005e-07 	6.235917696e-06
0.6734071819 	0.001358491133 	0.000564654637 	1.313457252e-07 	0.003264426659 	-2.255228173e-07 	6.222904512e-06
0.6782617452 	0.001362016825 	0.0005795727183 	1.218477789e-07 	0.003257043229 	-2.198188935e-07 	6.208829643e-06
0.6830606945 	0.001365971341 	0.0005940562405 	1.198062956e-07 	0.003248517195 	-1.9462485e-07 	6.192576653e-06
0.6878050043 	0.001370752157 	0.0006077622206 	1.341102695e-07 	0.003238274588 	-1.323853281e-07 	6.173051397e-06
0.6924993045 	0.001376979087 	0.0006202441697 	1.583191012e-07 	0.003225529569 	-5.286725263e-08 	6.148755849e-06
0.6971402893 	0.00138460612 	0.0006314885316 	1.865567406e-07 	0.003210525719 	2.711983522e-08 	6.12015434e-06
0.7017288018 	0.001393221157 	0.0006417735506 	2.039579653e-07 	0.003194187888 	7.919658042e-08 	6.089009894e-06
0.7062680543 	0.001402603283 	0.0006513730051 	2.065832985e-07 	0.003177102309 	1.000604166e-07 	6.05644003e-06
0.7107566673 	0.001412238629 	0.0006607390581 	2.048283973e-07 	0.003160086098 	1.132976721e-07 	6.024002403e-06
0.715194862 	0.001421987357 	0.0006699937885 	1.986869285e-07 	0.003143394058 	1.191999291e-07 	5.992182736e-06
0.7195845239 	0.001431719298 	0.0006792984608 	1.906996676e-07 	0.003127279596 	1.210340232e-07 	5.961464093e-06
0.723926108 	0.001441371884 	0.0006887294708 	1.824295432e-07 	0.003111799302 	1.20354978e-07 	5.931954349e-06
0.7282191882 	0.001450938203 	0.0006982991027 	1.74369431e-07 	0.003097023664 	1.188038837e-07 	5.903787877e-06
0.732464596 	0.001460424446 	0.0007080498298 	1.665294932e-07 	0.003083031398 	1.169779853e-07 	5.877114729e-06
0.7366642635 	0.001469853955 	0.000718028658 	1.588964793e-07 	0.003069832772 	1.150547926e-07 	5.85195448e-06
0.7408172213 	0.001479263368 	0.0007282479789 	1.514707362e-07 	0.003057429577 	1.130842296e-07 	5.828310542e-06
0.7449241094 	0.001488689272 	0.0007387196712 	1.442765578e-07 	0.00304587259 	1.111089569e-07 	5.806279713e-06
0.7489861562 	0.001498162485 	0.0007494927871 	1.373260338e-07 	0.003035209436 	1.091400959e-07 	5.785952778e-06
0.7530037844 	0.001507724063 	0.0007605962665 	1.305821851e-07 	0.003025440605 	1.071462247e-07 	5.767330671e-06
0.7569769893 	0.001517420376 	0.0007720345067 	1.240281429e-07 	0.003016596059 	1.05115349e-07 	5.750470507e-06
0.7609063522 	0.001527291984 	0.000783834658 	1.17654438e-07 	0.003008739002 	1.030336279e-07 	5.735492773e-06
0.7647930889 	0.00153738046 	0.0007960368392 	1.114377069e-07 	0.003001905403 	1.008672338e-07 	5.722466034e-06
0.7686371274 	0.001547734721 	0.0008086592691 	1.053342148e-07 	0.00299611185 	9.856251107e-08 	5.711421912e-06
0.7724388481 	0.001558405914 	0.0008217074195 	9.932557236e-08 	0.002991404096 	9.609199779e-08 	5.702447625e-06
0.7761987843 	0.001569440385 	0.0008352086315 	9.339788978e-08 	0.002987845707 	9.342737456e-08 	5.695664347e-06
0.7799179674 	0.001580886998 	0.000849192924 	8.751975971e-08 	0.002985471964 	9.052146718e-08 	5.691139333e-06
0.7835963191 	0.001592799738 	0.0008636698563 	8.164968822e-08 	0.002984309176 	8.731862492e-08 	5.688922735e-06
0.7872343077 	0.001605232728 	0.000878642761 	7.576571557e-08 	0.002984406014 	8.378358602e-08 	5.689107335e-06
0.7908324259 	0.001618236807 	0.0008941284063 	6.985049181e-08 	0.002985819975 	7.987837666e-08 	5.691802738e-06
0.7943914833 	0.001631863492 	0.0009101449533 	6.387988579e-08 	0.00298858686 	7.554643736e-08 	5.697077189e-06
0.7979115777 	0.001646167475 	0.0009266917162 	5.783146428e-08 	0.002992731246 	7.072677806e-08 	5.704977542e-06
0.8013931357 	0.001661202146 	0.0009437606105 	5.171879275e-08 	0.002998292098 	6.539994091e-08 	5.71557807e-06
0.8048366157 	0.001677017031 	0.0009613480248 	4.554440954e-08 	0.003005315159 	5.95920704e-08 	5.728965978e-06
0.8082426297 	0.001693657263 	0.0009794503634 	3.923971215e-08 	0.003013831762 	5.335591883e-08 	5.74520099e-06
0.8116114793 	0.001711164224 	0.000998042576 	3.261349093e-08 	0.003023858799 	4.666117342e-08 	5.764315309e-06
0.8149435088 	0.001729569404 	0.001017071889 	2.549944498e-08 	0.003035428883 	3.909591556e-08 	5.786371105e-06
0.8182391471 	0.001748867703 	0.001036451986 	1.847102461e-08 	0.003048596896 	3.064376189e-08 	5.811472997e-06
0.8214988533 	0.001769129941 	0.001055981169 	1.098709656e-08 	0.003063258584 	2.056469091e-08 	5.839422249e-06
0.8247230973 	0.001790393148 	0.001075654703 	4.57526436e-09 	0.00307937175 	1.041353465e-08 	5.870138423e-06
0.827912141 	0.00181325655 	0.001094674171 	7.245532791e-10 	0.003096122812 	2.113769458e-09 	5.902070602e-06
0.8288611916 	0.001820691243 	0.001100186633 	1.866169651e-07 	0.003101283468 	7.247642168e-08 	5.911908246e-06
0.8310661903 	0.001837978059 	0.001112978722 	2.351227583e-09 	0.003113248281 	6.014283031e-09 	5.934716507e-06
0.8341857644 	0.001864499261 	0.001130839698 	3.84511465e-09 	0.003130903823 	1.292570695e-08 	5.968372877e-06
0.8372713925 	0.001892684962 	0.001148440509 	4.027027228e-09 	0.00314930029 	1.856057391e-08 	6.003441656e-06
0.8403234159 	0.001922021973 	0.001166561223 	4.794327525e-09 	0.003169169166 	2.48772363e-08 	6.041317255e-06
0.8433421648 	0.001952483277 	0.001185163048 	6.770205272e-09 	0.003190563345 	3.275763484e-08 	6.082100506e-06
0.8463280141 	0.001984058852 	0.001204268586 	8.887123576e-09 	0.003213536375 	4.14483341e-08 	6.125893486e-06
0.849281333 	0.002016755417 	0.00122388757 	1.119983636e-08 	0.003238074636 	5.077852956e-08 	6.172670233e-06
0.8522025182 	0.002050568027 	0.001244023124 	1.372909218e-08 	0.0032641678 	6.058390094e-08 	6.222411054e-06
0.8550918897 	0.00208548524 	0.001264675693 	1.646236419e-08 	0.003291797536 	7.084672944e-08 	6.275081012e-06
0.8579497779 	0.002121493773 	0.001285841801 	1.937801603e-08 	0.003320948365 	8.153827838e-08 	6.330650593e-06
0.860776533 	0.002158580179 	0.00130751734 	2.245253725e-08 	0.003351594006 	9.261866991e-08 	6.389069703e-06
0.8635725003 	0.002196725561 	0.001329695396 	2.566384031e-08 	0.003383701045 	1.040234424e-07 	6.450274642e-06
0.8663380328 	0.002235905366 	0.001352365581 	2.898601772e-08 	0.003417230984 	1.15683129e-07 	6.514192026e-06
0.8690734556 	0.00227608666 	0.001375514058 	3.239037841e-08 	0.003452135014 	1.275385219e-07 	6.580728808e-06
0.8717790778 	0.002317227667 	0.001399121091 	3.58399593e-08 	0.003488365276 	1.39520749e-07 	6.649793757e-06
0.8744552277 	0.002359279407 	0.001423162538 	3.929239937e-08 	0.00352586879 	1.515538085e-07 	6.721285877e-06
0.8771022294 	0.002402183081 	0.001447609738 	4.270045539e-08 	0.003564583975 	1.635574182e-07 	6.79508778e-06
0.879720403 	0.002445868769 	0.001472427912 	4.601209498e-08 	0.003604447142 	1.754472462e-07 	6.871078057e-06
0.8823100742 	0.002490253839 	0.001497576561 	4.917310221e-08 	0.003645386813 	1.871404128e-07 	6.949120448e-06
0.8848715319 	0.002535240282 	0.0015230082 	5.2126941e-08 	0.003687326557 	1.985537354e-07 	7.029069258e-06
0.8874050831 	0.002580715386 	0.001548667703 	5.481255803e-08 	0.003730190591 	2.095926184e-07 	7.11078002e-06
0.889911033 	0.00262655279 	0.001574493907 	5.716792508e-08 	0.003773896105 	2.201622342e-07 	7.194094877e-06
0.8923896828 	0.002672612298 	0.001600419636 	5.91301916e-08 	0.003818354476 	2.301747097e-07 	7.278844889e-06
0.8948413303 	0.002718742269 	0.001626372315 	6.06365301e-08 	0.003863474201 	2.395546163e-07 	7.364855625e-06
0.8972662729 	0.00276478311 	0.0016522764 	6.162873276e-08 	0.003909154699 	2.482443991e-07 	7.45193535e-06
0.8996647878 	0.002810574333 	0.001678055852 	6.205873993e-08 	0.003955287792 	2.561889126e-07 	7.539877848e-06
0.902037163 	0.002855972021 	0.001703640276 	6.190434766e-08 	0.004001753288 	2.632969314e-07 	7.628453998e-06
0.9043836826 	0.002900881531 	0.001728976021 	6.119263112e-08 	0.004048407273 	2.694484567e-07 	7.71738946e-06
0.9067046279 	0.002945320243 	0.00175405758 	6.011203989e-08 	0.004094965148 	2.739041627e-07 	7.806141709e-06
0.9090002764 	0.002989531417 	0.001778967296 	5.898946197e-08 	0.004140911547 	2.7594992e-07 	7.893728315e-06
0.9112709039 	0.003034445692 	0.001802560675 	5.113901969e-08 	0.004185163384 	2.723680685e-07 	7.978084616e-06
0.9135167756 	0.003080623253 	0.001823960284 	4.355400149e-08 	0.00422720852 	2.673852815e-07 	8.058234332e-06
0.9157381588 	0.003127193694 	0.001844628388 	4.078698539e-08 	0.004268066229 	2.641415236e-07 	8.136120481e-06
0.9179353193 	0.003173542399 	0.001865047412 	3.528968096e-08 	0.004308329907 	2.593258043e-07 	8.212874241e-06
0.9201085197 	0.003219692197 	0.001884597583 	2.974169871e-08 	0.004347823022 	2.538443418e-07 	8.288159094e-06
0.9222580196 	0.003265541434 	0.001903303453 	2.404016367e-08 	0.004386447556 	2.473154771e-07 	8.361788191e-06
0.9243840758 	0.003310999618 	0.001921176654 	1.816453302e-08 	0.004424090053 	2.399311271e-07 	8.433545254e-06
0.9264869418 	0.003355980512 	0.001938230546 	1.211587047e-08 	0.004460681033 	2.316715378e-07 	8.503297832e-06
0.9285668654 	0.003400404517 	0.001954478755 	5.905094328e-09 	0.004496148547 	2.225597379e-07 	8.57090877e-06
0.930624095 	0.003444197652 	0.001969936391 	-4.446945214e-10 	0.004530428089 	2.126235751e-07 	8.636255104e-06
0.9326588765 	0.003487291207 	0.001984621181 	-6.89916694e-09 	0.004563459807 	2.019038582e-07 	8.699222741e-06
0.9346714528 	0.00352962181 	0.001998551697 	-1.314812559e-08 	0.004595187554 	1.866596962e-07 	8.759704645e-06
0.9366620643 	0.003571130999 	0.002011747886 	-1.878062637e-08 	0.004625560127 	1.679430669e-07 	8.81760321e-06
0.9386309488 	0.003611764938 	0.002024231175 	-2.391900209e-08 	0.004654531433 	1.499185266e-07 	8.872830571e-06
0.9405783414 	0.003651473741 	0.002036025804 	-2.854403946e-08 	0.00468206364 	1.326374266e-07 	8.925314609e-06
0.9425044729 	0.003690212865 	0.002047157524 	-3.263938187e-08 	0.004708097661 	1.161483115e-07 	8.974942689e-06
0.9444095732 	0.003727938364 	0.00205766201 	-3.613567257e-08 	0.004732612636 	1.005178396e-07 	9.021675047e-06
0.94629387 	0.003761638734 	0.002066359682 	-3.87645259e-08 	0.004753613568 	8.690695415e-08 	9.061708659e-06
0.947521422 	0.003788257854 	0.002072982959 	-4.078358847e-08 	0.004769636292 	7.658933977e-08 	9.092252424e-06
0.9487264187 	0.003811014832 	0.002078884558 	-4.215968622e-08 	0.00478309346 	6.795208461e-08 	9.117905527e-06
0.9499092729 	0.003833019146 	0.002084485395 	-4.326758296e-08 	0.00479577119 	5.984807146e-08 	9.142072804e-06
0.9510703901 	0.003854271392 	0.002089837644 	-4.411601667e-08 	0.004807697257 	5.227437511e-08 	9.164807203e-06
0.9522101683 	0.003874779883 	0.002094958851 	-4.47121456e-08 	0.00481887354 	4.522410587e-08 	9.186112305e-06
0.9533289981 	0.003894552908 	0.002099865227 	-4.506391736e-08 	0.004829320657 	3.868782079e-08 	9.206027413e-06
0.9544272634 	0.003913599592 	0.002104572142 	-4.517959898e-08 	0.004839055599 	3.265501682e-08 	9.224584917e-06
0.9555053405 	0.003931929652 	0.002109093693 	-4.506775701e-08 	0.004848094722 	2.711464217e-08 	9.241815998e-06
0.9565635991 	0.003949553303 	0.002113442315 	-4.473748644e-08 	0.004856453805 	2.205529488e-08 	9.257750733e-06
0.9576024024 	0.003966480984 	0.002117629498 	-4.419810268e-08 	0.004864148451 	1.746527641e-08 	9.272418867e-06
0.9586221067 	0.003982723257 	0.002121665705 	-4.345907436e-08 	0.0048711935 	1.333251521e-08 	9.285848689e-06
0.9596230621 	0.003998290695 	0.002125560199 	-4.253004224e-08 	0.004877602995 	9.644636709e-09 	9.298066969e-06
0.9606056123 	0.004013193722 	0.002129321152 	-4.142072704e-08 	0.004883390217 	6.389039236e-09 	9.309099022e-06
0.9615700946 	0.004027442469 	0.002132955671 	-4.014087873e-08 	0.004888567555 	3.552945267e-09 	9.318968468e-06
0.9625168402 	0.004041046636 	0.002136469813 	-3.870022984e-08 	0.004893146426 	1.123454758e-09 	9.327697068e-06
0.9634461743 	0.004054015337 	0.002139868596 	-3.710845417e-08 	0.004897137183 	-9.124063158e-10 	9.335304559e-06
0.9643584161 	0.004066356957 	0.002143156004 	-3.537513144e-08 	0.004900549023 	-2.567642217e-09 	9.341808475e-06
0.9652538791 	0.004078078986 	0.002146334984 	-3.350971784e-08 	0.004903389891 	-3.855249506e-09 	9.347223959e-06
0.966132871 	0.004089187864 	0.002149407437 	-3.152152289e-08 	0.004905666368 	-4.788185643e-09 	9.351563556e-06
0.9669956939 	0.004099688801 	0.002152374196 	-2.941969245e-08 	0.004907383545 	-5.37934569e-09 	9.354836974e-06
0.9678426443 	0.004109585602 	0.002155234999 	-2.721319882e-08 	0.004908544881 	-5.64154824e-09 	9.357050803e-06
0.9686740136 	0.004118880473 	0.002157988402 	-2.491084721e-08 	0.004909152137 	-5.587509208e-09 	9.358208401e-06
0.9694900875 	0.004127573792 	0.002160631924 	-2.252122435e-08 	0.004909205163 	-5.229853403e-09 	9.358309484e-06
0.9702911465 	0.004135663922 	0.002163161758 	-2.005274622e-08 	0.004908701538 	-4.581144627e-09 	9.357349434e-06
0.9710774664 	0.004143146974 	0.002165572636 	-1.751373074e-08 	0.004907636582 	-3.653877177e-09 	9.355319333e-06
0.9718493174 	0.004150016501 	0.002167857998 	-1.491233008e-08 	0.004906003137 	-2.460500855e-09 	9.352205533e-06
0.9726069652 	0.004156263247 	0.002170009736 	-1.22565844e-08 	0.004903791121 	-1.013478973e-09 	9.347988816e-06
0.9733506705 	0.004161874827 	0.002172018047 	-9.55444989e-09 	0.004900987299 	6.746750953e-10 	9.34264395e-06
0.9740806893 	0.004166835376 	0.002173871299 	-6.813827266e-09 	0.004897574925 	2.591340892e-09 	9.336139018e-06
0.9747972728 	0.004171125169 	0.002175555838 	-4.042598548e-09 	0.004893533338 	4.72372179e-09 	9.32843463e-06
0.9755006677 	0.004174720187 	0.002177055783 	-1.248667809e-09 	0.004888837492 	7.05876579e-09 	9.319483043e-06
0.9761911162 	0.004177591642 	0.002178352776 	1.559994178e-09 	0.004883457434 	9.583075328e-09 	9.309227155e-06
0.9768688561 	0.004179705436 	0.0021794257 	4.37530161e-09 	0.004877357699 	1.228280582e-08 	9.297599366e-06
0.9775341206 	0.004181021552 	0.002180250356 	7.189001742e-09 	0.004870496633 	1.514355281e-08 	9.284520268e-06
0.9781871391 	0.004181493371 	0.002180799093 	9.992619521e-09 	0.004862825609 	1.815022726e-08 	9.269897164e-06
0.9788281363 	0.004181066892 	0.002181040377 	1.277739865e-08 	0.004854288141 	2.128692201e-08 	9.253622376e-06
0.9794573332 	0.004179679855 	0.00218093831 	1.553423796e-08 	0.00484481887 	2.453675893e-08 	9.235571314e-06
0.9800749465 	0.004177260728 	0.002180452081 	1.825367016e-08 	0.004834342413 	2.788174063e-08 	9.215600275e-06
0.980681189 	0.004173727575 	0.002179535312 	2.092562944e-08 	0.00482277204 	3.130253573e-08 	9.193543928e-06
0.9812762697 	0.004168986748 	0.002178135293 	2.353949752e-08 	0.004810008158 	3.477833344e-08 	9.169212421e-06
0.9818603936 	0.004162931397 	0.002176192188 	2.608423832e-08 	0.004795936611 	3.828671293e-08 	9.142388143e-06
0.9824337622 	0.004155439757 	0.002173638099 	2.854797038e-08 	0.004780426734 	4.18033239e-08 	9.112822005e-06
0.9829965731 	0.004146373211 	0.002170395913 	3.091791425e-08 	0.004763329083 	4.530167471e-08 	9.08022913e-06
0.9835490203 	0.004135574069 	0.002166378006 	3.318046984e-08 	0.004744472881 	4.875296076e-08 	9.044283969e-06
0.9840912943 	0.004122863009 	0.002161484798 	3.532102717e-08 	0.004723663092 	5.212580562e-08 	9.004614728e-06
0.9846235821 	0.004108036164 	0.002155603049 	3.732385351e-08 	0.004700677032 	5.538600359e-08 	8.960796909e-06
0.9851460674 	0.0040908618 	0.00214860385 	3.91719782e-08 	0.004675260538 	5.849627753e-08 	8.912346007e-06
0.9856589302 	0.004071076505 	0.002140340364 	4.084708347e-08 	0.004647123614 	6.141605682e-08 	8.85870921e-06
0.9861623475 	0.004048380864 	0.002130645179 	4.232936558e-08 	0.004615935387 	6.410122791e-08 	8.799255781e-06
0.986656493 	0.004022434544 	0.002119327201 	4.359739543e-08 	0.004581318379 	6.650392056e-08 	8.733266141e-06
0.9871415372 	0.003992850738 	0.002106168082 	4.462797974e-08 	0.004542842028 	6.8572333e-08 	8.659919522e-06
0.9876176474 	0.003959189922 	0.00209091806 	4.539602551e-08 	0.004500015333 	7.025061526e-08 	8.57827994e-06
0.9880849879 	0.003920952898 	0.002073291125 	4.587441914e-08 	0.004452278606 	7.147884664e-08 	8.48728047e-06
0.98854372 	0.003877573161 	0.002052959454 	4.60339374e-08 	0.004398994117 	7.219315708e-08 	8.385705424e-06
0.9889940021 	0.003828408634 	0.002029546985 	4.584321849e-08 	0.004339436366 	7.232605415e-08 	8.272171798e-06
0.9894359896 	0.003772733083 	0.002002622195 	4.526883372e-08 	0.004272779837 	7.180703169e-08 	8.145105928e-06
0.989869835 	0.003709726835 	0.001971689759 	4.427553914e-08 	0.00419810149 	7.05634954e-08 	8.002748241e-06
0.9902956881 	0.003638471993 	0.001936177751 	4.282667045e-08 	0.004114314183 	6.852297114e-08 	7.843026347e-06
0.9907136959 	0.003557911738 	0.001895638152 	4.089181646e-08 	0.004020299347 	6.561807389e-08 	7.663807939e-06
0.9911240028 	0.003475269012 	0.001852520101 	3.863467841e-08 	0.003923981491 	6.210534413e-08 	7.480199336e-06
0.9913880804 	0.003401051279 	0.001813188691 	3.649822199e-08 	0.003837730938 	5.871964289e-08 	7.31578181e-06
0.9916521624 	0.003329153005 	0.001775587178 	3.429492091e-08 	0.003754740226 	5.520118196e-08 	7.157578446e-06
0.9919162487 	0.003250434214 	0.001733816296 	3.17903429e-08 	0.003663982174 	5.117960671e-08 	6.984568374e-06
0.9921803393 	0.003164202672 	0.001687554659 	2.89733617e-08 	0.003564707288 	4.66395646e-08 	6.79532285e-06
0.9924444343 	0.003069743689 	0.0016362998 	2.583638494e-08 	0.003456051593 	4.15745828e-08 	6.588194897e-06
0.9927085336 	0.002966308159 	0.001579511963 	2.23787783e-08 	0.003337130499 	3.59918638e-08 	6.361498239e-06
0.9929726373 	0.002853133141 	0.001516619993 	1.861044475e-08 	0.00320702855 	2.991844617e-08 	6.113487765e-06
0.9932367454 	0.002729471716 	0.001447038029 	1.455662385e-08 	0.003064840616 	2.340798379e-08 	5.842438043e-06
0.9935008577 	0.00259463897 	0.001370195316 	1.026414248e-08 	0.002909726108 	1.654922401e-08 	5.546746678e-06
0.9937649745 	0.002448079143 	0.001285585246 	5.809149688e-09 	0.002740991498 	9.475558811e-09 	5.225091615e-06
0.9940290955 	0.00228945989 	0.001192841741 	1.305888264e-09 	0.002558209287 	2.374609314e-09 	4.876657919e-06
0.9942932209 	0.002118798911 	0.001091852165 	-3.084912568e-09 	0.002361382351 	-4.504454506e-09 	4.501451074e-06
0.9945573507 	0.001936625037 	0.0009829145837 	-7.151144539e-09 	0.00215115843 	-1.084999437e-08 	4.100705851e-06
0.9948214848 	0.001744168245 	0.0008669397097 	-1.06335179e-08 	0.001929088472 	-1.629977108e-08 	3.67737879e-06
0.9950856233 	0.001543558923 	0.0007456790767 	-1.324692595e-08 	0.001697899832 	-2.047356454e-08 	3.236668986e-06
0.9953497661 	0.001337995114 	0.0006219260167 	-1.472714798e-08 	0.00146171842 	-2.303291757e-08 	2.786441572e-06
0.9956139132 	0.001131810695 	0.0004995876758 	-1.490433976e-08 	0.001226129186 	-2.37658723e-08 	2.337343014e-06
0.9958780647 	0.0009303589329 	0.0003834880399 	-1.378738483e-08 	0.0009979366551 	-2.26770358e-08 	1.902344627e-06
0.9961422205 	0.0007396355484 	0.0002787849933 	-1.161956194e-08 	0.0007845222894 	-2.004264636e-08 	1.49551753e-06
0.9964063807 	0.0005656255718 	0.0001900224056 	-8.856124806e-09 	0.0005928326057 	-1.638511116e-08 	1.130103716e-06
0.9966705452 	0.0004134697992 	0.0001200734053 	-6.043748204e-09 	0.0004282423276 	-1.235213117e-08 	8.163489002e-07
0.9969347141 	0.0002866642211 	6.94149089e-05 	-3.64673065e-09 	0.0002936848097 	-8.544407502e-09 	5.598448727e-07
0.9971988873 	0.0001865464768 	3.610849718e-05 	-1.913099269e-09 	0.0001893715841 	-5.375173194e-09 	3.609948723e-07
0.9974630649 	0.0001122312617 	1.651977271e-05 	-8.510951652e-10 	0.0001131391434 	-3.021903504e-09 	2.156746527e-07
0.9977272468 	6.097217711e-05 	6.424050362e-06 	-3.08152516e-10 	6.117387694e-05 	-1.465741365e-09 	1.166144118e-07
0.9979914331 	2.877021962e-05 	2.010259887e-06 	-8.428239089e-11 	2.878299288e-05 	-5.69165891e-10 	5.486838425e-08
0.9982556237 	1.101307039e-05 	4.611034865e-07 	-1.493760392e-11 	1.100168502e-05 	-1.46099328e-10 	2.09722694e-08
0.9985198186 	3.012393833e-06 	6.526296446e-08 	-1.098995921e-12 	3.007386433e-06 	-7.767885312e-12 	5.732914402e-09
0.9987840179 	4.57153021e-07 	3.922909546e-09 	4.936123164e-14 	4.563012876e-07 	7.602570498e-12 	8.698370765e-10
0.9990482216 	3.25941622e-08 	5.959223836e-11 	4.554504996e-15 	3.253220399e-08 	1.893053336e-12 	6.201542265e-11
