2.086265386e-21 	8.700334334e-05 	-3.554237523e-18 	-2.041224332e-25 	1.451967693e-31 	8.338755542e-39 	4.789007656e-46
2.086265386e-21 	0.0001082257742 	-3.024236465e-06 	0 	4.106353628e-05 	-4.235164736e-22 	7.827851317e-08
2.086265386e-21 	0.0001082257742 	-3.024236465e-06 	0 	4.106353628e-05 	-4.235164736e-22 	7.827851317e-08
0.001074327146 	0.0001130515553 	-4.313077146e-06 	1.88369099e-07 	5.861297266e-05 	-2.557079905e-06 	1.117326165e-07
0.002146986776 	0.000124106094 	-1.151240003e-05 	5.040272253e-07 	4.988479476e-05 	-2.152063925e-06 	9.509428357e-08
0.003217959715 	0.0001259609393 	-1.304394785e-05 	5.78472467e-07 	5.49621825e-05 	-2.269220904e-06 	1.047731958e-07
0.004287226928 	0.0001365119613 	-1.282198148e-05 	5.826831761e-07 	6.683446501e-05 	-2.520944778e-06 	1.27405066e-07
0.005354769522 	0.0001559678871 	-1.424831443e-05 	6.28947786e-07 	8.618771735e-05 	-2.874475684e-06 	1.642977439e-07
0.006420568743 	0.000180679168 	-2.108245271e-05 	7.95830621e-07 	0.0001105610716 	-3.210805806e-06 	2.107601314e-07
0.007484605976 	0.0002062466772 	-3.418463328e-05 	1.04829998e-06 	0.0001355368455 	-3.399098227e-06 	2.583708981e-07
0.008546862746 	0.0002291896765 	-5.016019579e-05 	1.258631395e-06 	0.0001562976451 	-3.355310085e-06 	2.979467522e-07
0.009607320712 	0.0002458324961 	-6.240695074e-05 	1.288808347e-06 	0.0001702682684 	-3.098340843e-06 	3.245786432e-07
0.01066596167 	0.0002558839555 	-6.886177393e-05 	1.156836911e-06 	0.0001782685917 	-2.728999624e-06 	3.39829483e-07
0.01172276756 	0.0002629014502 	-7.296338907e-05 	9.846830143e-07 	0.0001825141131 	-2.3434499e-06 	3.479226268e-07
0.01277772044 	0.0002687421645 	-7.631330228e-05 	8.222402988e-07 	0.0001844610521 	-1.985349683e-06 	3.516340336e-07
0.01383080251 	0.0002732617344 	-7.835483488e-05 	6.807564058e-07 	0.0001848997607 	-1.665455433e-06 	3.52470334e-07
0.01488199612 	0.00027616041 	-7.864266364e-05 	5.611134176e-07 	0.0001844251098 	-1.380602357e-06 	3.515655175e-07
0.01593128371 	0.0002781478182 	-7.817114703e-05 	4.558898215e-07 	0.0001835871975 	-1.123956823e-06 	3.499682239e-07
0.0169786479 	0.0002798117003 	-7.764045954e-05 	3.602931939e-07 	0.0001826894188 	-8.899756666e-07 	3.482568081e-07
0.01802407142 	0.000281271033 	-7.711579953e-05 	2.726310454e-07 	0.0001818538867 	-6.748206074e-07 	3.466640518e-07
0.01906753711 	0.0002825906815 	-7.662697041e-05 	1.917657581e-07 	0.0001811279942 	-4.757874963e-07 	3.452802989e-07
0.02010902796 	0.000283810056 	-7.618533943e-05 	1.169162838e-07 	0.0001805224447 	-2.908945012e-07 	3.441259532e-07
0.02114852709 	0.0002849563114 	-7.579413424e-05 	4.751282021e-08 	0.0001800338432 	-1.186064524e-07 	3.43194543e-07
0.02190656462 	0.0002857530899 	-7.555307248e-05 	2.916117297e-08 	0.0001797721296 	-6.214131028e-08 	3.42695644e-07
0.02213602389 	0.0002856420983 	-7.538914906e-05 	1.224269969e-08 	0.0001794880953 	-3.182319e-08 	3.421541959e-07
0.02298658729 	0.0002852356327 	-7.492703815e-05 	5.300014855e-08 	0.0001786968623 	-1.414603406e-07 	3.406458858e-07
0.02383601527 	0.0002848784692 	-7.460869925e-05 	8.702878995e-08 	0.0001781489171 	-2.38875451e-07 	3.396013499e-07
0.02468429274 	0.0002845785524 	-7.44197899e-05 	1.150331281e-07 	0.0001778207513 	-3.252761145e-07 	3.389757747e-07
0.0255314047 	0.0002843418868 	-7.434820598e-05 	1.376104566e-07 	0.0001776924385 	-4.016959516e-07 	3.387311748e-07
0.02637733621 	0.0002841686557 	-7.438392359e-05 	1.552779365e-07 	0.000177744322 	-4.690004899e-07 	3.388300792e-07
0.02722207243 	0.0002840598017 	-7.451767092e-05 	1.684865543e-07 	0.0001779588965 	-5.279054919e-07 	3.392391179e-07
0.02806559858 	0.0002840450365 	-7.473843833e-05 	1.776287888e-07 	0.0001783367475 	-5.793622921e-07 	3.399594069e-07
0.02890789998 	0.0002841354624 	-7.503898962e-05 	1.832589713e-07 	0.000178866899 	-6.24854027e-07 	3.409700229e-07
0.02974896199 	0.0002841493202 	-7.528065551e-05 	1.831955062e-07 	0.0001792378773 	-6.611679412e-07 	3.416772108e-07
0.03105328552 	0.0002845361705 	-7.612431902e-05 	1.765425775e-07 	0.0001806996964 	-6.90232269e-07 	3.444638443e-07
0.03237895466 	0.0002849609978 	-7.700717511e-05 	1.333782538e-07 	0.0001821608715 	-5.795937765e-07 	3.4724925e-07
0.03372619192 	0.0002856331578 	-7.80605372e-05 	9.689364599e-08 	0.000183922287 	-4.801599222e-07 	3.506069975e-07
0.03509521438 	0.000286565442 	-7.927746969e-05 	6.638626862e-08 	0.0001859794714 	-3.909803553e-07 	3.545285628e-07
0.03648623309 	0.0002877490203 	-8.065408792e-05 	4.150247754e-08 	0.0001883151124 	-3.112751838e-07 	3.589809437e-07
0.03789945241 	0.0002891983678 	-8.218651621e-05 	2.195440578e-08 	0.000190925952 	-2.406322669e-07 	3.639579297e-07
0.03933506942 	0.0002909248023 	-8.38719581e-05 	7.487376083e-09 	0.0001938083616 	-1.78671646e-07 	3.694526035e-07
0.04079327314 	0.0002929405877 	-8.570864952e-05 	-2.121622275e-09 	0.0001969602583 	-1.250814397e-07 	3.754609946e-07
0.04227424383 	0.0002952583254 	-8.769617548e-05 	-7.066694187e-09 	0.0002003804369 	-7.960091326e-08 	3.819808055e-07
0.04377815219 	0.0002978918239 	-8.983595146e-05 	-7.513071135e-09 	0.0002040685689 	-4.201801593e-08 	3.890114102e-07
0.04530515853 	0.0003008566789 	-9.213193693e-05 	-3.595662753e-09 	0.0002080249204 	-1.216339585e-08 	3.965533158e-07
0.04608381709 	0.0003024997277 	-9.336099808e-05 	1.879269203e-08 	0.0002101390468 	-5.05145494e-08 	4.005834284e-07
0.04669962032 	0.0003037319831 	-9.415033273e-05 	9.624320902e-10 	0.0002120052724 	1.006990334e-08 	4.041409729e-07
0.04795657 	0.0003064867004 	-9.588279455e-05 	4.64044854e-10 	0.0002160002123 	3.52564762e-08 	4.117564388e-07
0.04923369681 	0.0003095621509 	-9.77868652e-05 	-3.153197087e-09 	0.0002202509987 	6.678454191e-08 	4.198596191e-07
0.05053116635 	0.0003129678629 	-9.988050497e-05 	-9.703617213e-09 	0.0002247503464 	1.044838708e-07 	4.284366263e-07
0.0518491351 	0.0003167151506 	-0.0001021872131 	-1.897178192e-08 	0.0002294903469 	1.48262178e-07 	4.374723847e-07
0.0531877496 	0.0003208166794 	-0.0001047360135 	-3.069779988e-08 	0.0002344626083 	1.981301304e-07 	4.46950897e-07
0.05454714558 	0.0003252862524 	-0.000107561804 	-4.456352073e-08 	0.0002396585749 	2.542262021e-07 	4.568558534e-07
0.05592744703 	0.0003301384797 	-0.0001107055777 	-6.018254556e-08 	0.0002450699445 	3.168390329e-07 	4.67171428e-07
0.05732876521 	0.0003353872343 	-0.0001142130901 	-7.710073881e-08 	0.0002506889246 	3.864230603e-07 	4.778827658e-07
0.05875119761 	0.0003410436596 	-0.0001181329164 	-7.927845574e-08 	0.0002565083122 	3.876838928e-07 	4.889761358e-07
0.06019482689 	0.0003471149395 	-0.0001225145984 	-7.618554964e-08 	0.0002625215305 	3.711927676e-07 	5.004390013e-07
0.06165971967 	0.0003536039989 	-0.000127406035 	-7.07051061e-08 	0.0002687219507 	3.498360354e-07 	5.122587255e-07
0.06314592535 	0.0003605102051 	-0.0001328551861 	-6.315978405e-08 	0.0002751013298 	3.233023921e-07 	5.24419595e-07
0.06465775049 	0.0003678685819 	-0.0001389512478 	-5.392195752e-08 	0.0002816801311 	2.911086182e-07 	5.369606189e-07
0.06623409489 	0.00037578089 	-0.0001458607388 	-4.320078124e-08 	0.000288630186 	2.511351635e-07 	5.502093551e-07
0.06783446702 	0.0003840777631 	-0.0001535026194 	-3.381860562e-08 	0.0002957864348 	2.030226738e-07 	5.638511544e-07
0.06945913953 	0.0003927439386 	-0.0001619261028 	-2.513178489e-08 	0.0003031345576 	1.460715384e-07 	5.778587186e-07
0.07110838511 	0.0004018378149 	-0.0001712612618 	-1.443058218e-08 	0.0003106495913 	8.041289029e-08 	5.921844615e-07
0.0727824764 	0.0004113615721 	-0.0001815918149 	-1.022612436e-09 	0.0003183139532 	5.504453715e-09 	6.067948656e-07
0.07289842475 	0.0004120399286 	-0.0001823607855 	-1.99190512e-08 	0.0003188412602 	-4.630956302e-09 	6.078000593e-07
0.07426181252 	0.0004197342648 	-0.0001916309121 	1.905641861e-08 	0.0003252503499 	8.337855652e-08 	6.200175655e-07
0.0757472134 	0.0004281473507 	-0.0002024341244 	4.564223162e-08 	0.0003322353934 	1.830516906e-07 	6.333329998e-07
0.07725503592 	0.0004365457757 	-0.0002138189219 	9.268204759e-08 	0.0003392165087 	2.897444798e-07 	6.46640946e-07
0.07878553239 	0.0004442746467 	-0.0002245032156 	1.808158231e-07 	0.000345879135 	3.980679513e-07 	6.593417635e-07
0.08033895541 	0.000450378244 	-0.0002327052105 	3.032213359e-07 	0.0003519768438 	5.134202586e-07 	6.709656912e-07
0.08191555778 	0.0004552269623 	-0.000239046314 	4.556085372e-07 	0.0003578129794 	6.405556743e-07 	6.820909878e-07
0.08351559245 	0.0004586053726 	-0.0002437744049 	5.057251894e-07 	0.0003638483466 	6.764635764e-07 	6.935960751e-07
0.08513931241 	0.0004610795295 	-0.0002474857907 	4.24866063e-07 	0.0003701695702 	5.938581711e-07 	7.05646084e-07
0.08678697065 	0.0004637747198 	-0.0002514613393 	3.481484343e-07 	0.0003768076557 	5.028973206e-07 	7.1830012e-07
0.08845882009 	0.0004665906611 	-0.0002555766085 	2.701594052e-07 	0.0003837765042 	4.028985412e-07 	7.315846822e-07
0.09015511346 	0.000469527909 	-0.000259829445 	1.907642355e-07 	0.000391091085 	2.933049224e-07 	7.455283062e-07
0.0918761033 	0.0004725818081 	-0.0002642176874 	1.09825968e-07 	0.0003987588928 	1.737880695e-07 	7.60145279e-07
0.09362204182 	0.0004757491216 	-0.0002687384129 	2.717699061e-08 	0.0004067829975 	4.417324357e-08 	7.754414528e-07
0.09419342311 	0.000476811608 	-0.0002702370621 	-2.116577094e-08 	0.0004094723357 	-3.541744109e-08 	7.805680787e-07
0.09531469617 	0.0004793007623 	-0.0002728197804 	7.232497035e-08 	0.0004144649281 	7.98552446e-08 	7.900853476e-07
0.09699468175 	0.000483131263 	-0.0002767060316 	1.829760085e-07 	0.0004221373546 	2.048231273e-07 	8.047111249e-07
0.0986997996 	0.0004871160076 	-0.0002806568933 	2.980581336e-07 	0.000430133679 	3.378841307e-07 	8.199543416e-07
0.1004303306 	0.0004912550435 	-0.0002846681508 	4.176258315e-07 	0.0004384563048 	4.788798816e-07 	8.358195796e-07
0.1021865562 	0.0004955508877 	-0.0002887403407 	5.416996832e-07 	0.0004470979311 	6.277608352e-07 	8.522929212e-07
0.1039687584 	0.0005000245753 	-0.0002929018984 	6.703762085e-07 	0.0004560630071 	7.848612883e-07 	8.693828476e-07
0.105801143 	0.0005047218196 	-0.0002972148101 	7.272459135e-07 	0.0004654969817 	8.599316505e-07 	8.873666253e-07
0.1076898344 	0.000509660614 	-0.0003017040611 	6.190926959e-07 	0.0004754431544 	7.389634634e-07 	9.063267949e-07
0.1096057252 	0.0005148132229 	-0.0003063305499 	5.063140649e-07 	0.0004857523048 	6.099265848e-07 	9.259789007e-07
0.1115490892 	0.0005201608394 	-0.0003110604291 	3.886562359e-07 	0.0004964368585 	4.725817137e-07 	9.463466297e-07
0.1135202004 	0.0005255590429 	-0.0003156248848 	2.551905811e-07 	0.0005074906676 	3.279517412e-07 	9.674182622e-07
0.1155193324 	0.0005311804118 	-0.0003202989136 	1.20283936e-07 	0.0005189621307 	1.733743578e-07 	9.892860592e-07
0.1175467585 	0.000537230142 	-0.0003254356589 	3.584120365e-09 	0.0005308691264 	5.889951081e-09 	1.011984102e-06
0.1176158625 	0.000537442435 	-0.0003256133173 	-2.989805257e-09 	0.0005312793985 	-1.606690414e-09 	1.012766195e-06
0.1195071859 	0.000542819643 	-0.0003300501688 	1.215612101e-07 	0.0005421622905 	1.487258587e-07 	1.033512012e-06
0.1214927075 	0.0005485509591 	-0.0003344578602 	2.508352832e-07 	0.0005538346905 	3.117497643e-07 	1.05576285e-06
0.1235069599 	0.0005544205287 	-0.0003388011878 	3.831869724e-07 	0.0005658331096 	4.834513295e-07 	1.078635172e-06
0.1255502441 	0.0005613527813 	-0.000344092716 	5.204103399e-07 	0.0005789016278 	6.651804245e-07 	1.1035474e-06
0.1286698652 	0.0005700492963 	-0.0003508042397 	7.084939163e-07 	0.0005984418196 	9.59881405e-07 	1.140796436e-06
0.1318034845 	0.0005796196332 	-0.000357973344 	5.614844089e-07 	0.0006192506688 	8.973799279e-07 	1.180463887e-06
0.1349511188 	0.000589821439 	-0.0003657919369 	3.30773748e-07 	0.0006409863175 	6.764808217e-07 	1.221898074e-06
0.1381127882 	0.0006012500365 	-0.0003753156245 	1.542167382e-07 	0.0006640950461 	4.19662573e-07 	1.265949734e-06
0.1413694387 	0.0006136636909 	-0.000385853126 	3.077170367e-08 	0.0006886234533 	1.206134348e-07 	1.312707695e-06
0.1425900493 	0.0006182987098 	-0.0003892255682 	-3.282369349e-08 	0.000697758684 	1.760283998e-08 	1.330121984e-06
0.1445658929 	0.0006258891372 	-0.0003931978423 	1.175239364e-07 	0.0007123488221 	1.851236804e-07 	1.357934842e-06
0.1477280931 	0.0006381626237 	-0.0003989312334 	2.551310936e-07 	0.0007361966337 	5.176448573e-07 	1.403395399e-06
0.1509048918 	0.0006514015385 	-0.0004063038228 	3.303432257e-07 	0.0007616631753 	8.951458734e-07 	1.451941705e-06
0.1540963343 	0.0006650217165 	-0.0004128243917 	3.408513236e-07 	0.0007873265711 	1.317678064e-06 	1.500863271e-06
0.15730247 	0.0006789163503 	-0.0004180314724 	1.996873248e-07 	0.0008129916361 	1.255695036e-06 	1.549788018e-06
0.1605233532 	0.0006936846382 	-0.0004244089373 	6.559238001e-08 	0.000840070272 	9.474241924e-07 	1.601407424e-06
0.1637590427 	0.0007092038882 	-0.000430536428 	9.516571327e-09 	0.0008674795723 	5.844230477e-07 	1.653657168e-06
0.1670096021 	0.0007254070151 	-0.0004352329766 	-2.650335084e-10 	0.000894468194 	1.906885695e-07 	1.705104982e-06
0.1685683127 	0.0007334407118 	-0.0004374220995 	8.204149714e-08 	0.0009075753574 	1.531583783e-08 	1.730090879e-06
0.1702759792 	0.0007422008383 	-0.0004390385226 	3.008133564e-08 	0.000922084382 	2.147265419e-07 	1.757749112e-06
0.1735378181 	0.0007596620456 	-0.000442734915 	6.245321359e-08 	0.0009507892883 	6.412263032e-07 	1.812468642e-06
0.176816035 	0.0007780852764 	-0.0004467331878 	8.588665539e-08 	0.0009803435043 	1.071309174e-06 	1.868807192e-06
0.1801107166 	0.000797447197 	-0.0004511688555 	9.563974116e-08 	0.001010850368 	1.508709058e-06 	1.926961753e-06
0.1834219551 	0.0008177582268 	-0.0004560706892 	8.538949823e-08 	0.00104233449 	1.830373066e-06 	1.98697924e-06
0.1867498487 	0.0008390356589 	-0.0004614744404 	4.293982512e-08 	0.001074815928 	1.436924534e-06 	2.048897888e-06
0.1900945014 	0.0008612815979 	-0.0004673934044 	1.373125893e-08 	0.001108286591 	1.035694281e-06 	2.112702274e-06
0.1934560237 	0.0008845605783 	-0.0004738548028 	-2.06598755e-09 	0.001142791307 	6.268991948e-07 	2.178477853e-06
0.1968739022 	0.0009090357506 	-0.0004809466648 	-4.087589117e-09 	0.00117867828 	2.056639355e-07 	2.246888398e-06
0.1985304137 	0.0009212113056 	-0.0004845995476 	2.131730818e-08 	0.001196401999 	1.334331258e-07 	2.280674733e-06
0.2002921667 	0.0009342084658 	-0.0004880324526 	1.442802392e-08 	0.00121561669 	2.286440976e-07 	2.317303274e-06
0.203671274 	0.0009598850627 	-0.0004951975263 	2.89924403e-08 	0.001253307607 	6.716979621e-07 	2.389152638e-06
0.2070684227 	0.0009864015659 	-0.0005031054608 	2.649318635e-08 	0.001292072651 	1.124232721e-06 	2.463049586e-06
0.2104837616 	0.001013689382 	-0.0005117916501 	7.036347855e-09 	0.001331960425 	1.58731332e-06 	2.539086768e-06
0.213917447 	0.001041657739 	-0.000521292261 	-2.88641131e-08 	0.001373045072 	2.063096853e-06 	2.617405525e-06
0.2173696432 	0.00107018316 	-0.0005316247469 	-5.346641842e-08 	0.001415439397 	1.706404485e-06 	2.698220892e-06
0.2208498461 	0.001099225858 	-0.0005428519432 	-6.070420582e-08 	0.001459549906 	1.288311368e-06 	2.782307782e-06
0.2244220358 	0.001128655596 	-0.0005550612522 	-5.1640451e-08 	0.001506109338 	8.481314963e-07 	2.871063e-06
0.2280123558 	0.001157919021 	-0.0005681873376 	-2.845570511e-08 	0.001554830825 	3.907357603e-07 	2.963939696e-06
0.2309642662 	0.001181318439 	-0.000579803455 	-3.462370131e-08 	0.001596550831 	1.204660652e-07 	3.043469621e-06
0.231601588 	0.001186185389 	-0.0005819647394 	1.020898156e-08 	0.001605659628 	8.45512338e-08 	3.06083352e-06
0.2351229535 	0.001211772463 	-0.0005938754408 	1.087054071e-07 	0.001656373733 	5.033577234e-07 	3.1575087e-06
0.2386642333 	0.001235843059 	-0.0006054670513 	2.88974538e-07 	0.001706353989 	8.184800928e-07 	3.25278496e-06
0.2422256574 	0.001258559445 	-0.0006103143619 	5.546198964e-07 	0.001748798342 	1.006347499e-06 	3.333695694e-06
0.245844 	0.001280011471 	-0.0006077545244 	9.147138848e-07 	0.001782284932 	1.058857613e-06 	3.397530441e-06
0.2495251984 	0.001300140358 	-0.0006044089021 	1.067490062e-06 	0.001812012685 	7.508628638e-07 	3.454199801e-06
0.2532263804 	0.001318541846 	-0.0005982092923 	8.371402091e-07 	0.001836663406 	4.694612427e-07 	3.501190926e-06
0.2569478097 	0.001335327584 	-0.000591770636 	4.976003855e-07 	0.00185898255 	3.344450583e-07 	3.543737419e-06
0.2606897621 	0.001350776441 	-0.0005890789884 	2.253925186e-07 	0.001882724029 	1.952097736e-07 	3.588995275e-06
0.2644525256 	0.001364948256 	-0.000589929337 	2.373969652e-08 	0.001908480033 	2.613099793e-08 	3.638093377e-06
0.2649834881 	0.001366763391 	-0.0005903170349 	1.099951547e-08 	0.001912259548 	-2.846659646e-08 	3.645298184e-06
0.2682013626 	0.00137783857 	-0.000592876181 	1.330960893e-07 	0.001935260064 	1.667273802e-07 	3.68914356e-06
0.2720083861 	0.001389457056 	-0.0005963398752 	2.875742423e-07 	0.001962213001 	3.574452796e-07 	3.740523348e-06
0.2758373145 	0.001399842248 	-0.0005996696676 	4.442058428e-07 	0.001988376577 	5.356462979e-07 	3.790398396e-06
0.2796884853 	0.001409039467 	-0.0006025824947 	6.02918129e-07 	0.002013355248 	7.003568303e-07 	3.838014686e-06
0.28356225 	0.001417140625 	-0.0006050285102 	6.930833665e-07 	0.002037103548 	7.759622706e-07 	3.883285546e-06
0.2874589747 	0.001424303836 	-0.0006070545183 	5.461793526e-07 	0.002059760756 	5.914023387e-07 	3.926476481e-06
0.2914374958 	0.00143061945 	-0.0006086563656 	3.957102052e-07 	0.002081757288 	4.16110404e-07 	3.968407986e-06
0.2954539871 	0.001436162477 	-0.0006098534372 	2.440395305e-07 	0.002103119172 	2.502018179e-07 	4.009129674e-06
0.2994935987 	0.001441009095 	-0.0006106630674 	9.19366171e-08 	0.002123904859 	9.224989015e-08 	4.04875297e-06
0.3019494975 	0.001443573954 	-0.0006109250254 	7.419872167e-08 	0.002136248423 	-2.037863374e-07 	4.072283234e-06
0.3035411544 	0.001445323916 	-0.0006109187596 	6.628724855e-08 	0.00214401558 	5.232744642e-08 	4.087089594e-06
0.3075897287 	0.001449265789 	-0.0006105827058 	2.328792164e-07 	0.002163450187 	1.81709724e-07 	4.124137357e-06
0.3117070592 	0.001452733513 	-0.0006098991423 	4.00219501e-07 	0.002182898526 	3.091620655e-07 	4.161211297e-06
0.3158763763 	0.001455767262 	-0.0006088866023 	5.671353228e-07 	0.002202372574 	4.342432663e-07 	4.198334244e-06
0.3200711507 	0.001458425708 	-0.000607588067 	7.322553486e-07 	0.002221792893 	5.563296194e-07 	4.235354769e-06
0.3242918762 	0.001460740863 	-0.0006060097802 	7.823636395e-07 	0.0022412121 	5.902966244e-07 	4.272373175e-06
0.3285390659 	0.001462773646 	-0.0006041739954 	6.235307325e-07 	0.002260690382 	4.675283283e-07 	4.309504194e-06
0.3328661155 	0.001464521972 	-0.0006020331417 	4.642467477e-07 	0.00228046367 	3.460972297e-07 	4.347197576e-06
0.3372333222 	0.001466008922 	-0.0005996019413 	3.063996285e-07 	0.002300454474 	2.271290274e-07 	4.385305606e-06
0.3416275151 	0.001467264864 	-0.000596903712 	1.504896633e-07 	0.00232058873 	1.109272164e-07 	4.423687093e-06
0.3459484157 	0.001468284951 	-0.0005939958962 	7.029710147e-09 	0.002340456965 	-1.216371188e-08 	4.461561472e-06
0.3460484185 	0.00146831312 	-0.0005939192242 	3.812655911e-09 	0.002340910641 	2.436201666e-09 	4.462426304e-06
0.3504786873 	0.001469370838 	-0.0005902773863 	1.696306208e-07 	0.002361157439 	1.077807226e-07 	4.501022328e-06
0.3549828372 	0.001470208168 	-0.0005862888473 	3.348723264e-07 	0.002381830529 	2.114033868e-07 	4.540430984e-06
0.35951625 	0.001470848353 	-0.000581981988 	4.976926087e-07 	0.002402795692 	3.118404733e-07 	4.580396411e-06
0.3640795876 	0.001471295466 	-0.0005773527469 	6.581166141e-07 	0.002424023387 	4.088381971e-07 	4.620862298e-06
0.3686755843 	0.001471566758 	-0.0005723808438 	8.162391273e-07 	0.002445578078 	5.02142257e-07 	4.66195153e-06
0.373358679 	0.001471622952 	-0.0005669827631 	8.076220279e-07 	0.002467631884 	4.913498851e-07 	4.703992214e-06
0.3780726351 	0.001471481199 	-0.0005611887622 	6.542210054e-07 	0.002490028672 	3.929573702e-07 	4.746686717e-06
0.3828182057 	0.001471153487 	-0.0005550184598 	5.032888293e-07 	0.002512682543 	2.979921542e-07 	4.789871291e-06
0.3875975535 	0.001470654844 	-0.0005484439435 	3.548416113e-07 	0.002535663326 	2.067546994e-07 	4.83367905e-06
0.3924622408 	0.001469943789 	-0.0005413771479 	2.074238603e-07 	0.002559115921 	1.187154383e-07 	4.878386216e-06
0.3973596973 	0.001469034601 	-0.0005338411078 	6.310975607e-08 	0.002582889574 	3.540190072e-08 	4.923705404e-06
0.3995609819 	0.001468548588 	-0.0005302787617 	2.21197204e-07 	0.002593623353 	-1.916796328e-07 	4.94416697e-06
0.4022763705 	0.001468116185 	-0.0005257755173 	8.064203596e-08 	0.002606674848 	3.711301889e-08 	4.969046748e-06
0.4072278368 	0.001467145433 	-0.0005171327585 	2.232947826e-07 	0.002630633494 	9.998811264e-08 	5.014718586e-06
0.4122531061 	0.001465946725 	-0.000507892585 	3.632592677e-07 	0.00265501115 	1.577599588e-07 	5.061189174e-06
0.4173143592 	0.001464528976 	-0.0004980690483 	4.990739307e-07 	0.002679674812 	2.094423035e-07 	5.10820497e-06
0.422412537 	0.001462906491 	-0.0004876533484 	6.30605192e-07 	0.002704581492 	2.547488444e-07 	5.155684023e-06
0.427575927 	0.001461051771 	-0.0004765317333 	7.584370104e-07 	0.002729853886 	2.935705919e-07 	5.20386023e-06
0.4327946249 	0.00145894495 	-0.000464662399 	8.754077379e-07 	0.002755433671 	3.228652539e-07 	5.25262241e-06
0.4380519682 	0.00145660691 	-0.000452067551 	7.478432884e-07 	0.002781195109 	2.611964766e-07 	5.301730871e-06
0.4433556139 	0.00145404016 	-0.0004386794259 	6.239311255e-07 	0.002807177282 	2.048519475e-07 	5.351260114e-06
0.4487334003 	0.001451214425 	-0.0004243928641 	5.034666002e-07 	0.002833425403 	1.539701557e-07 	5.401296328e-06
0.4541517666 	0.001448142783 	-0.0004092223589 	3.877567583e-07 	0.002859788358 	1.092195752e-07 	5.451551448e-06
0.4596118531 	0.001444848541 	-0.0003931515126 	2.769646568e-07 	0.002886208179 	7.087851786e-08 	5.501914968e-06
0.4651459664 	0.001441314403 	-0.0003760395036 	1.707903957e-07 	0.002912768792 	3.900166495e-08 	5.55254688e-06
0.4707278335 	0.001437535599 	-0.0003578600202 	7.054792561e-08 	0.002939332245 	1.401736982e-08 	5.603184204e-06
0.4749329857 	0.001434545293 	-0.0003434671301 	2.328981322e-07 	0.002959124498 	-9.908100416e-08 	5.640913739e-06
0.4763506212 	0.001433598626 	-0.0003386059479 	2.341259178e-08 	0.002965732752 	2.253575999e-09 	5.653510908e-06
0.4820326335 	0.001429629914 	-0.0003181432991 	1.110621079e-07 	0.002991936775 	6.989177418e-09 	5.703463059e-06
0.4877703369 	0.001425431977 	-0.0002964016667 	1.912534071e-07 	0.003018049859 	4.766615413e-09 	5.753241855e-06
0.493555219 	0.001420734369 	-0.0002731986606 	2.612014381e-07 	0.003043959506 	-4.622310057e-09 	5.802632844e-06
0.4994072706 	0.0014153542 	-0.0002477524937 	3.115584452e-07 	0.00306881676 	-1.093539902e-08 	5.850017679e-06
0.5053176938 	0.001411410938 	-0.0002184149665 	3.143906526e-07 	0.003086876495 	8.981373101e-08 	5.884444553e-06
0.511278026 	0.001411817931 	-0.0001849560289 	2.790482698e-07 	0.003092577046 	3.322654069e-07 	5.895311387e-06
0.5173077372 	0.001416605722 	-0.0001494071905 	2.545858324e-07 	0.003088009727 	5.830451442e-07 	5.886604808e-06
0.5233956724 	0.00142423047 	-0.0001139473666 	2.581177741e-07 	0.003078217395 	7.353780082e-07 	5.867937902e-06
0.5295365024 	0.00143384829 	-7.940768569e-05 	2.714665854e-07 	0.003065806943 	8.128796842e-07 	5.844280131e-06
0.5357509981 	0.001444492753 	-4.59374123e-05 	2.797324423e-07 	0.00305281984 	8.615788494e-07 	5.819523103e-06
0.5420221314 	0.001455700483 	-1.345990913e-05 	2.562661263e-07 	0.003039623128 	8.059901741e-07 	5.794366501e-06
0.5483526887 	0.001467128378 	1.807913595e-05 	2.22873288e-07 	0.003026561547 	7.150324073e-07 	5.769467498e-06
0.5547556326 	0.001478592039 	4.869862765e-05 	1.936768601e-07 	0.003013813072 	6.321270188e-07 	5.745165361e-06
0.5611453472 	0.001489959753 	7.816667905e-05 	1.683890303e-07 	0.003001382657 	5.587061257e-07 	5.721469535e-06
0.5674604494 	0.00150111967 	0.0001063325463 	1.467349355e-07 	0.002989397354 	4.944537283e-07 	5.698622217e-06
0.5737018556 	0.001512059056 	0.0001332360956 	1.283007335e-07 	0.002977804556 	4.385436766e-07 	5.676523121e-06
0.5798639363 	0.001522780669 	0.0001589227894 	1.125634395e-07 	0.002966520398 	3.899747289e-07 	5.65501238e-06
0.5859581069 	0.001533237463 	0.0001834851517 	9.914411394e-08 	0.002955610908 	3.477885114e-07 	5.63421586e-06
0.5919785117 	0.001543418353 	0.0002069934944 	8.774756641e-08 	0.002944978077 	3.11356217e-07 	5.613946729e-06
0.5979243277 	0.001553324519 	0.0002294951215 	7.80242885e-08 	0.002934590989 	2.798818886e-07 	5.594146052e-06
0.603806435 	0.001562939937 	0.0002510825659 	6.976606023e-08 	0.002924478862 	2.527100002e-07 	5.574869528e-06
0.6096166771 	0.001572270831 	0.0002718054346 	6.277646333e-08 	0.002914547885 	2.293830508e-07 	5.555938325e-06
0.6153571087 	0.001581319741 	0.0002917075459 	5.683862909e-08 	0.002904805629 	2.093261321e-07 	5.537366878e-06
0.6210352419 	0.001590080501 	0.0003108665885 	5.183589181e-08 	0.002895259844 	1.921314938e-07 	5.519169958e-06
0.6266451332 	0.001598564474 	0.0003293185007 	4.763267118e-08 	0.002885839469 	1.774663684e-07 	5.501212105e-06
0.6321888401 	0.001606774608 	0.0003471033884 	4.409644183e-08 	0.002876569524 	1.649382808e-07 	5.483541014e-06
0.637672122 	0.001614710037 	0.0003642869532 	4.116200386e-08 	0.002867449583 	1.542870055e-07 	5.466155872e-06
0.6430906123 	0.001622383403 	0.0003808993064 	3.874402492e-08 	0.002858428744 	1.452867818e-07 	5.448959645e-06
0.6484456802 	0.001629800959 	0.0003969741922 	3.67587012e-08 	0.002849532678 	1.376740678e-07 	5.432001272e-06
0.653742691 	0.001636964569 	0.0004125695629 	3.517281607e-08 	0.00284076982 	1.312759468e-07 	5.415296828e-06
0.6589779999 	0.001643887344 	0.0004277154382 	3.394129272e-08 	0.00283210067 	1.259558012e-07 	5.39877102e-06
0.6641527762 	0.001650580296 	0.0004424373464 	3.300804786e-08 	0.002823544786 	1.215405637e-07 	5.382461126e-06
0.6692707843 	0.001657046799 	0.000456787041 	3.236084891e-08 	0.002815128455 	1.179130746e-07 	5.366417259e-06
0.6743305076 	0.001663300698 	0.0004707985876 	3.198526811e-08 	0.002806819271 	1.150043491e-07 	5.350577645e-06
0.6793323654 	0.001669358043 	0.0004844911808 	3.1843519e-08 	0.002798628975 	1.127079974e-07 	5.334964665e-06
0.6842786275 	0.001675224766 	0.0004979101201 	3.193595513e-08 	0.002790600051 	1.109470604e-07 	5.319659305e-06
0.6891698224 	0.001680915586 	0.0005110940477 	3.226990791e-08 	0.002782711872 	1.096985288e-07 	5.304622243e-06
0.6940055861 	0.001686450021 	0.0005240618235 	3.282592576e-08 	0.002774970117 	1.089090754e-07 	5.289864306e-06
0.6987869863 	0.001691840112 	0.0005368494351 	3.360781454e-08 	0.002767420252 	1.08537722e-07 	5.275472165e-06
0.7035162408 	0.001697101377 	0.0005494989863 	3.463536397e-08 	0.002760067825 	1.085831555e-07 	5.261456396e-06
0.7081923019 	0.001702255265 	0.0005620365368 	3.591352148e-08 	0.002752914546 	1.090418394e-07 	5.247820258e-06
0.7128159963 	0.001707322621 	0.000574487203 	3.744194136e-08 	0.002745994758 	1.099049004e-07 	5.234629219e-06
0.7173887898 	0.001712320861 	0.000586892472 	3.924465658e-08 	0.002739348253 	1.111806988e-07 	5.221959132e-06
0.7219111564 	0.001717273839 	0.0005992877356 	4.134791915e-08 	0.002732980412 	1.129066049e-07 	5.209820258e-06
0.7263831588 	0.001722209197 	0.0006116966718 	4.375581074e-08 	0.002726915356 	1.151003683e-07 	5.198258575e-06
0.7308055292 	0.001727151875 	0.0006241520646 	4.648563101e-08 	0.002721203768 	1.177911781e-07 	5.187370701e-06
0.7351796769 	0.001732128405 	0.0006366942548 	4.956785195e-08 	0.002715879139 	1.210232805e-07 	5.177220479e-06
0.73950552 	0.001737170707 	0.0006493549489 	5.302723679e-08 	0.002710963 	1.248536541e-07 	5.167848951e-06
0.7437835465 	0.001742313167 	0.0006621600593 	5.687062162e-08 	0.002706496669 	1.293252598e-07 	5.159334883e-06
0.7480144128 	0.001747588848 	0.0006751447383 	6.111927855e-08 	0.002702537821 	1.344918049e-07 	5.151788218e-06
0.7521992977 	0.001753033907 	0.0006883471601 	6.580259766e-08 	0.00269912652 	1.404196901e-07 	5.145285331e-06
0.7563381148 	0.001758689159 	0.0007017972547 	7.093881965e-08 	0.002696299183 	1.471782888e-07 	5.139895641e-06
0.7604314361 	0.0017645973 	0.0007155221838 	7.653203887e-08 	0.00269410988 	1.548255477e-07 	5.13572222e-06
0.7644798564 	0.001770801363 	0.0007295551112 	8.259515555e-08 	0.00269262182 	1.634254441e-07 	5.132885564e-06
0.7684842987 	0.001777347076 	0.0007439310235 	8.914744497e-08 	0.002691886968 	1.730488154e-07 	5.131484733e-06
0.772444869 	0.001784284306 	0.0007586777975 	9.619688637e-08 	0.002691952693 	1.837675176e-07 	5.131610023e-06
0.7763620792 	0.00179166478 	0.0007738202887 	1.037348042e-07 	0.002692880015 	1.956359062e-07 	5.133377756e-06
0.7802364736 	0.001799541073 	0.0007893860602 	1.117557441e-07 	0.002694737186 	2.08709029e-07 	5.136918039e-06
0.784068756 	0.001807967405 	0.0008054043764 	1.202587452e-07 	0.002697585938 	2.23039055e-07 	5.142348552e-06
0.7878592533 	0.00181700115 	0.0008218988546 	1.292376276e-07 	0.002701479653 	2.386818976e-07 	5.149771056e-06
0.7916083725 	0.001826701442 	0.0008388879135 	1.386626984e-07 	0.002706479497 	2.556663575e-07 	5.159302149e-06
0.7953166163 	0.001837127407 	0.000856390669 	1.485048234e-07 	0.002712654202 	2.74014136e-07 	5.171072853e-06
0.7989845177 	0.001848338871 	0.0008744264429 	1.587341149e-07 	0.002720066673 	2.937343299e-07 	5.185203082e-06
0.8026125957 	0.001860396655 	0.0008930112394 	1.686257247e-07 	0.002728771698 	3.135400654e-07 	5.20179728e-06
0.8062011484 	0.001873362448 	0.0009121542022 	1.706783878e-07 	0.002738822493 	3.194448497e-07 	5.220956887e-06
0.8097506432 	0.001887296516 	0.0009318633895 	1.72341254e-07 	0.002750277952 	3.251909679e-07 	5.242794177e-06
0.8132615384 	0.001902258572 	0.0009521443245 	1.73585076e-07 	0.002763191214 	3.306778476e-07 	5.267410443e-06
0.8167343376 	0.001918306317 	0.0009730014394 	1.743885717e-07 	0.002777611925 	3.358016334e-07 	5.294900327e-06
0.8201694132 	0.001935496257 	0.0009944340582 	1.747167138e-07 	0.002793577208 	3.404349949e-07 	5.325334592e-06
0.8235671427 	0.00195388261 	0.001016435762 	1.745452265e-07 	0.002811124332 	3.444789153e-07 	5.358784288e-06
0.8269279557 	0.001973515698 	0.001038999176 	1.738641667e-07 	0.002830289525 	3.478468677e-07 	5.395318473e-06
0.8302522738 	0.00199444274 	0.001062113166 	1.726661674e-07 	0.002851099499 	3.504604161e-07 	5.434988067e-06
0.8335405447 	0.002016706152 	0.001085764847 	1.709508034e-07 	0.002873576214 	3.522436521e-07 	5.477834932e-06
0.8367931182 	0.002040344155 	0.001109936478 	1.687075175e-07 	0.002897727955 	3.531072439e-07 	5.523874865e-06
0.8400103692 	0.002065389755 	0.001134605469 	1.659381402e-07 	0.002923561073 	3.529962934e-07 	5.573119966e-06
0.8431926954 	0.002091869617 	0.001159748016 	1.626550105e-07 	0.002951077175 	3.518713873e-07 	5.625573306e-06
0.8463404884 	0.002119804645 	0.001185336456 	1.588703324e-07 	0.002980267517 	3.497051595e-07 	5.681218209e-06
0.8494541464 	0.002149208498 	0.001211341275 	1.546002439e-07 	0.00301111837 	3.46480781e-07 	5.740028511e-06
0.8525340258 	0.002180088027 	0.001237729157 	1.498471592e-07 	0.003043602421 	3.42169088e-07 	5.801952139e-06
0.8555804738 	0.002212442717 	0.001264461915 	1.446144016e-07 	0.003077687826 	3.367711295e-07 	5.866928396e-06
0.8585938611 	0.002246263692 	0.001291499194 	1.389036431e-07 	0.003113338516 	3.303060203e-07 	5.93488852e-06
0.8615745533 	0.002281534102 	0.001318796362 	1.32702273e-07 	0.003150507779 	3.22800925e-07 	6.005743465e-06
0.8645229106 	0.00231822821 	0.001346303766 	1.259795665e-07 	0.003189144045 	3.14290469e-07 	6.079394927e-06
0.8674392955 	0.002356310893 	0.001373965841 	1.186760448e-07 	0.00322918641 	3.047967631e-07 	6.155726804e-06
0.8703240268 	0.002395737298 	0.001401717446 	1.107170823e-07 	0.003270567011 	2.944769399e-07 	6.234609729e-06
0.8731774496 	0.002436451712 	0.001429481536 	1.019634658e-07 	0.003313217494 	2.832896081e-07 	6.315913404e-06
0.8759999066 	0.002478391402 	0.001457187136 	9.323649451e-08 	0.003357051797 	2.708825139e-07 	6.399473768e-06
0.8787917362 	0.002521531929 	0.001484764329 	8.337136693e-08 	0.003401915424 	2.555904664e-07 	6.484996312e-06
0.8815532721 	0.002565962552 	0.001512066143 	7.08837717e-08 	0.003447533951 	2.367103854e-07 	6.571957902e-06
0.8842848443 	0.002611840238 	0.001538891459 	5.9407318e-08 	0.00349360589 	2.175227638e-07 	6.659783823e-06
0.8869867601 	0.002659142424 	0.001565282133 	5.389073257e-08 	0.003540071695 	2.020963816e-07 	6.748360563e-06
0.8896593419 	0.002707498564 	0.00159174316 	5.15576803e-08 	0.003587244414 	1.897349112e-07 	6.838284877e-06
0.8923029083 	0.002756504695 	0.001618564963 	4.863525767e-08 	0.003635395044 	1.780496612e-07 	6.930073359e-06
0.8949177738 	0.002805925965 	0.001645649396 	4.534427964e-08 	0.003684546851 	1.66222806e-07 	7.023770366e-06
0.8975042491 	0.00285558921 	0.001672913672 	4.181020194e-08 	0.003734615988 	1.539746429e-07 	7.119216056e-06
0.9000626414 	0.002905370424 	0.001700292492 	3.813006533e-08 	0.003785403961 	1.413224144e-07 	7.216032048e-06
0.9025932443 	0.002955224573 	0.001727744834 	3.440333066e-08 	0.0038366431 	1.283027524e-07 	7.313708089e-06
0.9050963565 	0.003005470168 	0.001754325313 	2.9822494e-08 	0.003887703183 	1.146907354e-07 	7.411042797e-06
0.907572275 	0.003056210112 	0.001779794261 	2.529354747e-08 	0.003938329278 	1.010897378e-07 	7.507550206e-06
0.9100212935 	0.00310715471 	0.001804800692 	2.149634496e-08 	0.003988703124 	8.801439469e-08 	7.603576758e-06
0.9124437021 	0.003158186908 	0.001829204018 	1.781654826e-08 	0.004038716691 	7.535200651e-08 	7.698916516e-06
0.9148397876 	0.003209203469 	0.001852910914 	1.440842881e-08 	0.004088261701 	6.32182502e-08 	7.793363077e-06
0.9172098321 	0.003260084472 	0.00187592138 	1.12879877e-08 	0.004137226144 	5.164010055e-08 	7.886702914e-06
0.9195541108 	0.003310715906 	0.001898227116 	8.475312382e-09 	0.004185508009 	4.067342201e-08 	7.978741567e-06
0.9218729013 	0.003360988475 	0.001919816556 	5.989259618e-09 	0.004233009033 	3.036905585e-08 	8.069291721e-06
0.9241664782 	0.003410797192 	0.001940676441 	3.844140228e-09 	0.004279629888 	2.077357639e-08 	8.158164028e-06
0.9264351131 	0.003460040947 	0.001960792253 	2.049002471e-09 	0.004325270755 	1.192692423e-08 	8.245168206e-06
0.9286790742 	0.003508622039 	0.001980149117 	6.077092934e-10 	0.004369832958 	3.862038844e-09 	8.33011615e-06
0.9298318717 	0.003533460614 	0.001989800292 	2.904630167e-07 	0.004392366192 	6.930959886e-07 	8.373070756e-06
0.9308985279 	0.003556443863 	0.001998730554 	5.529479006e-10 	0.004413216762 	3.529957611e-09 	8.412817738e-06
0.9330937405 	0.003603414452 	0.00201652322 	1.434347686e-09 	0.004455327172 	1.022473139e-08 	8.493091883e-06
0.9352650794 	0.003649447244 	0.002033519433 	1.964863857e-09 	0.004496052142 	1.606179756e-08 	8.570724996e-06
0.9374128007 	0.003694469133 	0.002049633545 	2.169663027e-09 	0.004535299651 	2.106772752e-08 	8.645541655e-06
0.9395371583 	0.003734811625 	0.002063274085 	2.134212182e-09 	0.00456981393 	2.545320317e-08 	8.711335464e-06
0.9409211491 	0.003766735108 	0.002073814284 	1.828274145e-09 	0.004596739704 	2.76477425e-08 	8.762663473e-06
0.9422797468 	0.003794118673 	0.002083034277 	1.462137805e-09 	0.004619679456 	2.956775568e-08 	8.806393018e-06
0.9436134151 	0.003820654094 	0.002091782803 	9.878698182e-10 	0.004641638425 	3.108406775e-08 	8.848252915e-06
0.9449226089 	0.003846329476 	0.002100107327 	4.145379746e-10 	0.004662636952 	3.224575816e-08 	8.888281944e-06
0.9462077753 	0.003871142673 	0.002108019318 	-2.468824781e-10 	0.004682663977 	3.307558858e-08 	8.926459019e-06
0.947469353 	0.003895091776 	0.002115530027 	-9.854464921e-10 	0.004701727236 	3.359001164e-08 	8.96279889e-06
0.9487077728 	0.003918176039 	0.00212265051 	-1.790403974e-09 	0.004719832111 	3.380693111e-08 	8.997311813e-06
0.9499234575 	0.003940395624 	0.002129391378 	-2.651260727e-09 	0.004736984361 	3.374528922e-08 	9.030008769e-06
0.9511168222 	0.00396175148 	0.002135762667 	-3.55790595e-09 	0.004753189996 	3.342383065e-08 	9.060901213e-06
0.9522882748 	0.003982245149 	0.002141774053 	-4.500481269e-09 	0.004768455556 	3.286096938e-08 	9.090001613e-06
0.9534382157 	0.004001878657 	0.002147434819 	-5.469443235e-09 	0.004782787638 	3.207498499e-08 	9.117322546e-06
0.9545670384 	0.004020654392 	0.002152753759 	-6.455641595e-09 	0.00479619284 	3.108396291e-08 	9.142876586e-06
0.9556751288 	0.00403857497 	0.002157739187 	-7.450318343e-09 	0.004808677738 	2.990574992e-08 	9.166676272e-06
0.9567628662 	0.004055643116 	0.002162398918 	-8.445122133e-09 	0.004820248745 	2.855790159e-08 	9.188733827e-06
0.9578306228 	0.004071861537 	0.002166740234 	-9.432116658e-09 	0.004830911997 	2.705764217e-08 	9.209060949e-06
0.958878764 	0.004087232796 	0.002170769862 	-1.040378496e-08 	0.004840673236 	2.542183027e-08 	9.227668584e-06
0.9599076489 	0.00410175919 	0.002174493933 	-1.135303096e-08 	0.004849537694 	2.366692981e-08 	9.244566704e-06
0.9609176296 	0.004115442614 	0.002177917949 	-1.227317942e-08 	0.004857509965 	2.180898489e-08 	9.259764068e-06
0.9619090521 	0.004128284424 	0.002181046741 	-1.315797543e-08 	0.00486459388 	1.986359705e-08 	9.273267979e-06
0.9628822562 	0.004140285299 	0.002183884425 	-1.40015843e-08 	0.004870792363 	1.784590251e-08 	9.28508401e-06
0.9638375753 	0.004151445089 	0.002186434354 	-1.479859418e-08 	0.004876107278 	1.577054908e-08 	9.295215717e-06
0.9647753368 	0.004161762653 	0.002188699043 	-1.554403563e-08 	0.00488053934 	1.365168565e-08 	9.303664458e-06
0.9656958622 	0.004171235677 	0.002190680188 	-1.623331909e-08 	0.004884087903 	1.150294158e-08 	9.310429006e-06
0.9665994671 	0.004179860512 	0.002192378513 	-1.686236417e-08 	0.004886750671 	9.337379022e-09 	9.31550498e-06
0.9674864613 	0.00418763197 	0.002193793658 	-1.74275639e-08 	0.004888523664 	7.167434476e-09 	9.318884798e-06
0.968357149 	0.004194543086 	0.002194924213 	-1.792571373e-08 	0.004889401014 	5.004929399e-09 	9.320557271e-06
0.9692118292 	0.004200584902 	0.002195767551 	-1.835410229e-08 	0.004889374605 	2.861005789e-09 	9.320506928e-06
0.9700507949 	0.004205746198 	0.002196319718 	-1.871053816e-08 	0.004888433869 	7.460886975e-10 	9.318713624e-06
0.9708743343 	0.004210013208 	0.002196575305 	-1.899337273e-08 	0.004886565501 	-1.330170678e-09 	9.315151996e-06
0.97168273 	0.004213369302 	0.002196527303 	-1.920153361e-08 	0.004883753121 	-3.358962159e-09 	9.309790818e-06
0.9724762596 	0.004215794633 	0.002196166935 	-1.933456209e-08 	0.004879976905 	-5.332392667e-09 	9.3025923e-06
0.9732551957 	0.004217265743 	0.002195483455 	-1.939265464e-08 	0.004875213171 	-7.243572985e-09 	9.293511299e-06
0.9740198057 	0.004217755128 	0.002194463934 	-1.937670867e-08 	0.004869433906 	-9.086716194e-09 	9.282494414e-06
0.9747703525 	0.004217230739 	0.002193093002 	-1.928837271e-08 	0.004862606234 	-1.085724895e-08 	9.269478974e-06
0.9755070937 	0.004215655433 	0.002191352555 	-1.913010128e-08 	0.00485469181 	-1.255193687e-08 	9.254391882e-06
0.9762302828 	0.004212986342 	0.002189221422 	-1.890521528e-08 	0.004845646129 	-1.416902538e-08 	9.2371483e-06
0.9769401682 	0.004209174161 	0.002186674985 	-1.86179684e-08 	0.004835417739 	-1.570839787e-08 	9.217650145e-06
0.9776369939 	0.004204162351 	0.00218368473 	-1.827362094e-08 	0.004823947341 	-1.717175298e-08 	9.195784379e-06
0.9783209997 	0.004197886208 	0.002180217752 	-1.787852225e-08 	0.004811166764 	-1.856280109e-08 	9.171421047e-06
0.9789924206 	0.004190271827 	0.002176236164 	-1.74402045e-08 	0.004796997783 	-1.988748562e-08 	9.144411031e-06
0.9796514876 	0.004181234895 	0.002171696429 	-1.696744874e-08 	0.004781350767 	-2.115423053e-08 	9.11458347e-06
0.9802984274 	0.004170679314 	0.002166548628 	-1.647049146e-08 	0.004764123126 	-2.237424759e-08 	9.081742798e-06
0.9809334626 	0.004158495632 	0.002160735436 	-1.596128188e-08 	0.004745197478 	-2.356186869e-08 	9.045665253e-06
0.9815568118 	0.004144559224 	0.002154191079 	-1.545326197e-08 	0.004724439592 	-2.473475362e-08 	9.006094953e-06
0.9821686893 	0.004128728175 	0.00214684035 	-1.496155893e-08 	0.004701696078 	-2.591427506e-08 	8.962739494e-06
0.9827693059 	0.00411084088 	0.002138597083 	-1.450367775e-08 	0.004676791574 	-2.712613479e-08 	8.915264587e-06
0.9833588682 	0.004090713264 	0.002129362403 	-1.409952327e-08 	0.004649525519 	-2.840076298e-08 	8.863287908e-06
0.9839375792 	0.004068135545 	0.00211902288 	-1.377147777e-08 	0.004619668493 	-2.977372748e-08 	8.806372119e-06
0.9845056383 	0.004042868501 	0.002107448277 	-1.354484529e-08 	0.004586957909 	-3.128632051e-08 	8.744016653e-06
0.9850632409 	0.004014639173 	0.00209448889 	-1.344820554e-08 	0.004551093033 	-3.298613855e-08 	8.675648232e-06
0.9856105793 	0.003983135892 	0.002079972435 	-1.35138017e-08 	0.004511729244 	-3.492767634e-08 	8.600609909e-06
0.9861478418 	0.003948002573 	0.002063700367 	-1.377797428e-08 	0.004468471365 	-3.717291595e-08 	8.51814837e-06
0.9866752136 	0.003908832166 	0.002045443543 	-1.428163028e-08 	0.004420865999 	-3.979186777e-08 	8.42739931e-06
0.9871928764 	0.003865159205 	0.002024937108 	-1.50707329e-08 	0.004368392538 	-4.28630076e-08 	8.32737031e-06
0.9877010086 	0.003816451382 	0.002001874447 	-1.619678021e-08 	0.004310453456 	-4.64735179e-08 	8.216922315e-06
0.9881997853 	0.003762100231 	0.001975900161 	-1.771721523e-08 	0.004246361653 	-5.071957801e-08 	8.094745526e-06
0.9886893783 	0.003701410288 	0.001946601584 	-1.969561006e-08 	0.004175341474 	-5.570528936e-08 	7.959361325e-06
0.9891699566 	0.003633591476 	0.001913495945 	-2.220258643e-08 	0.004096458354 	-6.15393693e-08 	7.808988175e-06
0.9896416856 	0.003557716779 	0.001876205367 	-2.528256354e-08 	0.004008741461 	-6.831826432e-08 	7.641775398e-06
0.9901047282 	0.003480554871 	0.001836868717 	-2.865996797e-08 	0.003919536217 	-7.547180051e-08 	7.471725409e-06
0.9904027491 	0.003411696732 	0.001801271451 	-3.186997107e-08 	0.003840108452 	-8.19598952e-08 	7.320314012e-06
0.9907007766 	0.003345266868 	0.001767533801 	-3.515131604e-08 	0.003764000773 	-8.835282353e-08 	7.175231623e-06
0.9909988108 	0.003272773721 	0.00173020019 	-3.885891771e-08 	0.003681019303 	-9.540359905e-08 	7.017045878e-06
0.9912968515 	0.003193552458 	0.00168898403 	-4.302737721e-08 	0.003590452544 	-1.031365498e-07 	6.844400463e-06
0.9915948988 	0.003106898004 	0.001643408658 	-4.76830325e-08 	0.003491454998 	-1.115660108e-07 	6.655683627e-06
0.9918929527 	0.003012044086 	0.001592946008 	-5.284220538e-08 	0.003383131716 	-1.206847961e-07 	6.449189344e-06
0.9921910132 	0.002908172699 	0.001537013972 	-5.850401115e-08 	0.003264512501 	-1.304489959e-07 	6.223068151e-06
0.9924890802 	0.002794429671 	0.001474981259 	-6.464002196e-08 	0.003134575712 	-1.407623336e-07 	5.975372517e-06
0.9927871539 	0.002669953156 	0.001406181068 	-7.11795593e-08 	0.002992279536 	-1.514542432e-07 	5.704116456e-06
0.9930852341 	0.002533920546 	0.001329938973 	-7.798935668e-08 	0.002836616891 	-1.622518032e-07 	5.407380192e-06
0.993383321 	0.002385621519 	0.00124562327 	-8.484672325e-08 	0.002666703701 	-1.727458348e-07 	5.083478427e-06
0.9936814144 	0.0022245664 	0.001152729287 	-9.140673535e-08 	0.00248191424 	-1.823540064e-07 	4.731218354e-06
0.9939795144 	0.002050639336 	0.001051012146 	-9.716757922e-08 	0.002282078379 	-1.902887127e-07 	4.350275661e-06
0.994277621 	0.001864302675 	0.0009406826214 	-1.014456183e-07 	0.002067752411 	-1.95546163e-07 	3.941710797e-06
0.9945757342 	0.001666849084 	0.0008226723074 	-1.033843876e-07 	0.001840561148 	-1.969454796e-07 	3.508621105e-06
0.9948738539 	0.001460676934 	0.0006989473587 	-1.020373259e-07 	0.001603575477 	-1.932584004e-07 	3.05686055e-06
0.9951719802 	0.001249529242 	0.0005727937384 	-9.657023251e-08 	0.001361629674 	-1.834677179e-07 	2.595644605e-06
0.9954701132 	0.001038591513 	0.0004489137696 	-8.65978474e-08 	0.001121405493 	-1.671512181e-07 	2.137710548e-06
0.9957682527 	0.0008343103082 	0.0003331086024 	-7.25695043e-08 	0.0008910623811 	-1.448884768e-07 	1.698612556e-06
0.9960663988 	0.0006438148305 	0.000231377066 	-5.597703937e-08 	0.0006792650959 	-1.184647787e-07 	1.294868065e-06
0.9963645514 	0.0004739417411 	0.0001485336673 	-3.911533876e-08 	0.0004937199968 	-9.062785686e-08 	9.411675363e-07
0.9966627107 	0.0003300683765 	8.685417738e-05 	-2.435005304e-08 	0.0003396861798 	-6.437122352e-08 	6.475362695e-07
0.9969608765 	0.000215136746 	4.545554424e-05 	-1.325459326e-08 	0.0002190816943 	-4.207428439e-08 	4.176305999e-07
0.9972590489 	0.0001292360895 	2.079892276e-05 	-6.160754581e-09 	0.0001305294118 	-2.496848651e-08 	2.488253377e-07
0.9975572279 	6.986257785e-05 	8.03748486e-06 	-2.360509833e-09 	7.016273704e-05 	-1.313501439e-08 	1.337496775e-07
0.9978554135 	3.266128163e-05 	2.48120064e-06 	-7.030287484e-10 	3.268960464e-05 	-5.858283325e-09 	6.231547205e-08
0.9981536057 	1.230815084e-05 	5.560201005e-07 	-1.463297401e-10 	1.229717337e-05 	-2.033487036e-09 	2.344183026e-08
0.9984518044 	3.277319769e-06 	7.564927016e-08 	-1.719457071e-11 	3.271978126e-06 	-4.617245883e-10 	6.237299708e-09
0.9987500097 	4.732657615e-07 	4.212568369e-09 	-6.575940112e-13 	4.723853758e-07 	-4.504468314e-11 	9.00497819e-10
0.9990482216 	3.026135554e-08 	5.413210932e-11 	5.248720462e-17 	3.020383219e-08 	1.995758224e-13 	5.757689887e-11
0.9990482216 	3.026135554e-08 	5.413210932e-11 	5.248720462e-17 	3.020383219e-08 	1.995758224e-13 	5.757689887e-11
