0.3985144112 	4.952979866e-08 	-6.271791177e-11 	2.455383837e-14 	4.948020794e-08 	-9.666564108e-12 	9.432302865e-11
0.3987124635 	6.371835589e-07 	-3.365157589e-09 	1.058125419e-12 	6.38370201e-07 	-9.304602667e-11 	1.216911029e-09
0.3989105207 	3.697745924e-06 	-4.746546509e-08 	1.325093702e-11 	3.724667248e-06 	-4.754230502e-10 	7.100250992e-09
0.3991085821 	1.256514483e-05 	-3.106809588e-07 	7.930203954e-11 	1.276504941e-05 	-1.48477647e-09 	2.433373204e-08
0.3993066473 	3.133289995e-05 	-1.306316186e-06 	3.086949352e-10 	3.222412358e-05 	-3.489656205e-09 	6.142813578e-08
0.3995047155 	6.430346248e-05 	-4.12359056e-06 	9.069786031e-10 	6.722429197e-05 	-6.847454323e-09 	1.281481845e-07
0.3997027863 	0.0001156385691 	-1.06548408e-05 	2.184261128e-09 	0.000123417324 	-1.186494126e-08 	2.352677217e-07
0.399900859 	0.000189010632 	-2.372555597e-05 	4.527376871e-09 	0.0002068211787 	-1.874641405e-08 	3.942586497e-07
0.4000989332 	0.0002872244894 	-4.701601673e-05 	8.324510584e-09 	0.0003234895094 	-2.752493293e-08 	6.166609141e-07
0.4002970082 	0.0004118527928 	-8.467180023e-05 	1.384791412e-08 	0.0004789248864 	-3.798683817e-08 	9.129639438e-07
0.4004950834 	0.0005629746989 	-0.0001405868517 	2.112901697e-08 	0.0006772333218 	-4.961952996e-08 	1.290994939e-06
0.4006931583 	0.0007391131935 	-0.0002175065319 	2.988366915e-08 	0.0009201735416 	-6.162562363e-08 	1.754106519e-06
0.4008912323 	0.0009374152258 	-0.0003162563268 	3.953732371e-08 	0.001206416294 	-7.303239547e-08 	2.299764763e-06
0.4010893049 	0.001154031434 	-0.0004354219947 	4.93524141e-08 	0.001531361839 	-8.287798955e-08 	2.919201285e-06
0.4012873754 	0.00138458391 	-0.0005716272821 	5.860279297e-08 	0.001887679211 	-9.040501796e-08 	3.598441229e-06
0.4014854434 	0.001624603981 	-0.0007202773941 	6.671860318e-08 	0.002266414085 	-9.518313067e-08 	4.320415162e-06
0.4016835082 	0.001869868132 	-0.0008764513078 	7.3353644e-08 	0.002658278698 	-9.712500537e-08 	5.067418028e-06
0.4018815693 	0.002116615071 	-0.001035638311 	7.837626026e-08 	0.003054732908 	-9.641712476e-08 	5.823169942e-06
0.4020796261 	0.002361659288 	-0.00119416616 	8.181607767e-08 	0.003448643875 	-9.341541642e-08 	6.574073726e-06
0.4022776781 	0.002602425632 	-0.001349329474 	8.380117889e-08 	0.003834519098 	-8.854885886e-08 	7.30965915e-06
0.4024757247 	0.002836928277 	-0.001499314621 	8.450634898e-08 	0.004208431825 	-8.225137516e-08 	8.022440732e-06
0.4026737653 	0.003063714383 	-0.001643028152 	8.411851022e-08 	0.004567783812 	-7.492327378e-08 	8.707465495e-06
0.4028717994 	0.003281789454 	-0.001779906501 	8.281722314e-08 	0.004911018674 	-6.691464692e-08 	9.361766539e-06
0.4030698264 	0.003490537439 	-0.001909748586 	8.076559279e-08 	0.005237352563 	-5.852197021e-08 	9.983849632e-06
0.4032678458 	0.003689644287 	-0.002032586143 	7.810733384e-08 	0.005546551109 	-4.999128887e-08 	1.0573268e-05
0.4034658569 	0.003879029751 	-0.002148591671 	7.496702539e-08 	0.005838757926 	-4.152395119e-08 	1.113029541e-05
0.4036638593 	0.004058789312 	-0.002258017113 	7.145178634e-08 	0.006114370092 	-3.328283309e-08 	1.16556888e-05
0.4038618524 	0.00422914636 	-0.002361156498 	6.765337894e-08 	0.006373944364 	-2.539774205e-08 	1.21505095e-05
0.4040598357 	0.004390411441 	-0.002458319787 	6.365069429e-08 	0.006618173036 	-1.797206813e-08 	1.261607723e-05
0.4042578085 	0.004543043041 	-0.002549660529 	5.950405464e-08 	0.006847655802 	-1.108854453e-08 	1.305353517e-05
0.4044557703 	0.004706302486 	-0.002648108212 	5.516530737e-08 	0.007092621166 	-3.99690954e-09 	1.352050723e-05
0.4047633343 	0.00489615659 	-0.002761686877 	4.870539898e-08 	0.007374687807 	3.719053008e-09 	1.405820465e-05
0.4050766481 	0.005090760573 	-0.002876117546 	4.205585264e-08 	0.007659563178 	1.064496551e-08 	1.460125628e-05
0.4053958166 	0.005271960916 	-0.002982248755 	3.551434311e-08 	0.007922007183 	1.588429088e-08 	1.51015475e-05
0.4057209459 	0.005440640606 	-0.003080501866 	2.917535103e-08 	0.008163302563 	1.933753731e-08 	1.556152356e-05
0.4060521443 	0.005597568416 	-0.003171474973 	2.313718093e-08 	0.008384925359 	2.093244039e-08 	1.59839982e-05
0.4063895215 	0.005743503304 	-0.003255722615 	1.748532363e-08 	0.008588231164 	2.062379037e-08 	1.637155557e-05
0.4067331892 	0.005879176906 	-0.003333748756 	1.229392962e-08 	0.008774504339 	1.838853756e-08 	1.672664402e-05
0.4070832607 	0.006005285136 	-0.003406010814 	7.626436614e-09 	0.008944942101 	1.422417746e-08 	1.705154576e-05
0.4074398513 	0.006122483473 	-0.003472922675 	3.536042642e-09 	0.009100656486 	8.146523084e-09 	1.734838066e-05
0.4078030778 	0.006231384837 	-0.003534858845 	6.616597256e-11 	0.00924267677 	1.876022398e-10 	1.761911079e-05
0.4078108127 	0.006233500061 	-0.003536056833 	-4.931183879e-08 	0.009245379638 	1.105433823e-07 	1.762426321e-05
0.4081725207 	0.006332545594 	-0.003592150247 	2.594152869e-09 	0.009371931164 	1.006525593e-08 	1.786550559e-05
0.4085488195 	0.006426508358 	-0.003645113723 	4.619904619e-09 	0.009489322102 	2.199439626e-08 	1.808928535e-05
0.4089321083 	0.006513760416 	-0.00369402961 	6.005967337e-09 	0.009595660401 	3.551531811e-08 	1.82919957e-05
0.4093225113 	0.006594749796 	-0.003739153263 	6.749453462e-09 	0.009691693587 	5.054994828e-08 	1.847506164e-05
0.4097201548 	0.006669887733 	-0.003780717941 	6.852400027e-09 	0.009778111234 	6.701759187e-08 	1.86397977e-05
0.4101251668 	0.006739550799 	-0.003818937398 	6.320763502e-09 	0.009855549813 	8.483666309e-08 	1.878741715e-05
0.4105376773 	0.006804088074 	-0.003853998366 	5.163798118e-09 	0.00992459165 	1.039255136e-07 	1.891903008e-05
0.4109578179 	0.006863873563 	-0.003886131763 	3.389366351e-09 	0.009985846512 	1.242104866e-07 	1.903579887e-05
0.4113876857 	0.006919274857 	-0.00391556603 	1.002828705e-09 	0.0100398953 	1.457332201e-07 	1.91388309e-05
0.4118269536 	0.006970511152 	-0.003942391895 	-1.989213767e-09 	0.01008711528 	1.684397665e-07 	1.922884529e-05
0.4122743862 	0.007017705725 	-0.003966685024 	-5.571374874e-09 	0.01012779972 	1.921940154e-07 	1.930640114e-05
0.412730134 	0.007061031755 	-0.003988572552 	-9.730893192e-09 	0.01016230755 	2.169347682e-07 	1.937218265e-05
0.4131943501 	0.007100692756 	-0.004008173521 	-1.445696913e-08 	0.01019100832 	2.426094866e-07 	1.94268943e-05
0.4136671905 	0.007136872911 	-0.00402560043 	-1.973986946e-08 	0.01021423658 	2.691693315e-07 	1.947117383e-05
0.4141488139 	0.007169739673 	-0.004040957371 	-2.557090555e-08 	0.01023229983 	2.965692601e-07 	1.950560739e-05
0.4146393819 	0.007199445466 	-0.004054340597 	-3.194248683e-08 	0.01024548031 	3.247676126e-07 	1.953073306e-05
0.4151390593 	0.007226129179 	-0.004065839182 	-3.884814872e-08 	0.01025403693 	3.537256395e-07 	1.954704435e-05
0.4156480135 	0.007249917552 	-0.004075535596 	-4.628252827e-08 	0.01025820694 	3.834069876e-07 	1.955499356e-05
0.4161664152 	0.007270926446 	-0.004083506205 	-5.424129684e-08 	0.01025820772 	4.137771731e-07 	1.955499503e-05
0.4166944381 	0.007289262008 	-0.004089821712 	-6.272106498e-08 	0.01025423831 	4.448030533e-07 	1.954742825e-05
0.4172322591 	0.007305021737 	-0.004094547568 	-7.17192695e-08 	0.01024648102 	4.764523099e-07 	1.953264068e-05
0.4177800583 	0.007318295453 	-0.004097744347 	-8.123405087e-08 	0.01023510277 	5.086929522e-07 	1.951095057e-05
0.418338019 	0.007329166177 	-0.004099468095 	-9.126412675e-08 	0.01022025649 	5.414928477e-07 	1.948264944e-05
0.418906328 	0.007337710934 	-0.004099770664 	-1.018086652e-07 	0.01020208239 	5.748192817e-07 	1.944800455e-05
0.4194851754 	0.007344001479 	-0.004098700024 	-1.128671597e-07 	0.01018070909 	6.086385465e-07 	1.940726112e-05
0.4200747546 	0.007348104966 	-0.004096300564 	-1.244393057e-07 	0.01015625479 	6.429155578e-07 	1.936064441e-05
0.4206752628 	0.007350084556 	-0.004092613373 	-1.365248772e-07 	0.01012882824 	6.776135017e-07 	1.930836179e-05
0.4212869005 	0.007349999985 	-0.004087676497 	-1.491236067e-07 	0.01009852984 	7.126934564e-07 	1.925060462e-05
0.421909872 	0.007347908011 	-0.004081525443 	-1.622350797e-07 	0.01006545207 	7.481143476e-07 	1.91875492e-05
0.4225443853 	0.00734386507 	-0.004074188855 	-1.758575773e-07 	0.01002967918 	7.838315528e-07 	1.911935611e-05
0.4231906521 	0.007337919854 	-0.004065694178 	-1.899938869e-07 	0.009991271615 	8.197983118e-07 	1.904614063e-05
0.4238501406 	0.007330092922 	-0.004056077951 	-2.046777718e-07 	0.009950232129 	8.560518368e-07 	1.896790796e-05
0.4245253395 	0.007320428406 	-0.004045321896 	-2.199381206e-07 	0.009906581866 	8.926572817e-07 	1.888469843e-05
0.4252130261 	0.007308990055 	-0.004033451075 	-2.357104835e-07 	0.009860435404 	9.293217854e-07 	1.879673045e-05
0.4259134289 	0.007295827911 	-0.004020531144 	-2.519876971e-07 	0.009811911974 	9.659860276e-07 	1.87042313e-05
0.4266267807 	0.007280996324 	-0.004006576045 	-2.687588794e-07 	0.009761081 	1.002579823e-06 	1.860733334e-05
0.4273533182 	0.007264546781 	-0.003991608947 	-2.860155934e-07 	0.009707994755 	1.039026573e-06 	1.85061362e-05
0.4280932826 	0.007246531665 	-0.003975651051 	-3.037465993e-07 	0.009652706759 	1.075244479e-06 	1.840074191e-05
0.4288469195 	0.007227004424 	-0.003958722708 	-3.219377949e-07 	0.009595268503 	1.111145779e-06 	1.829124863e-05
0.4296144787 	0.007206019785 	-0.003940843447 	-3.405717077e-07 	0.009535729988 	1.146636228e-06 	1.817775168e-05
0.430396215 	0.007183633832 	-0.003922031962 	-3.596268711e-07 	0.009474140424 	1.181615024e-06 	1.806034485e-05
0.4311923873 	0.007159903921 	-0.003902305999 	-3.790771356e-07 	0.009410549186 	1.21597501e-06 	1.793912228e-05
0.4320032595 	0.007134888413 	-0.003881682187 	-3.988909431e-07 	0.009345006941 	1.24960329e-06 	1.781418054e-05
0.4328291002 	0.007108646175 	-0.003860175798 	-4.190305903e-07 	0.009277567064 	1.282382413e-06 	1.768562139e-05
0.4336701831 	0.007081235825 	-0.003837800737 	-4.39451657e-07 	0.009208286603 	1.314192377e-06 	1.755355358e-05
0.4345267865 	0.007052716004 	-0.003814567026 	-4.601015208e-07 	0.009137226492 	1.344911707e-06 	1.741809325e-05
0.435399194 	0.007023136813 	-0.003790474393 	-4.809235242e-07 	0.009064432266 	1.374404805e-06 	1.727932723e-05
0.4362886099 	0.006992482687 	-0.00376552489 	-5.018911893e-07 	0.008989881616 	1.40259803e-06 	1.713721297e-05
0.4371993628 	0.006960789691 	-0.003739643181 	-5.22976163e-07 	0.008913547008 	1.429677206e-06 	1.699169799e-05
0.4381268879 	0.006923681197 	-0.003709941563 	-5.448258969e-07 	0.008825919579 	1.453967528e-06 	1.682465576e-05
0.4395501106 	0.006877049845 	-0.003672430062 	-5.753806638e-07 	0.008716963326 	1.490777875e-06 	1.661695485e-05
0.4409884004 	0.006825472485 	-0.003629945864 	-6.045204285e-07 	0.008597048155 	1.515882744e-06 	1.638836321e-05
0.44244192 	0.006773128335 	-0.003586530365 	-5.868980437e-07 	0.00847677303 	1.424750666e-06 	1.615908539e-05
0.443910834 	0.006720090811 	-0.003542423208 	-5.674228774e-07 	0.008356523885 	1.334019695e-06 	1.59298571e-05
0.4453953093 	0.006666453318 	-0.003497752112 	-5.462429887e-07 	0.008236601929 	1.244246094e-06 	1.570125252e-05
0.4468955146 	0.00661228675 	-0.003452630417 	-5.235300523e-07 	0.008117259599 	1.155957066e-06 	1.547375287e-05
0.448411621 	0.006557538673 	-0.003407168105 	-4.994984158e-07 	0.007998560245 	1.069630434e-06 	1.524747891e-05
0.449951937 	0.006502161949 	-0.00336137849 	-4.741609768e-07 	0.007880531103 	9.852809002e-07 	1.502248256e-05
0.4515094159 	0.006446246596 	-0.003315392195 	-4.479297925e-07 	0.007763430782 	9.037452543e-07 	1.47992568e-05
0.4530833577 	0.006389845597 	-0.003269423228 	-4.210857914e-07 	0.007647522512 	8.254820129e-07 	1.457830343e-05
0.4546739418 	0.006332950947 	-0.003223553554 	-3.938538973e-07 	0.007532910208 	7.507620524e-07 	1.435982052e-05
0.4562813499 	0.006275534748 	-0.00317786063 	-3.664552359e-07 	0.007419609728 	6.797718169e-07 	1.414383831e-05
0.4579057659 	0.006217562425 	-0.003132405756 	-3.39091597e-07 	0.007307614065 	6.126291082e-07 	1.393034345e-05
0.4595473762 	0.006158978671 	-0.003087229205 	-3.119437157e-07 	0.007196865005 	5.493775184e-07 	1.371922496e-05
0.4612079065 	0.006099644373 	-0.003042339219 	-2.851357647e-07 	0.007087174017 	4.899410273e-07 	1.351012345e-05
0.4628933738 	0.006039469558 	-0.002997685901 	-2.586874377e-07 	0.006978393142 	4.34078128e-07 	1.330275687e-05
0.4645966365 	0.005978487259 	-0.002953333838 	-2.328690895e-07 	0.006870564212 	3.819823905e-07 	1.309720496e-05
0.4663178905 	0.005916690203 	-0.002909369951 	-2.077713074e-07 	0.006763708958 	3.33529867e-07 	1.289350915e-05
0.4680573339 	0.005854024534 	-0.00286577265 	-1.834405588e-07 	0.00665774085 	2.885225608e-07 	1.269150448e-05
0.4698151678 	0.005790432184 	-0.002822527172 	-1.599050052e-07 	0.006552533896 	2.467340383e-07 	1.249095079e-05
0.4715915958 	0.00572584996 	-0.002779601062 	-1.371718779e-07 	0.006447956738 	2.079144995e-07 	1.229159766e-05
0.4733876059 	0.00566012805 	-0.002736945708 	-1.152190987e-07 	0.006343771971 	1.717855538e-07 	1.209299254e-05
0.4752105253 	0.005593153898 	-0.002694448922 	-9.391885132e-08 	0.00623977781 	1.37933565e-07 	1.189475076e-05
0.477052684 	0.005524961084 	-0.002652109772 	-7.33796269e-08 	0.006135962313 	1.063123315e-07 	1.169684957e-05
0.4789142958 	0.005455554413 	-0.002609966948 	-5.355918268e-08 	0.0060323217 	7.666331922e-08 	1.149928176e-05
0.480795578 	0.005384890349 	-0.002567958153 	-3.439933883e-08 	0.005928769254 	4.872139172e-08 	1.130188201e-05
0.4826967503 	0.005312927117 	-0.00252603102 	-1.58388849e-08 	0.005825184201 	2.223143503e-08 	1.110442011e-05
0.4843826563 	0.005248561948 	-0.002489263045 	2.746495931e-07 	0.005734119874 	-6.734611727e-07 	1.09308262e-05
0.48461787 	0.00523957602 	-0.002484131957 	-2.021341772e-09 	0.005721407825 	2.803904382e-09 	1.09065935e-05
0.4865627896 	0.005164737074 	-0.002442172606 	-1.83091309e-08 	0.005617269988 	2.523955796e-08 	1.070807784e-05
0.488532044 	0.005088371756 	-0.0024000609 	-3.425573464e-08 	0.0055126608 	4.699328353e-08 	1.050866365e-05
0.4905221263 	0.005010525733 	-0.002357807745 	-4.987883653e-08 	0.00540759786 	6.818013784e-08 	1.030838448e-05
0.4925332712 	0.004931208404 	-0.002315383684 	-6.524277989e-08 	0.005302070598 	8.896550018e-08 	1.010722019e-05
0.494565717 	0.004850404072 	-0.002272728197 	-8.040662996e-08 	0.005196008529 	1.094899174e-07 	9.905036412e-06
0.4966197052 	0.004768053908 	-0.002229785128 	-9.542665149e-08 	0.005089293766 	1.298733872e-07 	9.701608414e-06
0.4986993654 	0.004684064547 	-0.00218645646 	-1.103880324e-07 	0.00498177941 	1.502662098e-07 	9.496656169e-06
0.500805203 	0.00459843169 	-0.002142671095 	-1.25309182e-07 	0.004873406135 	1.707140332e-07 	9.290066586e-06
0.5029333272 	0.004511228848 	-0.002098438218 	-1.401798048e-07 	0.004764222858 	1.912115039e-07 	9.081932915e-06
0.5050839924 	0.004422495213 	-0.002053739601 	-1.550282614e-07 	0.00465426022 	2.118037144e-07 	8.872313563e-06
0.507257457 	0.004332239306 	-0.002008524333 	-1.698723492e-07 	0.004543488318 	2.325076288e-07 	8.661151532e-06
0.5094539826 	0.004240398112 	-0.001962741585 	-1.847275185e-07 	0.004431803727 	2.533315491e-07 	8.44824966e-06
0.5116800765 	0.004146905657 	-0.001916293645 	-1.99639163e-07 	0.004319107797 	2.74329627e-07 	8.233419894e-06
0.5139311403 	0.004051836108 	-0.001869162124 	-2.145282861e-07 	0.00420543666 	2.953743329e-07 	8.016731114e-06
0.5162060616 	0.003955280923 	-0.001821380911 	-2.293737258e-07 	0.004090880612 	3.164181372e-07 	7.798355448e-06
0.5185051168 	0.003857282359 	-0.001772922416 	-2.441466872e-07 	0.003975479411 	3.374109238e-07 	7.578368685e-06
0.5208285862 	0.003757828284 	-0.001723759042 	-2.588179439e-07 	0.003859194121 	3.582930147e-07 	7.356696603e-06
0.523180392 	0.003656875974 	-0.001673829144 	-2.733679041e-07 	0.003741965545 	3.790325899e-07 	7.133226354e-06
0.5255607218 	0.003554471092 	-0.001623109442 	-2.877118074e-07 	0.003623813894 	3.995016163e-07 	6.907996468e-06
0.5279663095 	0.003450734288 	-0.001571646316 	-3.017622641e-07 	0.003504857486 	4.195703136e-07 	6.681232493e-06
0.530397451 	0.003345755245 	-0.001519458931 	-3.154541837e-07 	0.003385194705 	4.391514882e-07 	6.453121973e-06
0.5328544466 	0.003239556153 	-0.001466542571 	-3.287192255e-07 	0.003264840099 	4.581486963e-07 	6.223692644e-06
0.5353409917 	0.003132133503 	-0.001412866558 	-3.414964284e-07 	0.003143781643 	4.764870104e-07 	5.99292158e-06
0.5378573206 	0.00302357171 	-0.001358440624 	-3.536679782e-07 	0.00302208516 	4.940010312e-07 	5.76093426e-06
0.5404003993 	0.002914032777 	-0.001303339128 	-3.6512689e-07 	0.002899913014 	5.105380182e-07 	5.528040193e-06
0.5429705454 	0.002803655656 	-0.00124761282 	-3.757886731e-07 	0.002777412259 	5.259810366e-07 	5.294519707e-06
0.5455680808 	0.002692506799 	-0.001191284343 	-3.855686181e-07 	0.002654644526 	5.402003682e-07 	5.060490288e-06
0.5481981886 	0.002580659203 	-0.00113435692 	-3.943899405e-07 	0.00253167323 	5.530751584e-07 	4.826072818e-06
0.5508576999 	0.002468318466 	-0.001076905631 	-4.02109734e-07 	0.002408679489 	5.643607476e-07 	4.591612563e-06
0.5535455538 	0.002355735265 	-0.001019044822 	-4.086459751e-07 	0.002285909371 	5.738800713e-07 	4.357578597e-06
0.556262091 	0.002243124935 	-0.000960852338 	-4.033807217e-07 	0.00216357707 	5.666466106e-07 	4.124379231e-06
0.5590093701 	0.002130685558 	-0.0009023893253 	-3.875750904e-07 	0.002041859486 	5.443355998e-07 	3.892351685e-06
0.5617900605 	0.002018699219 	-0.0008437448377 	-3.715047032e-07 	0.001921004951 	5.212915663e-07 	3.661969352e-06
0.5646004358 	0.001907584904 	-0.0007850827681 	-3.552334542e-07 	0.001801398417 	4.975043861e-07 	3.433966055e-06
0.5674408566 	0.00179780367 	-0.0007265756951 	-3.387301263e-07 	0.001683474607 	4.727154802e-07 	3.209170499e-06
0.5703118841 	0.001689834126 	-0.0006683774777 	-3.219568363e-07 	0.001567676738 	4.466065733e-07 	2.988427575e-06
0.5732187732 	0.001584241891 	-0.0006106634099 	-3.049393533e-07 	0.001454522809 	4.192304482e-07 	2.772724737e-06
0.5761567623 	0.001481713239 	-0.0005536985919 	-2.877379318e-07 	0.001344650655 	3.908082139e-07 	2.563277876e-06
0.5791262329 	0.001382977432 	-0.0004977853017 	-2.70317479e-07 	0.001238759419 	3.612112617e-07 	2.361419749e-06
0.5821275725 	0.001288801121 	-0.0004432165132 	-2.526549564e-07 	0.00113758332 	3.302273201e-07 	2.168549982e-06
0.5851658635 	0.001200069317 	-0.0003903206036 	-2.347378177e-07 	0.001041948993 	2.977021122e-07 	1.986244376e-06
0.5882368608 	0.001117832624 	-0.0003395079567 	-2.166602982e-07 	0.0009528328551 	2.637020742e-07 	1.816364248e-06
0.591340855 	0.001043161392 	-0.0002912041757 	-1.985422761e-07 	0.0008712410804 	2.284446093e-07 	1.660827648e-06
0.5944786826 	0.0009770363409 	-0.0002457836624 	-1.805785185e-07 	0.0007980831883 	1.923820996e-07 	1.521368373e-06
0.5976542396 	0.0009203170485 	-0.0002035714463 	-1.630762766e-07 	0.0007341108786 	1.56253388e-07 	1.39941937e-06
0.6008639663 	0.000873653278 	-0.0001648253194 	-1.464526975e-07 	0.0006798444418 	1.210912174e-07 	1.295972459e-06
0.6041082905 	0.0008373250545 	-0.0001296637624 	-1.311087252e-07 	0.0006354371597 	8.798667035e-08 	1.211319837e-06
0.6073891503 	0.000811184344 	-9.803510373e-05 	-1.173754395e-07 	0.0006006141417 	5.793314204e-08 	1.144937486e-06
0.6107078431 	0.0007946625834 	-6.975946239e-05 	-1.054757798e-07 	0.0005746903071 	3.172253861e-08 	1.095519452e-06
0.6140623721 	0.0007868159283 	-4.457030733e-05 	-9.546798054e-08 	0.0005566683194 	9.761938531e-09 	1.061164535e-06
0.6174531904 	0.0007864418095 	-2.213977652e-05 	-8.726164195e-08 	0.0005453683206 	-7.984076218e-09 	1.039623596e-06
0.620883615 	0.0007922363057 	-2.117782382e-06 	-8.067960446e-08 	0.0005395610119 	-2.188871987e-08 	1.028553252e-06
0.6243517981 	0.000802916859 	1.581917499e-05 	-7.551926265e-08 	0.0005380756565 	-3.252048506e-08 	1.025721752e-06
0.6278575798 	0.0008173050165 	3.196146803e-05 	-7.155568204e-08 	0.0005399005515 	-4.05045682e-08 	1.029200509e-06
0.6314026713 	0.0008343812411 	4.657466667e-05 	-6.857226757e-08 	0.0005442048061 	-4.643602589e-08 	1.037405614e-06
0.6349881336 	0.0008532902773 	5.988080416e-05 	-6.638734782e-08 	0.0005503041443 	-5.083981978e-08 	1.049032648e-06
0.6386125585 	0.0008733257319 	7.205945278e-05 	-6.484076377e-08 	0.0005576804557 	-5.413434413e-08 	1.063093948e-06
0.642276724 	0.0008939211363 	8.326805188e-05 	-6.379317515e-08 	0.0005659667294 	-5.663768027e-08 	1.078889889e-06
0.6459832748 	0.0009146241511 	9.364146443e-05 	-6.313834973e-08 	0.0005748880564 	-5.860032695e-08 	1.095896417e-06
0.64973021 	0.0009350640267 	0.0001032860261 	-6.279544936e-08 	0.0005842484446 	-6.021064315e-08 	1.113739919e-06
0.6535180509 	0.000954946464 	0.0001122977536 	-6.269106422e-08 	0.0005939450033 	-6.159369069e-08 	1.132224255e-06
0.6573495086 	0.0009740409103 	0.0001207684616 	-6.276766899e-08 	0.0006039184111 	-6.284470519e-08 	1.151236342e-06
0.6612230164 	0.0009921588958 	0.0001287698054 	-6.29843347e-08 	0.0006141219837 	-6.403668427e-08 	1.170687187e-06
0.665138934 	0.001009156294 	0.0001363671785 	-6.329385874e-08 	0.0006245602097 	-6.519875036e-08 	1.190585347e-06
0.6690995676 	0.001024930611 	0.0001436283589 	-6.36557557e-08 	0.0006352449923 	-6.634846496e-08 	1.210953513e-06
0.6731039138 	0.001039408362 	0.0001506054788 	-6.404433897e-08 	0.0006461640704 	-6.750113641e-08 	1.23176831e-06
0.6771522377 	0.001052548091 	0.0001573501619 	-6.442847082e-08 	0.0006573346571 	-6.864450834e-08 	1.253062553e-06
0.681246681 	0.001064340566 	0.0001639234671 	-6.478749525e-08 	0.000668764796 	-6.977409171e-08 	1.274851575e-06
0.6853863423 	0.001074801459 	0.0001703796268 	-6.511723604e-08 	0.000680435788 	-7.089728554e-08 	1.297099729e-06
0.6895716523 	0.001083975681 	0.0001767838347 	-6.540952356e-08 	0.0006923616146 	-7.200655094e-08 	1.319833669e-06
0.6938046212 	0.001091940213 	0.0001832175352 	-6.567005503e-08 	0.0007045485527 	-7.311426203e-08 	1.343065361e-06
0.6980842929 	0.001098787358 	0.0001897468806 	-6.591502237e-08 	0.0007169647837 	-7.424063686e-08 	1.366734148e-06
0.7023638346 	0.001104633686 	0.0001964221541 	-6.614120984e-08 	0.0007295388729 	-7.537789562e-08 	1.390703857e-06
0.7065967077 	0.001109676601 	0.0002033066022 	-6.63600575e-08 	0.0007421794913 	-7.654473341e-08 	1.414800388e-06
0.7107825189 	0.001114198203 	0.0002104968534 	-6.659647307e-08 	0.00075488465 	-7.777678212e-08 	1.439019952e-06
0.71492229 	0.001118521848 	0.0002181227024 	-6.686887858e-08 	0.0007677345221 	-7.910795336e-08 	1.46351538e-06
0.7190167156 	0.001122993774 	0.0002263254307 	-6.720972939e-08 	0.0007808257856 	-8.060292044e-08 	1.488470967e-06
0.7230657653 	0.001127981967 	0.0002352563353 	-6.764705076e-08 	0.0007943218019 	-8.232081051e-08 	1.514198125e-06
0.7270703972 	0.001133880894 	0.0002450886315 	-6.820428306e-08 	0.0008084496146 	-8.430331221e-08 	1.541129662e-06
0.7310311116 	0.001141114211 	0.0002560017586 	-6.889614098e-08 	0.0008234652525 	-8.663878854e-08 	1.569753642e-06
0.7349480478 	0.001150136146 	0.000268181049 	-6.967195719e-08 	0.0008396913931 	-8.93585107e-08 	1.600685175e-06
0.7388220362 	0.001161433693 	0.0002817965619 	-6.999082703e-08 	0.0008574967879 	-9.253762544e-08 	1.634627207e-06
0.7426535726 	0.001175575918 	0.0002971602171 	-7.106156208e-08 	0.000877202833 	-9.552714273e-08 	1.672192406e-06
0.7464428493 	0.001193080623 	0.0003145428825 	-7.357247797e-08 	0.0008992512993 	-9.826749583e-08 	1.71422291e-06
0.7501905479 	0.001214431204 	0.0003341886089 	-7.685169005e-08 	0.0009241665266 	-1.014936975e-07 	1.761718259e-06
0.7538972527 	0.001240140763 	0.0003563873956 	-7.922349438e-08 	0.0009524221745 	-1.057645921e-07 	1.815581377e-06
0.7575631456 	0.001270604696 	0.0003810950727 	-7.724621795e-08 	0.0009845852728 	-1.074094901e-07 	1.876893181e-06
0.7611887622 	0.001306243437 	0.0004083339156 	-7.382970355e-08 	0.001021142029 	-1.06765999e-07 	1.946580519e-06
0.7647748095 	0.001347497016 	0.0004383125599 	-7.063074539e-08 	0.001062420655 	-1.054789172e-07 	2.025269053e-06
0.7683214281 	0.001394671837 	0.0004711388436 	-6.766337248e-08 	0.001108709164 	-1.037264215e-07 	2.113507817e-06
0.7718290835 	0.001447949756 	0.0005068575363 	-6.479411523e-08 	0.001160241452 	-1.01590404e-07 	2.21174268e-06
0.7752984274 	0.001507395191 	0.0005454459371 	-6.18968382e-08 	0.001217149928 	-9.905652928e-08 	2.320226053e-06
0.7787297262 	0.001572953019 	0.0005868106947 	-5.891593527e-08 	0.001279447945 	-9.611355634e-08 	2.438983388e-06
0.7821233653 	0.001644454274 	0.0006307999717 	-5.585329208e-08 	0.001347055528 	-9.278248904e-08 	2.567862231e-06
0.7854798396 	0.001721629712 	0.0006772197582 	-5.27358258e-08 	0.001419799005 	-8.911052553e-08 	2.706531517e-06
0.788799627 	0.001804124174 	0.0007258374466 	-4.959678622e-08 	0.001497407545 	-8.515919041e-08 	2.854474963e-06
0.7920830061 	0.001891513759 	0.0007763929773 	-4.647275758e-08 	0.001579548976 	-8.10003645e-08 	3.011059361e-06
0.795330395 	0.00198332897 	0.0008286161308 	-4.339698868e-08 	0.001665852413 	-7.670706264e-08 	3.1755777e-06
0.7985422953 	0.002079074849 	0.0008822368714 	-4.039515496e-08 	0.00175591149 	-7.234843751e-08 	3.34725533e-06
0.8017190362 	0.002178245502 	0.0009369880979 	-3.7484136e-08 	0.001849297097 	-6.798402458e-08 	3.525274252e-06
0.8048609729 	0.002280339313 	0.0009926146019 	-3.467619103e-08 	0.001945587203 	-6.366580214e-08 	3.708829957e-06
0.8079685004 	0.002384872789 	0.001048883505 	-3.197676534e-08 	0.002044375355 	-5.943460438e-08 	3.897147631e-06
0.811042089 	0.002491388355 	0.001105583787 	-2.938497505e-08 	0.002145264641 	-5.532036372e-08 	4.089470651e-06
0.8140820236 	0.002599457773 	0.001162524065 	-2.689623772e-08 	0.002247878296 	-5.134292821e-08 	4.285080797e-06
0.8170886756 	0.002708687239 	0.00121953633 	-2.4505366e-08 	0.002351874221 	-4.751535468e-08 	4.483325934e-06
0.820062419 	0.002818720632 	0.001276479344 	-2.220590337e-08 	0.002456942478 	-4.3843884e-08 	4.683615235e-06
0.8230036812 	0.002929238665 	0.00133323377 	-1.999066389e-08 	0.002562795518 	-4.032900712e-08 	4.885400549e-06
0.8259127482 	0.003039956511 	0.001389697603 	-1.785383164e-08 	0.002669173523 	-3.696742627e-08 	5.088186593e-06
0.8287899789 	0.003150623724 	0.001445788049 	-1.579229754e-08 	0.002775851483 	-3.375462769e-08 	5.291544435e-06
0.8316357286 	0.003261023281 	0.001501441953 	-1.38048238e-08 	0.002882633758 	-3.06847925e-08 	5.49510113e-06
0.8344503826 	0.003370968484 	0.001556611927 	-1.189201345e-08 	0.002989345269 	-2.775162951e-08 	5.698522929e-06
0.8372342416 	0.003480299649 	0.001611260914 	-1.0056922e-08 	0.003095831961 	-2.494889596e-08 	5.90151616e-06
0.8399876419 	0.003588882405 	0.001665363322 	-8.305816599e-09 	0.003201966647 	-2.227275311e-08 	6.10383837e-06
0.8427109212 	0.003696605931 	0.001718905395 	-6.646999983e-09 	0.003307644888 	-1.972076964e-08 	6.305290469e-06
0.8454044284 	0.003803380275 	0.001771883302 	-5.090543158e-09 	0.003412777487 	-1.729260447e-08 	6.505702423e-06
0.8480684794 	0.003909133642 	0.001824297916 	-3.647997724e-09 	0.00351728759 	-1.498913229e-08 	6.704927725e-06
0.850703385 	0.004013810321 	0.001876154211 	-2.332756572e-09 	0.00362111639 	-1.281434368e-08 	6.902854277e-06
0.8533094671 	0.004117369063 	0.001927463582 	-1.158935655e-09 	0.003724221282 	-1.07743087e-08 	7.099400857e-06
0.8558870443 	0.004219781398 	0.001978241492 	-1.409282e-10 	0.003826569609 	-8.877061015e-09 	7.294505215e-06
0.8584364432 	0.004321029481 	0.002028505917 	7.069763516e-10 	0.003928136323 	-7.131766051e-09 	7.488119602e-06
0.8609579507 	0.004421104191 	0.002078273452 	1.370781226e-09 	0.004028903946 	-5.548977183e-09 	7.680210696e-06
0.8634518736 	0.004520003847 	0.002127562158 	1.837549531e-09 	0.004128865586 	-4.140547354e-09 	7.870765365e-06
0.865918515 	0.004617733069 	0.002176390315 	2.095870501e-09 	0.004228020544 	-2.918662679e-09 	8.059782274e-06
0.8683581774 	0.004714301177 	0.002224776781 	2.136207583e-09 	0.004326372516 	-1.895425205e-09 	8.247268469e-06
0.8707711573 	0.004809720978 	0.002272738098 	1.950676863e-09 	0.004423925587 	-1.082137151e-09 	8.433231735e-06
0.8731577363 	0.004904007524 	0.002320286699 	1.533803295e-09 	0.004520687538 	-4.893410337e-10 	8.617686908e-06
0.8755182041 	0.004997177138 	0.002367434688 	8.828435166e-10 	0.004616670001 	-1.262070384e-10 	8.800656159e-06
0.8778475053 	0.005089036109 	0.002414084034 	4.026957781e-09 	0.004711666457 	8.259172556e-09 	8.981745808e-06
0.8778528463 	0.005089246737 	0.002414191003 	2.100344622e-12 	0.004711884291 	-5.777848961e-15 	8.98216106e-06
0.8801617703 	0.005180226555 	0.002460561019 	1.035567337e-09 	0.004806341654 	1.256490059e-10 	9.162223047e-06
0.8824454411 	0.005270138375 	0.002506551536 	2.30416362e-09 	0.004900051334 	5.078455166e-10 	9.340859742e-06
0.8847041277 	0.0053589956 	0.002552161747 	3.800854644e-09 	0.004993020862 	1.145866334e-09 	9.518085502e-06
0.8869381035 	0.005446809159 	0.002597389664 	5.516431676e-09 	0.005085257804 	2.036335642e-09 	9.693914749e-06
0.8891476383 	0.005533587268 	0.002642230233 	7.440106366e-09 	0.005176765912 	3.173261686e-09 	9.868354635e-06
0.8913329993 	0.005619334872 	0.002686676061 	9.559934369e-09 	0.005267546995 	4.548259506e-09 	1.004140861e-05
0.8934944521 	0.005704053307 	0.002730718243 	1.186383126e-08 	0.005357598566 	6.151003245e-09 	1.021307193e-05
0.8956322522 	0.005787740203 	0.002774343591 	1.43398137e-08 	0.00544691343 	7.969627157e-09 	1.038333089e-05
0.8977466575 	0.005870389193 	0.002817537129 	1.697553923e-08 	0.00553548315 	9.990781543e-09 	1.055216939e-05
0.8998379232 	0.005951989886 	0.002860283636 	1.975950537e-08 	0.005623295393 	1.220029009e-08 	1.071956393e-05
0.9019063017 	0.006032527959 	0.002902565413 	2.26814961e-08 	0.005710333811 	1.458384505e-08 	1.088548335e-05
0.9039520431 	0.006111984952 	0.002944365425 	2.573321067e-08 	0.005796579659 	1.712767613e-08 	1.104989191e-05
0.9059753932 	0.006190338602 	0.002985665538 	2.890950743e-08 	0.005882008788 	1.981964004e-08 	1.121274357e-05
0.9079765939 	0.006267563002 	0.003026445775 	3.220742313e-08 	0.005966594584 	2.264930696e-08 	1.137398761e-05
0.9099558866 	0.006343628673 	0.003066687719 	3.562674631e-08 	0.006050309164 	2.560862736e-08 	1.153357086e-05
0.9119135102 	0.006418503052 	0.003106373599 	3.917061742e-08 	0.00613312102 	2.869260599e-08 	1.169143328e-05
0.9138497008 	0.006492150824 	0.003145485756 	4.284571361e-08 	0.006214997077 	3.190007744e-08 	1.18475118e-05
0.9157646922 	0.006564534182 	0.003184008983 	4.666256326e-08 	0.006295903413 	3.523417028e-08 	1.200174176e-05
0.9176587147 	0.006635613473 	0.003221929185 	5.063633905e-08 	0.006375803605 	3.870311403e-08 	1.215405373e-05
0.9195319953 	0.006705347719 	0.003259232459 	5.478560297e-08 	0.006454661182 	4.23199124e-08 	1.230437819e-05
0.9213847601 	0.006773694957 	0.003295907801 	5.913243415e-08 	0.006532441177 	4.610247353e-08 	1.245264848e-05
0.9232172326 	0.00684061291 	0.003331946316 	6.370264928e-08 	0.006609108734 	5.007372326e-08 	1.259879815e-05
0.9250296339 	0.006906059494 	0.003367340626 	6.852547471e-08 	0.006684630403 	5.426163583e-08 	1.274276345e-05
0.9268221827 	0.006969993207 	0.003402085258 	7.363304153e-08 	0.006758975517 	5.869921742e-08 	1.28844859e-05
0.9285950953 	0.007032373469 	0.003436177461 	7.905994057e-08 	0.00683211572 	6.342414833e-08 	1.302391145e-05
0.9303485844 	0.007093161076 	0.003469614844 	8.484164082e-08 	0.006904024645 	6.847822241e-08 	1.316098985e-05
0.9320828617 	0.007152318188 	0.003502395739 	9.101188681e-08 	0.006974680173 	7.390564721e-08 	1.329567892e-05
0.9337981364 	0.007209808201 	0.003534520221 	9.760327369e-08 	0.007044063786 	7.975216892e-08 	1.342794337e-05
0.9354946155 	0.007265595676 	0.003565987943 	1.046459537e-07 	0.007112159266 	8.60635052e-08 	1.355775228e-05
0.9371725039 	0.0073196459 	0.00359679755 	1.121657506e-07 	0.00717895319 	9.288392124e-08 	1.368508007e-05
0.9388320042 	0.00737192432 	0.003626945933 	1.201828908e-07 	0.007244434181 	1.002546341e-07 	1.380990504e-05
0.9404733165 	0.007422395819 	0.003656427905 	1.287097684e-07 	0.007308591058 	1.082117267e-07 	1.393220588e-05
0.9420966385 	0.007471024034 	0.003685233393 	1.377475287e-07 	0.007371410683 	1.167836892e-07 	1.405195754e-05
0.9437021662 	0.00751777028 	0.003713346872 	1.472822421e-07 	0.007432877307 	1.259877362e-07 	1.416913001e-05
0.9452900935 	0.007562592352 	0.003740747314 	1.572828006e-07 	0.007492969568 	1.358266606e-07 	1.428368256e-05
0.9468606123 	0.007605443347 	0.003767405839 	1.676979299e-07 	0.0075516569 	1.462849124e-07 	1.439555693e-05
0.9484139124 	0.007646270085 	0.003793284939 	1.784535635e-07 	0.007608896967 	1.573245731e-07 	1.45046724e-05
0.9499501814 	0.007685011293 	0.00381833724 	1.894503665e-07 	0.007664632317 	1.688812625e-07 	1.461091947e-05
0.9514696049 	0.007721595301 	0.003842505258 	2.005618654e-07 	0.007718787158 	1.808600237e-07 	1.471415365e-05
0.9529723665 	0.007755937446 	0.003865719548 	2.116334224e-07 	0.007771262987 	1.931316582e-07 	1.481418716e-05
0.9544586475 	0.007787936534 	0.003887896508 	2.224805784e-07 	0.007821945198 	2.055256428e-07 	1.491080154e-05
0.9559286278 	0.007817472672 	0.003908935498 	2.328892962e-07 	0.007870673141 	2.178373623e-07 	1.500369055e-05
0.957382485 	0.007844397097 	0.003928765019 	2.426223681e-07 	0.007917270838 	2.298354503e-07 	1.509251871e-05
0.9588203951 	0.00786668153 	0.003945226683 	2.513419879e-07 	0.007957768134 	2.406295404e-07 	1.516971781e-05
0.9597571038 	0.007882973354 	0.003957534636 	2.57122537e-07 	0.007988958628 	2.483633274e-07 	1.522917556e-05
0.9606765719 	0.007895890716 	0.003968048979 	2.615618209e-07 	0.008015119964 	2.548057236e-07 	1.527904634e-05
0.9615791158 	0.007907383027 	0.003977741629 	2.652400733e-07 	0.008039706248 	2.605874705e-07 	1.532591463e-05
0.9624650466 	0.007917419538 	0.003986613729 	2.680849733e-07 	0.008062680568 	2.656403282e-07 	1.536971007e-05
0.9633346692 	0.007925970686 	0.003994643474 	2.700382926e-07 	0.008084000434 	2.69891845e-07 	1.541035166e-05
0.9641882832 	0.007933004906 	0.004001807459 	2.710506005e-07 	0.008103635153 	2.732689302e-07 	1.544778089e-05
0.9650261827 	0.00793848971 	0.004008081155 	2.710811499e-07 	0.00812155111 	2.75707639e-07 	1.548193368e-05
0.9658486563 	0.007942391919 	0.004013439595 	2.700985474e-07 	0.008137716867 	2.77151256e-07 	1.551275011e-05
0.9666559876 	0.007944678218 	0.004017857729 	2.680810589e-07 	0.008152102714 	2.775507091e-07 	1.554017353e-05
0.9674484547 	0.007945315648 	0.004021310921 	2.650167176e-07 	0.008164680452 	2.768649338e-07 	1.55641502e-05
0.9682263307 	0.007944271992 	0.00402377554 	2.609033508e-07 	0.008175423031 	2.750611304e-07 	1.558462854e-05
0.9689898839 	0.007941516041 	0.004025229416 	2.557484952e-07 	0.008184304203 	2.72114864e-07 	1.560155852e-05
0.9697393775 	0.007937017712 	0.004025652171 	2.495691691e-07 	0.008191298206 	2.680100657e-07 	1.561489103e-05
0.9704750697 	0.007930748038 	0.004025025441 	2.423914002e-07 	0.008196379472 	2.627389094e-07 	1.562457734e-05
0.9711972145 	0.007922679032 	0.004023332958 	2.342493927e-07 	0.008199522368 	2.563015224e-07 	1.563056857e-05
0.9719060607 	0.007912783466 	0.004020560534 	2.251842884e-07 	0.008200700946 	2.487054939e-07 	1.563281527e-05
0.9726018528 	0.007901034586 	0.004016695928 	2.152426197e-07 	0.008199888708 	2.399651977e-07 	1.563126692e-05
0.9732848309 	0.007887405773 	0.004011728619 	2.044746854e-07 	0.00819705834 	2.301009981e-07 	1.562587145e-05
0.9739552305 	0.007871870191 	0.004005649503 	1.929331232e-07 	0.00819218144 	2.191384481e-07 	1.561657472e-05
0.9746132828 	0.007854400401 	0.003998450505 	1.806718682e-07 	0.00818522823 	2.071075971e-07 	1.560331997e-05
0.9752592151 	0.007834967965 	0.003990124308 	1.677455859e-07 	0.008176167223 	1.940424513e-07 	1.558604718e-05
0.97589325 	0.007813543044 	0.003980663837 	1.542094275e-07 	0.008164964784 	1.799806227e-07 	1.556469221e-05
0.9765156064 	0.007790093989 	0.00397006179 	1.401188994e-07 	0.008151584782 	1.649630485e-07 	1.553918621e-05
0.9771264991 	0.007764586868 	0.003958310397 	1.255299517e-07 	0.008135988188 	1.490338726e-07 	1.550945477e-05
0.9777261389 	0.007736985017 	0.00394540095 	1.104990231e-07 	0.008118132529 	1.322403512e-07 	1.547541692e-05
0.9783147328 	0.007707248545 	0.003931323362 	9.508307591e-08 	0.008097971367 	1.146327938e-07 	1.543698414e-05
0.978892484 	0.00767533381 	0.003916065766 	7.933964014e-08 	0.008075453734 	9.626453014e-08 	1.539405927e-05
0.9794595919 	0.00764119285 	0.003899614077 	6.332686362e-08 	0.008050523476 	7.719191455e-08 	1.534653527e-05
0.9800162523 	0.007604772784 	0.003881951539 	4.710357321e-08 	0.008023118546 	5.747438373e-08 	1.529429386e-05
0.9805626574 	0.007566015151 	0.003863058262 	3.07293374e-08 	0.007993170227 	3.717456526e-08 	1.523720404e-05
0.981098996 	0.007524855196 	0.003842910708 	1.426450656e-08 	0.007960602264 	1.635842668e-08 	1.517512045e-05
0.9816254531 	0.007481221085 	0.003821481154 	-2.229792364e-09 	0.007925329913 	-4.904551849e-09 	1.510788154e-05
0.9821422107 	0.007435033047 	0.003798737079 	-1.869171367e-08 	0.007887258875 	-2.65411959e-08 	1.503530757e-05
0.9826494471 	0.007386202424 	0.003774640502 	-3.505878431e-08 	0.00784628412 	-4.847445245e-08 	1.495719829e-05
0.9831473377 	0.007334630627 	0.00374914724 	-5.094010583e-08 	0.007802288569 	-7.017152807e-08 	1.487333055e-05
0.9836360544 	0.007280207971 	0.003722206108 	-6.619849681e-08 	0.007755141636 	-9.144152909e-08 	1.478345539e-05
0.984115766 	0.007222812391 	0.00369375804 	-8.090171109e-08 	0.007704697603 	-1.123647154e-07 	1.468729504e-05
0.9845866383 	0.007162308005 	0.003663735157 	-9.500627558e-08 	0.007650793832 	-1.328644429e-07 	1.458453947e-05
0.9850488339 	0.007098543517 	0.003632059756 	-1.084693459e-07 	0.007593248788 	-1.52861815e-07 	1.447484262e-05
0.9855025126 	0.007031350441 	0.003598643214 	-1.212485442e-07 	0.007531859865 	-1.722754346e-07 	1.435781828e-05
0.985947831 	0.006960541127 	0.003563384815 	-1.333018091e-07 	0.007466401018 	-1.910211572e-07 	1.423303552e-05
0.9863849432 	0.00688590657 	0.003526170463 	-1.445872986e-07 	0.007396620164 	-2.09011869e-07 	1.410001382e-05
0.9868140001 	0.006807213993 	0.003486871277 	-1.550633419e-07 	0.007322236378 	-2.261572967e-07 	1.395821765e-05
0.9872351501 	0.006724204191 	0.003445342085 	-1.646884204e-07 	0.007242936852 	-2.423638597e-07 	1.380705071e-05
0.9876485387 	0.00663658864 	0.003401419733 	-1.734211839e-07 	0.007158373614 	-2.57534564e-07 	1.364584968e-05
0.9880543088 	0.006544046366 	0.003354921261 	-1.812205096e-07 	0.007068160064 	-2.7156898e-07 	1.347387758e-05
0.9884526006 	0.006446220606 	0.003305641935 	-1.880455507e-07 	0.006971867296 	-2.843632713e-07 	1.32903168e-05
0.9888435519 	0.006342715294 	0.00325335306 	-1.938557943e-07 	0.006869020245 	-2.958103091e-07 	1.309426173e-05
0.9892272978 	0.006233091461 	0.003197799599 	-1.986111106e-07 	0.006759093747 	-3.057998865e-07 	1.288471128e-05
0.9896039709 	0.006116863641 	0.003138697586 	-2.022717837e-07 	0.006641508588 	-3.142190602e-07 	1.266056128e-05
0.9899737016 	0.005993496472 	0.003075731301 	-2.047985243e-07 	0.006515627674 	-3.209526594e-07 	1.242059727e-05
0.9903366176 	0.00586240175 	0.003008550228 	-2.061524725e-07 	0.00638075257 	-3.258840185e-07 	1.216348784e-05
0.9906928445 	0.005722936292 	0.002936765863 	-2.06295224e-07 	0.006236120744 	-3.288960204e-07 	1.188777938e-05
0.9910425054 	0.00557440118 	0.002859948518 	-2.051889425e-07 	0.006080903873 	-3.298725965e-07 	1.159189288e-05
0.9913857212 	0.005416043127 	0.002777624467 	-2.027966658e-07 	0.00591420874 	-3.287008321e-07 	1.127412563e-05
0.9917226107 	0.005247059234 	0.002689274159 	-1.990829706e-07 	0.005735078689 	-3.25274138e-07 	1.093265396e-05
0.9920532903 	0.005066605787 	0.002594332343 	-1.940151863e-07 	0.005542518247 	-3.194953475e-07 	1.056558024e-05
0.9923778745 	0.004873818547 	0.002492184699 	-1.875663974e-07 	0.005335451032 	-3.112842711e-07 	1.017085258e-05
0.9926964754 	0.004667792009 	0.002382504959 	-1.797094044e-07 	0.005112927494 	-3.005868915e-07 	9.746660868e-06
0.9930092033 	0.004467155991 	0.002273947554 	-1.712350089e-07 	0.004894749924 	-2.885329758e-07 	9.33075378e-06
0.9932104764 	0.004294977705 	0.002179739774 	-1.635412971e-07 	0.004706507536 	-2.773145665e-07 	8.971911469e-06
0.9934117513 	0.004134689666 	0.002091974129 	-1.559984548e-07 	0.004530743515 	-2.661482508e-07 	8.636856395e-06
0.9936130281 	0.003965562143 	0.001998290867 	-1.477510287e-07 	0.004344478251 	-2.538003622e-07 	8.281783031e-06
0.9938143068 	0.003787207341 	0.001898696455 	-1.388213744e-07 	0.004147358886 	-2.403016539e-07 	7.906018736e-06
0.9940155875 	0.003599372258 	0.001793052325 	-1.292471788e-07 	0.003939079808 	-2.257084398e-07 	7.508980924e-06
0.99421687 	0.003401952404 	0.001681310379 	-1.190850418e-07 	0.003719535401 	-2.101106488e-07 	7.090468266e-06
0.9944181544 	0.003195047016 	0.001563542337 	-1.084169116e-07 	0.003488852097 	-1.936390066e-07 	6.650721774e-06
0.9946194408 	0.002979021772 	0.001439988634 	-9.735720764e-08 	0.003247473054 	-1.764714967e-07 	6.19058623e-06
0.994820729 	0.002754581392 	0.001311126277 	-8.605985109e-08 	0.002996251818 	-1.588389741e-07 	5.71168873e-06
0.9950220192 	0.002522849483 	0.001177757215 	-7.472297896e-08 	0.002736561255 	-1.41027091e-07 	5.216646341e-06
0.9952233112 	0.002285449872 	0.001041112845 	-6.358794272e-08 	0.00247040838 	-1.233713651e-07 	4.709284987e-06
0.9954246052 	0.00204457814 	0.0009029592648 	-5.292844796e-08 	0.002200536606 	-1.062417967e-07 	4.194834378e-06
0.995625901 	0.001803044858 	0.000765671693 	-4.302648352e-08 	0.00193048295 	-9.00145958e-08 	3.680037054e-06
0.9958271988 	0.001564264771 	0.0006322288541 	-3.413530803e-08 	0.00166454476 	-7.503215177e-08 	3.173084949e-06
0.9960284984 	0.001332162452 	0.0005060695408 	-2.643653982e-08 	0.001407607369 	-6.155836827e-08 	2.683290869e-06
0.9962298 	0.001110970296 	0.0003907705433 	-2.000583116e-08 	0.001164803275 	-4.974257346e-08 	2.220438782e-06
0.9964311034 	0.0009049145049 	0.0002895605194 	-1.480378352e-08 	0.0009410223388 	-3.960664802e-08 	1.793850121e-06
0.9966324088 	0.0007178193051 	0.0002047690227 	-1.070006247e-08 	0.0007403602571 	-3.106265268e-08 	1.411332423e-06
0.9968337161 	0.0005526988444 	0.0001373807292 	-7.521128718e-09 	0.0005656439568 	-2.395402371e-08 	1.078274594e-06
0.9970350252 	0.0004114298245 	8.686409752e-05 	-5.097913435e-09 	0.0004181665553 	-1.810182134e-08 	7.971416779e-07
0.9972363363 	0.0002945862489 	5.134870866e-05 	-3.29182741e-09 	0.0002976913887 	-1.333784822e-08 	5.67482526e-07
0.9974376493 	0.0002014693514 	2.808325261e-05 	-1.994497836e-09 	0.0002026844064 	-9.517718322e-09 	3.863728119e-07
0.9976389642 	0.0001303038046 	1.400339743e-05 	-1.113455379e-09 	0.0001306670753 	-6.51887226e-09 	2.490877625e-07
0.9978402809 	7.852798659e-05 	6.230589386e-06 	-5.597632607e-10 	7.857764789e-05 	-4.232858197e-09 	1.497908364e-07
0.9980415996 	4.309921382e-05 	2.393359783e-06 	-2.455378992e-10 	4.307002877e-05 	-2.558505414e-09 	8.210344553e-08
0.9982429202 	2.075836904e-05 	7.530978647e-07 	-8.958638603e-11 	2.072949768e-05 	-1.398169776e-09 	3.951618404e-08
0.9984442427 	8.233430713e-06 	1.777827956e-07 	-2.512643049e-11 	8.219198588e-06 	-6.564771135e-10 	1.566807692e-08
0.9986455671 	2.394101601e-06 	2.688006757e-08 	-4.702454782e-12 	2.389649303e-06 	-2.400207541e-10 	4.555335739e-09
0.9988468934 	4.059704202e-07 	1.870398625e-09 	-4.381237633e-13 	4.052004894e-07 	-5.549236302e-11 	7.724247524e-10
0.9990482216 	3.70479326e-08 	4.04426136e-11 	-1.447948008e-14 	3.697744693e-08 	-7.909340584e-12 	7.04892912e-11
0.9990482216 	3.70479326e-08 	4.04426136e-11 	-1.447948008e-14 	3.697744693e-08 	-7.909340584e-12 	7.04892912e-11
