0.4709558481 	1.505508867e-07 	-3.534068628e-10 	4.070928619e-15 	1.502647971e-07 	-1.157757043e-12 	2.864464673e-10
0.4709558481 	1.505508867e-07 	-3.534068628e-10 	4.070928619e-15 	1.502647971e-07 	-1.157757043e-12 	2.864464673e-10
0.4711314108 	1.690258387e-06 	-1.550556268e-08 	1.783601191e-13 	1.687105884e-06 	-1.299867364e-11 	3.216092723e-09
0.4713069734 	9.420915866e-06 	-2.02290295e-07 	2.322546138e-12 	9.40498107e-06 	-7.245777912e-11 	1.79285079e-08
0.471482536 	3.135788551e-05 	-1.26110436e-06 	1.443251675e-11 	3.13213314e-05 	-2.412324071e-10 	5.970716295e-08
0.4716580986 	7.741561573e-05 	-5.109662738e-06 	5.813971164e-11 	7.742005693e-05 	-5.957440177e-10 	1.475841463e-07
0.4718336613 	0.0001582082202 	-1.561147289e-05 	1.758760313e-10 	0.0001585924735 	-1.217774368e-09 	3.02321333e-07
0.4720092239 	0.0002841436541 	-3.905563632e-05 	4.330223307e-10 	0.0002859690912 	-2.186344792e-09 	5.451365689e-07
0.4721847865 	0.0004642823628 	-8.40094674e-05 	9.094255661e-10 	0.0004700473152 	-3.565313739e-09 	8.960408257e-07
0.4723603491 	0.0007049226316 	-0.0001601939132 	1.676961727e-09 	0.000719394259 	-5.385249725e-09 	1.371365403e-06
0.4725359118 	0.001008183966 	-0.0002763503658 	2.767827107e-09 	0.001038961955 	-7.623238013e-09 	1.980550251e-06
0.4727114744 	0.00137108214 	-0.0004376672964 	4.148721467e-09 	0.001428424204 	-1.019063515e-08 	2.722973542e-06
0.472887037 	0.001785566844 	-0.000643846475 	5.718840286e-09 	0.001881260082 	-1.294042132e-08 	3.586204586e-06
0.4730625996 	0.002239653479 	-0.0008887894001 	7.337224794e-09 	0.00238522399 	-1.569700671e-08 	4.546899865e-06
0.4732381623 	0.002719308473 	-0.001162075668 	8.865420418e-09 	0.002924244674 	-1.829669758e-08 	5.5744231e-06
0.4734137249 	0.003210464013 	-0.001451468027 	1.020249524e-08 	0.003481079171 	-2.061994832e-08 	6.635904416e-06
0.4735892875 	0.00370060488 	-0.001745326382 	1.12983848e-08 	0.004039767762 	-2.260357773e-08 	7.70092015e-06
0.4737648501 	0.004179668194 	-0.002034170103 	1.214727754e-08 	0.004587228659 	-2.423428597e-08 	8.744532778e-06
0.4739404128 	0.004640295052 	-0.002311243834 	1.277157606e-08 	0.005113856647 	-2.553269653e-08 	9.748432092e-06
0.4741159754 	0.005077633234 	-0.00257235871 	1.320608601e-08 	0.005613367229 	-2.653687008e-08 	1.070063809e-05
0.474291538 	0.005488911475 	-0.002815380472 	1.348699879e-08 	0.006082238321 	-2.728999801e-08 	1.159443671e-05
0.4744671006 	0.005872952294 	-0.003039644379 	1.364606108e-08 	0.006519034808 	-2.78331388e-08 	1.242709222e-05
0.4746426632 	0.006229720973 	-0.003245443899 	1.370850535e-08 	0.006923782743 	-2.820192672e-08 	1.319865427e-05
0.4748182259 	0.006559952998 	-0.003433641554 	1.369312372e-08 	0.007297462001 	-2.842576354e-08 	1.39109908e-05
0.4749937885 	0.0068648681 	-0.003605397808 	1.361330112e-08 	0.007641627446 	-2.852828526e-08 	1.456706579e-05
0.4751693511 	0.007145962063 	-0.003761994258 	1.347831259e-08 	0.007958142003 	-2.8528328e-08 	1.517043051e-05
0.4753449137 	0.007404861481 	-0.003904724853 	1.329454346e-08 	0.0082489965 	-2.844096916e-08 	1.572488002e-05
0.4755204764 	0.007643226222 	-0.004034833015 	1.306649922e-08 	0.008516195038 	-2.827844708e-08 	1.62342347e-05
0.475696039 	0.007862687456 	-0.004153478596 	1.279757786e-08 	0.008761667244 	-2.805093972e-08 	1.670217295e-05
0.4758716016 	0.008064805148 	-0.004261730399 	1.249059579e-08 	0.008987297819 	-2.776720893e-08 	1.713228753e-05
0.4760471642 	0.008251103717 	-0.00436019049 	1.214936108e-08 	0.009194705673 	-2.743502983e-08 	1.752766455e-05
0.4762227269 	0.008445453218 	-0.00446384403 	1.172636696e-08 	0.0094113146 	-2.70070669e-08 	1.794058137e-05
0.4764955107 	0.008664506627 	-0.004579409405 	1.114107921e-08 	0.009654845254 	-2.64086951e-08 	1.840481848e-05
0.4767734216 	0.008881039122 	-0.004691133026 	1.041676465e-08 	0.009894541476 	-2.567477862e-08 	1.88617461e-05
0.4770565557 	0.00907549738 	-0.004791546799 	9.612747219e-09 	0.0101097023 	-2.487158682e-08 	1.927190243e-05
0.4773450114 	0.009250059087 	-0.004881339698 	8.738320977e-09 	0.01030255042 	-2.401442646e-08 	1.963952454e-05
0.4776388886 	0.009406606718 	-0.004961619904 	7.801759089e-09 	0.01047530201 	-2.311836656e-08 	1.99688371e-05
0.4779382892 	0.009546834059 	-0.005033343825 	6.813178643e-09 	0.01062984131 	-2.219870673e-08 	2.026343194e-05
0.4782433171 	0.009672255233 	-0.005097348184 	5.784762885e-09 	0.01076787447 	-2.127098171e-08 	2.052656151e-05
0.4785540779 	0.009784223658 	-0.005154365892 	4.731006519e-09 	0.01089091616 	-2.03510113e-08 	2.076111317e-05
0.4788706795 	0.009883948462 	-0.005205039705 	3.668838135e-09 	0.01100031463 	-1.945459605e-08 	2.096965706e-05
0.4791932316 	0.00997250996 	-0.005249934297 	2.617538906e-09 	0.01109726968 	-1.859699963e-08 	2.115448035e-05
0.4795218461 	0.01005087371 	-0.00528954667 	1.598357759e-09 	0.01118285001 	-1.77921485e-08 	2.131762023e-05
0.4798566368 	0.01011990318 	-0.005324315085 	6.336993602e-10 	0.01125800809 	-1.705150863e-08 	2.146089242e-05
0.48019772 	0.01018037102 	-0.005354626661 	-2.542626298e-10 	0.01132359349 	-1.638260316e-08 	2.158591641e-05
0.4805452138 	0.01023296915 	-0.005380823828 	-1.045718936e-09 	0.01138036445 	-1.578717509e-08 	2.169413765e-05
0.4808992388 	0.01027831756 	-0.005403209791 	-1.726281911e-09 	0.01142899813 	-1.525905601e-08 	2.178684697e-05
0.4812599177 	0.01031697222 	-0.005422053208 	-2.291161936e-09 	0.01147009829 	-1.478176563e-08 	2.186519529e-05
0.4816273755 	0.01034943161 	-0.005437592224 	-2.750443583e-09 	0.01150421116 	-1.432471919e-08 	2.19302239e-05
0.4820017397 	0.01037614395 	-0.005450032501 	-3.136514845e-09 	0.01153181964 	-1.383852248e-08 	2.198285333e-05
0.48238314 	0.01039748755 	-0.005459731422 	-3.511625222e-09 	0.01155339103 	-1.326767787e-08 	2.202397441e-05
0.4827717088 	0.01041384817 	-0.005466602202 	-3.889429089e-09 	0.01156925537 	-1.26099079e-08 	2.205421624e-05
0.4831675807 	0.01042558454 	-0.005470424682 	-4.319689439e-09 	0.01157968647 	-1.190681459e-08 	2.207410082e-05
0.4835708931 	0.01043292341 	-0.00547175408 	-4.868492324e-09 	0.0115851151 	-1.120953147e-08 	2.20844493e-05
0.4839817856 	0.01043609462 	-0.005470924006 	-5.487495125e-09 	0.01158588674 	-1.055859911e-08 	2.208592026e-05
0.4844004009 	0.01043534673 	-0.005467905434 	-6.114139439e-09 	0.01158223414 	-9.955845065e-09 	2.207895738e-05
0.4848268841 	0.01043088362 	-0.005462812686 	-6.708579239e-09 	0.01157438798 	-9.391647366e-09 	2.206400042e-05
0.485261383 	0.01042288847 	-0.005455744798 	-7.245662776e-09 	0.01156255036 	-8.856141825e-09 	2.204143463e-05
0.4857040484 	0.01041152457 	-0.005446791219 	-7.713530871e-09 	0.01154690783 	-8.336162068e-09 	2.201161562e-05
0.4861550336 	0.01039693747 	-0.005436032489 	-8.110786233e-09 	0.01152762553 	-7.817226576e-09 	2.19748582e-05
0.4866144951 	0.01037925659 	-0.005423540918 	-8.443798547e-09 	0.01150485057 	-7.284623683e-09 	2.193144279e-05
0.4870825921 	0.01035859667 	-0.005409381306 	-8.724194064e-09 	0.01147871381 	-6.724538721e-09 	2.188161887e-05
0.487559487 	0.01033505919 	-0.005393611646 	-8.966647541e-09 	0.01144933165 	-6.124879529e-09 	2.182560829e-05
0.4880453452 	0.01030873366 	-0.005376283812 	-9.187017123e-09 	0.01141680746 	-5.475884216e-09 	2.176360815e-05
0.4885403351 	0.01027969874 	-0.005357444228 	-9.400836755e-09 	0.01138123307 	-4.770514353e-09 	2.169579349e-05
0.4890446283 	0.01024802341 	-0.005337134512 	-9.622154557e-09 	0.01134269007 	-4.004661388e-09 	2.162231981e-05
0.4895583997 	0.01021376798 	-0.005315392106 	-9.862690447e-09 	0.01130125099 	-3.177194482e-09 	2.154332541e-05
0.4900818274 	0.01017698503 	-0.005292250867 	-1.013127765e-08 	0.01125698048 	-2.289880549e-09 	2.145893352e-05
0.4906150929 	0.01013772035 	-0.005267741642 	-1.043354883e-08 	0.01120993635 	-1.347205765e-09 	2.136925433e-05
0.4911583811 	0.01009601377 	-0.005241892817 	-1.077182658e-08 	0.01116017054 	-3.561248792e-10 	2.127438686e-05
0.4917118805 	0.01005190001 	-0.005214730833 	-1.114517982e-08 	0.01110773004 	6.742394171e-10 	2.117442069e-05
0.4922757829 	0.01000540941 	-0.005186280684 	-1.154961044e-08 	0.01105265776 	1.732929076e-09 	2.106943762e-05
0.4928502838 	0.00995656867 	-0.005156566378 	-1.197833871e-08 	0.01099499332 	2.807501627e-09 	2.095951317e-05
0.4934355824 	0.009905401576 	-0.005125611374 	-1.242216045e-08 	0.01093477377 	3.884389689e-09 	2.084471797e-05
0.4940318817 	0.009851929652 	-0.005093438979 	-1.286985313e-08 	0.01087203431 	4.949262693e-09 	2.072511911e-05
0.4946393885 	0.009796172808 	-0.005060072712 	-1.330861267e-08 	0.01080680889 	5.987387024e-09 	2.060078134e-05
0.4952583133 	0.009738149948 	-0.005025536624 	-1.372450621e-08 	0.01073913081 	6.983982698e-09 	2.047176811e-05
0.4958888709 	0.009677879554 	-0.004989855569 	-1.410292928e-08 	0.01066903323 	7.924575786e-09 	2.033814264e-05
0.4965312797 	0.009615380238 	-0.004953055429 	-1.442905832e-08 	0.01059654962 	8.795346256e-09 	2.019996874e-05
0.4971857627 	0.009550671255 	-0.004915163265 	-1.468829123e-08 	0.01052171416 	9.583470653e-09 	2.005731155e-05
0.4978525466 	0.009483772987 	-0.004876207423 	-1.486666982e-08 	0.01044456206 	1.027745844e-08 	1.991023821e-05
0.4985318627 	0.009414707382 	-0.004836217551 	-1.495127877e-08 	0.01036512982 	1.086747981e-08 	1.975881828e-05
0.4992239466 	0.00934349835 	-0.004795224553 	-1.493061581e-08 	0.01028345542 	1.134568193e-08 	1.960312417e-05
0.4999290382 	0.009270172124 	-0.004753260459 	-1.479492847e-08 	0.01019957841 	1.170648963e-08 	1.944323127e-05
0.5006473819 	0.009194757555 	-0.00471035821 	-1.453651322e-08 	0.01011353996 	1.194688713e-08 	1.927921807e-05
0.501379227 	0.009117286372 	-0.004666551354 	-1.414997533e-08 	0.01002538293 	1.206666768e-08 	1.911116627e-05
0.502124827 	0.009037793392 	-0.004621873646 	-1.363245095e-08 	0.009935151554 	1.206868621e-08 	1.893916019e-05
0.5028844406 	0.008956316674 	-0.004576358502 	-1.298380528e-08 	0.009842891212 	1.19590171e-08 	1.876328634e-05
0.5036583311 	0.008872897891 	-0.004530038481 	-1.220681489e-08 	0.009748642054 	1.17480107e-08 	1.858362125e-05
0.5044467669 	0.008787580884 	-0.004482944669 	-1.130705649e-08 	0.009652469725 	1.14471825e-08 	1.840029006e-05
0.5052500214 	0.008700415895 	-0.004435088583 	-1.030398698e-08 	0.009554420403 	1.10743938e-08 	1.82133808e-05
0.506068373 	0.008599895557 	-0.004381040296 	-8.989995879e-09 	0.009441867114 	1.058157455e-08 	1.799882295e-05
0.507324668 	0.00847456511 	-0.004313729743 	-7.265796575e-09 	0.009301717335 	9.953177937e-09 	1.773165852e-05
0.5085949819 	0.00833627189 	-0.004238869197 	-5.353252279e-09 	0.009147061213 	9.310060691e-09 	1.743684097e-05
0.5098794711 	0.008196469749 	-0.004163631806 	-3.387352739e-09 	0.008991048092 	8.764167783e-09 	1.71394366e-05
0.5111782938 	0.008055229415 	-0.004088049949 	-1.439852006e-09 	0.008833724694 	8.382395657e-09 	1.683953447e-05
0.5124916099 	0.007912598422 	-0.004012169253 	4.325944209e-10 	0.008675149547 	8.223037341e-09 	1.653724617e-05
0.5138195812 	0.007768610099 	-0.003936019391 	2.177695936e-09 	0.008515326757 	8.34098921e-09 	1.623257951e-05
0.5151623712 	0.007623283628 	-0.003859614116 	3.748164553e-09 	0.008354254686 	8.783183639e-09 	1.592553138e-05
0.5165201452 	0.007476626555 	-0.003782953133 	5.101928617e-09 	0.008191918053 	9.589260681e-09 	1.561607264e-05
0.5178930705 	0.007328636803 	-0.003706023811 	6.202417882e-09 	0.008028291098 	1.079107291e-08 	1.530415418e-05
0.5192813161 	0.007179304688 	-0.003628803002 	7.018865073e-09 	0.007863340086 	1.241249029e-08 	1.498971171e-05
0.520685053 	0.00702861493 	-0.003551258877 	7.526547087e-09 	0.007697026098 	1.446935322e-08 	1.467267102e-05
0.522104454 	0.006876548654 	-0.003473352727 	7.706911706e-09 	0.007529307568 	1.696961796e-08 	1.435295289e-05
0.523539694 	0.0067230854 	-0.003395040709 	7.547551333e-09 	0.007360142713 	1.991365992e-08 	1.403047766e-05
0.5249909497 	0.006568205116 	-0.00331627552 	7.041995978e-09 	0.007189491845 	2.329471311e-08 	1.370516967e-05
0.5264583998 	0.006411890153 	-0.003237007967 	6.189299097e-09 	0.007017319589 	2.709941796e-08 	1.33769615e-05
0.527942225 	0.006254127262 	-0.003157188426 	4.993387242e-09 	0.006843597014 	3.130844118e-08 	1.304579799e-05
0.5294426081 	0.006094909609 	-0.003076768175 	3.462152201e-09 	0.0066683037 	3.589709669e-08 	1.271164021e-05
0.5309597337 	0.005934238829 	-0.002995700573 	1.606318973e-09 	0.006491429788 	4.08358667e-08 	1.237446938e-05
0.5324937889 	0.005772127182 	-0.002913942105 	-5.617122451e-10 	0.006312978089 	4.609052989e-08 	1.203429084e-05
0.5340449624 	0.005608599914 	-0.002831453331 	-3.028426379e-09 	0.00613296616 	5.162194473e-08 	1.169113807e-05
0.5356134452 	0.005443698024 	-0.002748199965 	-5.777842777e-09 	0.005951429827 	5.738177928e-08 	1.134507936e-05
0.5371994306 	0.005277482058 	-0.002664153605 	-8.78760945e-09 	0.005768428394 	6.331099305e-08 	1.099622777e-05
0.5388031139 	0.005110034475 	-0.002579319233 	-1.197353478e-08 	0.005584053386 	6.933007209e-08 	1.064475776e-05
0.5404246925 	0.004941648306 	-0.002493758115 	-1.528522157e-08 	0.005398602796 	7.514475757e-08 	1.029123739e-05
0.5420643661 	0.00477297765 	-0.002407489013 	-1.871452395e-08 	0.005212683436 	8.040556021e-08 	9.93682342e-06
0.5437223366 	0.004604721888 	-0.002320468012 	-2.217761943e-08 	0.005026919255 	8.515288181e-08 	9.582705259e-06
0.5453988083 	0.00443736148 	-0.002232705416 	-2.562952578e-08 	0.004841753617 	8.956173762e-08 	9.229728089e-06
0.5470939875 	0.004271223316 	-0.002144250221 	-2.907629288e-08 	0.00465750684 	9.369268397e-08 	8.878502524e-06
0.5488080831 	0.004106542107 	-0.002055147384 	-3.25126046e-08 	0.004474418603 	9.759485805e-08 	8.529485458e-06
0.5505413061 	0.003943483878 	-0.001965451591 	-3.593416828e-08 	0.004292671856 	1.012975028e-07 	8.183025644e-06
0.5522938699 	0.003782170065 	-0.001875226523 	-3.933097127e-08 	0.004112414189 	1.048106084e-07 	7.83940443e-06
0.5540659904 	0.003622697967 	-0.001784546798 	-4.268591916e-08 	0.003933777763 	1.081273862e-07 	7.498873753e-06
0.5558578859 	0.003465161383 	-0.001693499803 	-4.597572858e-08 	0.003756898627 	1.112250136e-07 	7.161692958e-06
0.5576697768 	0.003309671026 	-0.001602187963 	-4.91733035e-08 	0.003581936586 	1.140657201e-07 	6.82816668e-06
0.5595018865 	0.00315637389 	-0.001510731428 	-5.225053369e-08 	0.003409093773 	1.165953099e-07 	6.498680241e-06
0.5613544406 	0.003005469157 	-0.001419272875 	-5.518075513e-08 	0.003238633047 	1.187368755e-07 	6.173734719e-06
0.563227667 	0.002857231384 	-0.001327966993 	-5.79108628e-08 	0.003070897098 	1.203897061e-07 	5.853983381e-06
0.5651217966 	0.002711971594 	-0.001237024421 	-6.0406208e-08 	0.002906281342 	1.214152897e-07 	5.540179996e-06
0.5670370626 	0.002570070132 	-0.001146690935 	-6.270122579e-08 	0.00274525693 	1.216652906e-07 	5.233222712e-06
0.5689737009 	0.002432091021 	-0.001057192839 	-6.472144924e-08 	0.002588469557 	1.210507618e-07 	4.934342404e-06
0.5709319499 	0.002298683839 	-0.0009688061878 	-6.634286532e-08 	0.002436677133 	1.194900807e-07 	4.644983855e-06
0.5729120508 	0.002170528983 	-0.0008818664482 	-6.749941727e-08 	0.002290700049 	1.168644895e-07 	4.36671096e-06
0.5749142474 	0.002048393581 	-0.0007967418125 	-6.811242216e-08 	0.00215146337 	1.130607148e-07 	4.101287151e-06
0.5769387863 	0.001933107135 	-0.0007138379561 	-6.812768672e-08 	0.002019974443 	1.079854917e-07 	3.850632711e-06
0.5789859169 	0.00182553324 	-0.0006335878611 	-6.751586935e-08 	0.001897291033 	1.015803194e-07 	3.616764034e-06
0.5810558911 	0.001726527911 	-0.0005564362394 	-6.627080524e-08 	0.001784472679 	9.384379466e-08 	3.401700895e-06
0.583148964 	0.00163688443 	-0.0004828169811 	-6.441090123e-08 	0.001682512563 	8.485558989e-08 	3.207336574e-06
0.5852653933 	0.00155726637 	-0.0004131240168 	-6.198438344e-08 	0.001592252112 	7.479808838e-08 	3.035275069e-06
0.5874054395 	0.001488133614 	-0.00034767867 	-5.907127953e-08 	0.001514285615 	6.396477089e-08 	2.886649257e-06
0.5895693664 	0.001429672644 	-0.0002866957323 	-5.579446784e-08 	0.001448870854 	5.27555255e-08 	2.76195054e-06
0.5917574402 	0.001381775006 	-0.0002302903104 	-5.221589149e-08 	0.001395899048 	4.132575996e-08 	2.660971556e-06
0.5939699306 	0.001344298315 	-0.0001784800947 	-4.847090119e-08 	0.001355149523 	2.981389241e-08 	2.583291635e-06
0.5962071099 	0.001317010097 	-0.000131122706 	-4.47841736e-08 	0.001326232886 	1.880539974e-08 	2.528168488e-06
0.5984692536 	0.001299184095 	-8.794382266e-05 	-4.123495834e-08 	0.001308212474 	8.796465442e-09 	2.493816574e-06
0.6007566404 	0.001289745892 	-4.861667512e-05 	-3.787786766e-08 	0.001299781195 	-2.825886731e-11 	2.477744212e-06
0.6030695519 	0.001287557823 	-1.277193767e-05 	-3.478395208e-08 	0.001299568352 	-7.591248986e-09 	2.477338476e-06
0.6054082729 	0.001291493424 	1.998540567e-05 	-3.198267031e-08 	0.001306232384 	-1.390915094e-08 	2.490041972e-06
0.6077730914 	0.001300491709 	5.004909516e-05 	-2.948459964e-08 	0.001318528037 	-1.906621427e-08 	2.513480905e-06
0.6101642987 	0.001313592392 	7.779555227e-05 	-2.728449101e-08 	0.0013353468 	-2.318663742e-08 	2.545542142e-06
0.6125821893 	0.001329953578 	0.0001035730708 	-2.536615513e-08 	0.00135573368 	-2.641098657e-08 	2.584405201e-06
0.6150270608 	0.001348855623 	0.000127695687 	-2.370691067e-08 	0.001378886682 	-2.887950437e-08 	2.628541257e-06
0.6174992144 	0.001369695347 	0.0001504409028 	-2.228113713e-08 	0.001404145266 	-3.072169489e-08 	2.67669114e-06
0.6199989545 	0.001391974396 	0.0001720501805 	-2.106275078e-08 	0.00143097297 	-3.205098269e-08 	2.7278322e-06
0.622526589 	0.001415284886 	0.000192731123 	-2.002669124e-08 	0.001458937989 	-3.29630232e-08 	2.781141297e-06
0.625082429 	0.001439294674 	0.0002126604693 	-1.914967118e-08 	0.001487694284 	-3.353642893e-08 	2.835958788e-06
0.6276667894 	0.001463733824 	0.0002319873228 	-1.841046292e-08 	0.001516964779 	-3.383492392e-08 	2.891756488e-06
0.6302799884 	0.001488383162 	0.000250836296 	-1.778994886e-08 	0.001546527408 	-3.391016078e-08 	2.948111076e-06
0.6329223478 	0.001513065216 	0.0002693104459 	-1.727109777e-08 	0.001576204203 	-3.380460255e-08 	3.004683295e-06
0.6355941931 	0.001537637386 	0.0002874939993 	-1.683895536e-08 	0.001605853155 	-3.355401471e-08 	3.061202437e-06
0.6382958531 	0.001561986851 	0.000305454909 	-1.648065887e-08 	0.00163536227 	-3.31892781e-08 	3.117455012e-06
0.6410276607 	0.001586026596 	0.0003232472642 	-1.618542892e-08 	0.001664645101 	-3.273744168e-08 	3.173276226e-06
0.6437899523 	0.001609691996 	0.0003409135283 	-1.594448368e-08 	0.001693637087 	-3.222214587e-08 	3.22854301e-06
0.646583068 	0.001632937577 	0.0003584865457 	-1.575085784e-08 	0.001722292226 	-3.166368637e-08 	3.283167669e-06
0.6494073518 	0.001655733845 	0.0003759912659 	-1.559915284e-08 	0.001750579867 	-3.107900197e-08 	3.337091775e-06
0.6522631514 	0.001678064214 	0.0003934461647 	-1.548526375e-08 	0.001778481626 	-3.048177769e-08 	3.390280283e-06
0.6551508186 	0.001699922188 	0.0004108643806 	-1.540611918e-08 	0.001805988537 	-2.988272532e-08 	3.442716101e-06
0.658070709 	0.001721308911 	0.0004282546025 	-1.535945145e-08 	0.001833098555 	-2.929000518e-08 	3.494395329e-06
0.6610231822 	0.00174223115 	0.0004456217527 	-1.534360067e-08 	0.001859814486 	-2.870971102e-08 	3.54532332e-06
0.6640086017 	0.001762699716 	0.000462967505 	-1.535735031e-08 	0.001886142359 	-2.81463444e-08 	3.595511562e-06
0.6670273351 	0.001782728276 	0.0004802906727 	-1.539979106e-08 	0.001912090179 	-2.760323028e-08 	3.644975319e-06
0.6700797543 	0.001802332494 	0.0004975874977 	-1.547020959e-08 	0.001937667021 	-2.708285284e-08 	3.693731888e-06
0.6731662352 	0.001821529419 	0.0005148518656 	-1.556799882e-08 	0.001962882374 	-2.658711057e-08 	3.74179936e-06
0.6762871577 	0.00184033707 	0.0005320754668 	-1.569258666e-08 	0.00198774568 	-2.611750023e-08 	3.789195731e-06
0.6794429063 	0.001858774146 	0.0005492479233 	-1.584337956e-08 	0.002012266007 	-2.567524349e-08 	3.83593829e-06
0.6826338695 	0.001876859839 	0.0005663568921 	-1.601971803e-08 	0.002036451827 	-2.526137007e-08 	3.882043185e-06
0.6858604404 	0.001894613714 	0.0005833881586 	-1.622084164e-08 	0.002060310855 	-2.487676899e-08 	3.927525124e-06
0.6891230163 	0.001912055623 	0.0006003257273 	-1.644586124e-08 	0.002083849941 	-2.45222173e-08 	3.972397164e-06
0.6924219988 	0.001929205664 	0.0006171519164 	-1.66937371e-08 	0.002107074993 	-2.419839319e-08 	4.016670569e-06
0.6957577944 	0.001946084152 	0.0006338474639 	-1.696326186e-08 	0.002129990935 	-2.390587836e-08 	4.060354722e-06
0.6991308138 	0.001962711608 	0.0006503916481 	-1.725304758e-08 	0.002152601675 	-2.364515319e-08 	4.103457078e-06
0.7025414724 	0.001979108762 	0.0006667624286 	-1.756151655e-08 	0.002174910111 	-2.341658718e-08 	4.145983157e-06
0.7059901901 	0.001995296566 	0.0006829366107 	-1.788689589e-08 	0.002196918143 	-2.322042627e-08 	4.187936583e-06
0.7094773917 	0.002011296217 	0.0006988900386 	-1.822721584e-08 	0.002218626715 	-2.305677846e-08 	4.229319155e-06
0.7130035066 	0.002027129184 	0.0007145978202 	-1.858031214e-08 	0.002240035881 	-2.292559868e-08 	4.270130975e-06
0.7165689691 	0.002042817252 	0.0007300345889 	-1.89438328e-08 	0.002261144898 	-2.282667401e-08 	4.310370629e-06
0.7201742182 	0.002058382566 	0.0007451748058 	-1.93152498e-08 	0.002281952348 	-2.275961044e-08 	4.350035411e-06
0.7238196978 	0.002073847678 	0.0007599931058 	-1.969187644e-08 	0.002302456316 	-2.272382108e-08 	4.389121674e-06
0.727505857 	0.002089235598 	0.0007744646904 	-2.007089201e-08 	0.002322654494 	-2.271851838e-08 	4.427625014e-06
0.7312331497 	0.002104569829 	0.0007885658427 	-2.044934865e-08 	0.002342544411 	-2.274271515e-08 	4.465540724e-06
0.7350020349 	0.002119835091 	0.0008022358619 	-2.082332085e-08 	0.002362072898 	-2.279483961e-08 	4.502767448e-06
0.7387709215 	0.002134931821 	0.00081534636 	-2.118698031e-08 	0.002381084546 	-2.287190503e-08 	4.539008932e-06
0.7424982157 	0.002149764649 	0.0008277965917 	-2.153485257e-08 	0.002399443438 	-2.29699447e-08 	4.574006084e-06
0.7461843763 	0.002164326112 	0.0008395771361 	-2.186400656e-08 	0.00241713419 	-2.308534531e-08 	4.607729573e-06
0.7498298574 	0.002178646487 	0.0008507141264 	-2.217293073e-08 	0.002434191732 	-2.321489789e-08 	4.640245989e-06
0.7534351078 	0.002192754395 	0.000861236276 	-2.246049288e-08 	0.002450651379 	-2.33554588e-08 	4.671622652e-06
0.7570005716 	0.002206677063 	0.0008711748771 	-2.272588693e-08 	0.002466549033 	-2.350397231e-08 	4.701928e-06
0.7605266877 	0.002220440618 	0.0008805636584 	-2.296861102e-08 	0.002481921497 	-2.365748598e-08 	4.731232187e-06
0.7640138905 	0.002234070387 	0.0008894386443 	-2.318843512e-08 	0.002496806674 	-2.381315482e-08 	4.759607473e-06
0.7674626093 	0.002247591209 	0.0008978380298 	-2.338535857e-08 	0.002511243783 	-2.396823801e-08 	4.787128615e-06
0.770873269 	0.002261027747 	0.0009058020528 	-2.35595664e-08 	0.002525273544 	-2.412008928e-08 	4.813873239e-06
0.7742462894 	0.00227440482 	0.0009133728684 	-2.371137665e-08 	0.002538938368 	-2.426613956e-08 	4.83992219e-06
0.777582086 	0.002287747728 	0.0009205944421 	-2.384117679e-08 	0.002552282535 	-2.440387127e-08 	4.865359882e-06
0.7808810695 	0.002301082591 	0.0009275124608 	-2.394935508e-08 	0.002565352382 	-2.453078565e-08 	4.890274643e-06
0.7841436462 	0.002314436694 	0.0009341742623 	-2.403622425e-08 	0.002578196486 	-2.464436217e-08 	4.914759075e-06
0.787370218 	0.002327838834 	0.0009406287861 	-2.410193877e-08 	0.002590865863 	-2.474201001e-08 	4.938910429e-06
0.7905611821 	0.002341319674 	0.0009469265485 	-2.414640701e-08 	0.002603414174 	-2.482101145e-08 	4.962830997e-06
0.7937169314 	0.002354912104 	0.000953119642 	-2.416920033e-08 	0.002615897949 	-2.487845753e-08 	4.986628542e-06
0.7968378547 	0.002368651598 	0.0009592617602 	-2.416946189e-08 	0.002628376828 	-2.491117682e-08 	5.010416753e-06
0.7999243362 	0.002382576572 	0.0009654082447 	-2.414581923e-08 	0.002640913817 	-2.491565899e-08 	5.03431574e-06
0.8029767561 	0.00239672873 	0.0009716161527 	-2.40963056e-08 	0.002653575568 	-2.488797566e-08 	5.058452557e-06
0.8059954902 	0.002411153406 	0.000977944338 	-2.401829664e-08 	0.002666432667 	-2.482370279e-08 	5.082961761e-06
0.8089809102 	0.002425899876 	0.0009844535369 	-2.390847018e-08 	0.002679559933 	-2.471785005e-08 	5.107985978e-06
0.8119333839 	0.002441021652 	0.0009912064471 	-2.376279784e-08 	0.002693036717 	-2.456480507e-08 	5.133676474e-06
0.8148532749 	0.002456576726 	0.0009982677842 	-2.357657831e-08 	0.002706947185 	-2.435830172e-08 	5.160193691e-06
0.8177409426 	0.002472627779 	0.001005704296 	-2.334452152e-08 	0.002721380566 	-2.409142372e-08 	5.187707728e-06
0.8205967427 	0.002489242319 	0.001013584716 	-2.30608917e-08 	0.002736431348 	-2.37566549e-08 	5.2163987e-06
0.8234210268 	0.002506492753 	0.001021979625 	-2.271971417e-08 	0.002752199381 	-2.334598656e-08 	5.246456954e-06
0.8262141429 	0.002524456381 	0.001030961211 	-2.231504512e-08 	0.002768789875 	-2.285108858e-08 	5.278083047e-06
0.8289764348 	0.002543215303 	0.001040602894 	-2.18412956e-08 	0.002786313247 	-2.226354478e-08 	5.311487464e-06
0.8317082427 	0.002562856226 	0.001050978815 	-2.129359159e-08 	0.002804884797 	-2.157514361e-08 	5.346890001e-06
0.8344099031 	0.002583470189 	0.001062163187 	-2.066814099e-08 	0.002824624204 	-2.077820587e-08 	5.384518797e-06
0.8370817486 	0.002605152181 	0.001074229515 	-1.996257076e-08 	0.002845654822 	-1.986592167e-08 	5.424608999e-06
0.8397241082 	0.00262800066 	0.001087249727 	-1.917619371e-08 	0.002868102795 	-1.883266477e-08 	5.467401075e-06
0.8423373074 	0.002652116977 	0.001101293251 	-1.831016984e-08 	0.002892096018 	-1.767425395e-08 	5.513138827e-06
0.844921668 	0.002677604692 	0.001116426104 	-1.736754021e-08 	0.002917762969 	-1.638813974e-08 	5.562067169e-06
0.8474775082 	0.002704568774 	0.001132710022 	-1.63531314e-08 	0.002945231458 	-1.497350793e-08 	5.614429743e-06
0.8500051427 	0.002733114703 	0.001150201712 	-1.527334858e-08 	0.002974627334 	-1.34313055e-08 	5.670466453e-06
0.8525048829 	0.002763347459 	0.001168952219 	-1.413589126e-08 	0.003006073184 	-1.176420525e-08 	5.730410984e-06
0.8549770366 	0.002795370416 	0.001189006455 	-1.29494315e-08 	0.003039687048 	-9.976530335e-09 	5.794488351e-06
0.8574219081 	0.002829284164 	0.001210402855 	-1.172329156e-08 	0.00307558117 	-8.074158548e-09 	5.862912524e-06
0.8598397987 	0.002865185271 	0.00123317317 	-1.046714712e-08 	0.003113860801 	-6.06442011e-09 	5.93588414e-06
0.862231006 	0.002903165034 	0.001257342348 	-9.19076848e-09 	0.003154623054 	-3.955994751e-09 	6.013588323e-06
0.8645958245 	0.00294330823 	0.001282928494 	-7.903799462e-09 	0.003197955829 	-1.758805794e-09 	6.096192637e-06
0.8669345455 	0.002985691933 	0.001309942884 	-6.615563595e-09 	0.003243936814 	5.160971742e-10 	6.183845173e-06
0.8692474569 	0.003030384397 	0.001338390011 	-5.33488193e-09 	0.003292632566 	2.856679377e-09 	6.276672811e-06
0.8715348435 	0.003077444072 	0.001368267671 	-4.069885602e-09 	0.003344097713 	5.250099374e-09 	6.374779685e-06
0.8737969871 	0.003126918757 	0.001399567079 	-2.827808906e-09 	0.003398374267 	7.682937657e-09 	6.478245883e-06
0.8760341663 	0.003178844942 	0.001432273048 	-1.614754244e-09 	0.003455491104 	1.014148464e-08 	6.587126449e-06
0.8782466565 	0.003233247333 	0.001466364219 	-4.354279205e-10 	0.003515463612 	1.261209195e-08 	6.701450717e-06
0.8804347301 	0.003290138605 	0.001501813396 	7.07145819e-10 	0.003578293547 	1.508158428e-08 	6.821222037e-06
0.8825986568 	0.003349519371 	0.00153858797 	1.811916874e-09 	0.003643969118 	1.753772091e-08 	6.946417927e-06
0.8847387028 	0.003411378393 	0.001576650477 	2.880084945e-09 	0.003712465304 	1.996968878e-08 	7.076990696e-06
0.8868551318 	0.003475692999 	0.001615959271 	3.915331545e-09 	0.00378374443 	2.236860152e-08 	7.212868522e-06
0.8889482045 	0.003542429727 	0.001656469319 	4.92397936e-09 	0.003857756979 	2.472797415e-08 	7.353957011e-06
0.8910181784 	0.003611545148 	0.001698133095 	5.915051188e-09 	0.003934442631 	2.704413995e-08 	7.500141176e-06
0.8930653087 	0.003682986847 	0.001740901559 	6.900204784e-09 	0.004013731503 	2.931657593e-08 	7.651287803e-06
0.8950898473 	0.003756694533 	0.001784725172 	7.893526579e-09 	0.004095545548 	3.15481057e-08 	7.807248113e-06
0.8970920436 	0.003832601218 	0.001829554907 	8.91117538e-09 	0.004179800064 	3.374495318e-08 	7.967860637e-06
0.8990721441 	0.003910634434 	0.001875343224 	9.970876225e-09 	0.004266405256 	3.591662698e-08 	8.132954204e-06
0.9010303927 	0.003990717433 	0.001922044934 	1.109127359e-08 	0.004355267799 	3.807562335e-08 	8.302350909e-06
0.9029670306 	0.004072770328 	0.001969617943 	1.229116143e-08 	0.004446292336 	4.023694345e-08 	8.475868975e-06
0.9048822962 	0.004156711118 	0.002018023794 	1.358861463e-08 	0.004539382854 	4.241742962e-08 	8.653325377e-06
0.9067764254 	0.004242456579 	0.002067228 	1.50000518e-08 	0.004634443889 	4.46349332e-08 	8.83453813e-06
0.9086496514 	0.004329922957 	0.002117200139 	1.653926314e-08 	0.004731381499 	4.69073341e-08 	9.019328157e-06
0.910502205 	0.004419026461 	0.00216791367 	1.821643916e-08 	0.004830103978 	4.925143937e-08 	9.20752064e-06
0.9123343142 	0.004509683516 	0.002219345493 	2.003723667e-08 	0.004930522273 	5.168179396e-08 	9.398945819e-06
0.9141462048 	0.004601810769 	0.002271475236 	2.200191781e-08 	0.005032550072 	5.420944256e-08 	9.593439163e-06
0.9159380997 	0.00469532485 	0.002324284287 	2.410459663e-08 	0.005136103573 	5.684068594e-08 	9.790840917e-06
0.9177102197 	0.00479014188 	0.002377754599 	2.633262541e-08 	0.005241100901 	5.957587944e-08 	9.990995005e-06
0.9194627831 	0.004886176759 	0.002431867298 	2.866615068e-08 	0.005347461215 	6.240832447e-08 	1.019374733e-05
0.9211960055 	0.004983342235 	0.00248660114 	3.107786578e-08 	0.005455103513 	6.532330638e-08 	1.039894346e-05
0.9229101006 	0.005081547822 	0.002541930866 	3.353298355e-08 	0.005563945169 	6.829733304e-08 	1.060642591e-05
0.9246052793 	0.005180698576 	0.002597825515 	3.598944891e-08 	0.005673900266 	7.129762836e-08 	1.081603089e-05
0.9262817504 	0.005280693828 	0.002654246763 	3.839840626e-08 	0.005784877769 	7.428193217e-08 	1.102758485e-05
0.9279397204 	0.005381425897 	0.002711147349 	4.070493111e-08 	0.005896779638 	7.71986529e-08 	1.124090092e-05
0.9295793934 	0.005482778889 	0.002768469662 	4.284902814e-08 	0.006009498945 	7.998741059e-08 	1.145577524e-05
0.9312009714 	0.005584627644 	0.002826144555 	4.476688965e-08 	0.006122918095 	8.257999569e-08 	1.167198367e-05
0.9328046541 	0.005686836911 	0.002884090467 	4.63923987e-08 	0.006236907255 	8.490175173e-08 	1.188927869e-05
0.9343906389 	0.005789260833 	0.002942212884 	4.765885003e-08 	0.006351323079 	8.687336881e-08 	1.210738705e-05
0.9359591211 	0.005891742793 	0.003000404224 	4.850084994e-08 	0.006466007817 	8.841305e-08 	1.232600803e-05
0.937510294 	0.005994115685 	0.003058544158 	4.88563437e-08 	0.006580788894 	8.943898438e-08 	1.254481267e-05
0.9390443485 	0.00609620263 	0.003116500404 	4.86687068e-08 	0.006695478996 	8.987203342e-08 	1.276344388e-05
0.9405614735 	0.006197818133 	0.00317413 	4.788882452e-08 	0.006809876709 	8.963851227e-08 	1.298151772e-05
0.942061856 	0.006298769659 	0.003231281034 	4.647707566e-08 	0.006923767709 	8.86729297e-08 	1.319862561e-05
0.9435456805 	0.006398859563 	0.003287794796 	4.440513007e-08 	0.007036926456 	8.692054373e-08 	1.341433764e-05
0.9450131299 	0.006497887287 	0.003343508301 	4.165746971e-08 	0.007149118355 	8.433959536e-08 	1.362820658e-05
0.946464385 	0.006595651731 	0.00339825709 	3.82325498e-08 	0.007260102275 	8.090310314e-08 	1.383977278e-05
0.9478996243 	0.006691953664 	0.003451878221 	3.41435312e-08 	0.007369633342 	7.660013245e-08 	1.404856943e-05
0.9493190246 	0.006786598083 	0.003504213348 	2.941853793e-08 	0.007477465865 	7.143649226e-08 	1.425412819e-05
0.9507227608 	0.00687939641 	0.003555111749 	2.41004227e-08 	0.007583356309 	6.543485279e-08 	1.445598481e-05
0.9521110058 	0.006970168428 	0.003604433226 	1.824605522e-08 	0.007687066176 	5.863431441e-08 	1.465368464e-05
0.9534839303 	0.007058743908 	0.003652050729 	1.192517838e-08 	0.007788364703 	5.108948666e-08 	1.484678779e-05
0.9548417036 	0.007144963863 	0.003697852653 	5.218902884e-09 	0.007887031291 	4.286915863e-08 	1.503487373e-05
0.9561844929 	0.007228681401 	0.003741744693 	-1.78207216e-09 	0.007982857484 	3.405462661e-08 	1.521754509e-05
0.9575124634 	0.007309762151 	0.003783651215 	-8.979420072e-09 	0.00807564882 	2.473784223e-08 	1.539443116e-05
0.9588257788 	0.007388084287 	0.00382351614 	-1.626922708e-08 	0.008165225398 	1.501927516e-08 	1.556518902e-05
0.9601246008 	0.007463537744 	0.003861303162 	-2.35440591e-08 	0.008251429934 	5.007633437e-09 	1.572951882e-05
0.9614090893 	0.007536025021 	0.003896994203 	-3.069539668e-08 	0.00833409548 	-5.187898233e-09 	1.588710233e-05
0.9626794024 	0.007605449908 	0.003930644179 	-3.760021981e-08 	0.008413106561 	-1.545216388e-08 	1.603771941e-05
0.9639356968 	0.007666334082 	0.00395913688 	-4.373579433e-08 	0.00848203055 	-2.483313865e-08 	1.616910769e-05
0.9647540487 	0.007713703911 	0.003980820702 	-4.847758319e-08 	0.008535440855 	-3.235529506e-08 	1.627092257e-05
0.9655573034 	0.007753718237 	0.003999338373 	-5.23162572e-08 	0.008580576555 	-3.88198797e-08 	1.635696376e-05
0.9663457395 	0.007791921173 	0.004016791171 	-5.587986136e-08 	0.008623545903 	-4.507128889e-08 	1.643887528e-05
0.9671196303 	0.007828336863 	0.004033260679 	-5.91468205e-08 	0.008664396119 	-5.10853358e-08 	1.651674715e-05
0.9678792442 	0.007862994307 	0.004048792119 	-6.210773555e-08 	0.008703152213 	-5.684358756e-08 	1.659062703e-05
0.9686248445 	0.007895920164 	0.004063431027 	-6.475718935e-08 	0.008739859324 	-6.232797253e-08 	1.666060099e-05
0.9693566897 	0.007927139628 	0.004077221501 	-6.709339767e-08 	0.008774558497 	-6.752492695e-08 	1.672674726e-05
0.9700750337 	0.00795667594 	0.004090205468 	-6.911777875e-08 	0.008807290106 	-7.242411519e-08 	1.67891428e-05
0.9707801255 	0.007984550163 	0.004102422134 	-7.083452422e-08 	0.008838092949 	-7.701810711e-08 	1.684786158e-05
0.9714722095 	0.008010780968 	0.004113907533 	-7.225020181e-08 	0.008867003787 	-8.130204135e-08 	1.690297367e-05
0.9721515258 	0.008035384457 	0.004124694173 	-7.337338981e-08 	0.008894056741 	-8.527334339e-08 	1.695454412e-05
0.9728183099 	0.008058373998 	0.004134810766 	-7.421434635e-08 	0.008919282804 	-8.893145404e-08 	1.700263201e-05
0.9734727929 	0.008079760069 	0.004144282015 	-7.478471347e-08 	0.008942709401 	-9.227758213e-08 	1.704728962e-05
0.9741152019 	0.00809955009 	0.004153128471 	-7.50972551e-08 	0.008964359991 	-9.531448222e-08 	1.708856166e-05
0.9747457596 	0.008117748257 	0.004161366413 	-7.516562666e-08 	0.008984253698 	-9.804625696e-08 	1.712648459e-05
0.9753646845 	0.008134355355 	0.004169007772 	-7.500417366e-08 	0.009002404967 	-1.004781827e-07 	1.716108596e-05
0.9759721914 	0.008149368556 	0.004176060075 	-7.462775603e-08 	0.009018823223 	-1.026165563e-07 	1.719238372e-05
0.9765684907 	0.008162781199 	0.0041825264 	-7.405159516e-08 	0.009033512551 	-1.044685617e-07 	1.722038566e-05
0.9771537895 	0.008174582537 	0.004188405349 	-7.329114067e-08 	0.009046471354 	-1.060421534e-07 	1.724508874e-05
0.9777282904 	0.008184757465 	0.004193691016 	-7.23619539e-08 	0.009057692025 	-1.073459543e-07 	1.726647845e-05
0.9782921928 	0.008193286216 	0.004198372956 	-7.127960587e-08 	0.009067160582 	-1.083891675e-07 	1.728452816e-05
0.9788456922 	0.008200144016 	0.004202436155 	-7.005958721e-08 	0.009074856298 	-1.091814978e-07 	1.729919833e-05
0.9793889805 	0.008205300708 	0.004205860976 	-6.871722818e-08 	0.009080751295 	-1.097330828e-07 	1.731043583e-05
0.979922246 	0.00820872034 	0.004208623102 	-6.726762711e-08 	0.009084810105 	-1.100544308e-07 	1.731817305e-05
0.9804456737 	0.008210360693 	0.004210693457 	-6.572558565e-08 	0.009086989194 	-1.101563652e-07 	1.7322327e-05
0.9809594451 	0.008210172776 	0.004212038106 	-6.410554997e-08 	0.009087236435 	-1.100499726e-07 	1.732279831e-05
0.9814637383 	0.008208100258 	0.004212618124 	-6.24215565e-08 	0.009085490533 	-1.097465555e-07 	1.731947014e-05
0.9819587281 	0.00820407884 	0.004212389446 	-6.068718184e-08 	0.009081680385 	-1.092575866e-07 	1.731220694e-05
0.9824445862 	0.008198035562 	0.004211302675 	-5.891549614e-08 	0.009075724371 	-1.085946656e-07 	1.730085312e-05
0.9829214811 	0.008189888039 	0.004209302851 	-5.711901949e-08 	0.009067529576 	-1.077694776e-07 	1.728523156e-05
0.9833895781 	0.008179543613 	0.004206329187 	-5.530968119e-08 	0.009056990916 	-1.067937514e-07 	1.726514195e-05
0.9838490396 	0.008166898413 	0.004202314739 	-5.349878173e-08 	0.009043990172 	-1.056792197e-07 	1.724035891e-05
0.9843000247 	0.008151836316 	0.004197186037 	-5.169695749e-08 	0.009028394911 	-1.04437578e-07 	1.721063001e-05
0.98474269 	0.008134227803 	0.004190862638 	-4.991414821e-08 	0.009010057293 	-1.030804451e-07 	1.717567342e-05
0.9851771888 	0.008113928674 	0.004183256614 	-4.815956678e-08 	0.008988812727 	-1.016193225e-07 	1.713517537e-05
0.9856036719 	0.008090778644 	0.004174271948 	-4.644167371e-08 	0.008964478384 	-1.000655542e-07 	1.708878735e-05
0.9860222871 	0.008064599767 	0.004163803839 	-4.476815498e-08 	0.008936851523 	-9.843028652e-08 	1.703612287e-05
0.9864331796 	0.008035194699 	0.004151737886 	-4.31458993e-08 	0.008905707627 	-9.672442591e-08 	1.697675395e-05
0.9868364919 	0.008002344761 	0.004137949152 	-4.158098168e-08 	0.008870798308 	-9.495859721e-08 	1.691020709e-05
0.9872323637 	0.007965807786 	0.004122301067 	-4.007865285e-08 	0.008831848964 	-9.314310162e-08 	1.683595881e-05
0.9876209323 	0.00792531573 	0.004104644152 	-3.864332991e-08 	0.00878855614 	-9.128787295e-08 	1.675343066e-05
0.9880023326 	0.007880572005 	0.004084814547 	-3.727859054e-08 	0.008740584569 	-8.94024322e-08 	1.666198351e-05
0.9883766967 	0.007831248521 	0.004062632294 	-3.598717136e-08 	0.008687563847 	-8.749584008e-08 	1.656091128e-05
0.9887441544 	0.007776982388 	0.004037899347 	-3.47709693e-08 	0.00862908469 	-8.557664668e-08 	1.644943375e-05
0.9891048331 	0.007717372263 	0.004010397259 	-3.363104573e-08 	0.008564694738 	-8.36528372e-08 	1.632668861e-05
0.9894588579 	0.007651974292 	0.003979884505 	-3.256763249e-08 	0.008493893845 	-8.17317727e-08 	1.619172242e-05
0.9898063516 	0.007580297636 	0.003946093386 	-3.158013898e-08 	0.008416128811 	-7.982012413e-08 	1.604348066e-05
0.9901474347 	0.00750179955 	0.003908726453 	-3.066715883e-08 	0.008330787525 	-7.792379784e-08 	1.588079645e-05
0.9904822253 	0.007415880031 	0.003867452396 	-2.982647471e-08 	0.008237192473 	-7.604785035e-08 	1.570237826e-05
0.9908108397 	0.00732187604 	0.003821901353 	-2.905505897e-08 	0.008134593631 	-7.419638943e-08 	1.550679635e-05
0.9911333916 	0.007219055394 	0.003771659574 	-2.834906763e-08 	0.008022160787 	-7.237245834e-08 	1.52924681e-05
0.9914499931 	0.007106610477 	0.003716263436 	-2.770382428e-08 	0.007898975401 	-7.057789923e-08 	1.505764252e-05
0.9917607538 	0.00698365201 	0.003655192815 	-2.711378953e-08 	0.007764022284 	-6.881319149e-08 	1.480038437e-05
0.9920657815 	0.006849203344 	0.003587863892 	-2.657251102e-08 	0.007616181251 	-6.707725643e-08 	1.451855827e-05
0.9923651819 	0.006702195914 	0.003513621585 	-2.6072548e-08 	0.007454220391 	-6.536723778e-08 	1.420981586e-05
0.992659059 	0.006541467051 	0.00343173206 	-2.56053659e-08 	0.007276788378 	-6.367820758e-08 	1.387158113e-05
0.9929475145 	0.006365760657 	0.00334137571 	-2.516119302e-08 	0.007082431453 	-6.200312328e-08 	1.350108281e-05
0.9932306485 	0.006173739393 	0.003241635002 	-2.472875182e-08 	0.00686952237 	-6.033141214e-08 	1.309521892e-05
0.9935085592 	0.005963946201 	0.00313185291 	-2.429867323e-08 	0.006636495286 	-5.865107766e-08 	1.265100453e-05
0.9937813429 	0.00575545136 	0.003020315938 	-2.387911592e-08 	0.006403919477 	-5.708911504e-08 	1.22076504e-05
0.9939569055 	0.00557337293 	0.002921644207 	-2.35331477e-08 	0.006200239395 	-5.579841447e-08 	1.181937955e-05
0.9941324681 	0.005401323393 	0.002828615811 	-2.325106373e-08 	0.006007770601 	-5.463696439e-08 	1.145248054e-05
0.9943080307 	0.005217251434 	0.002727792324 	-2.296753503e-08 	0.005801305532 	-5.343794551e-08 	1.105890073e-05
0.9944835934 	0.005020373422 	0.002618800972 	-2.267168715e-08 	0.005579989761 	-5.218914346e-08 	1.063701136e-05
0.994659156 	0.004809987712 	0.002501051372 	-2.234851339e-08 	0.005342925951 	-5.08736918e-08 	1.018510185e-05
0.9948347186 	0.004585486235 	0.002373996224 	-2.198008204e-08 	0.005089355157 	-4.947075561e-08 	9.701725443e-06
0.9950102812 	0.004346420223 	0.002237177781 	-2.154538288e-08 	0.00481869571 	-4.795473023e-08 	9.185773311e-06
0.9951858439 	0.004092583724 	0.002090301009 	-2.102024868e-08 	0.004530659393 	-4.629535197e-08 	8.636696034e-06
0.9953614065 	0.003824121107 	0.001933335261 	-2.037754997e-08 	0.004225392536 	-4.445823707e-08 	8.054772561e-06
0.9955369691 	0.003541659012 	0.00176664866 	-1.958793382e-08 	0.003903653972 	-4.240631077e-08 	7.441449435e-06
0.9957125317 	0.003246459307 	0.00159117484 	-1.862153242e-08 	0.003567024351 	-4.010258245e-08 	6.799739817e-06
0.9958880943 	0.002940581987 	0.001408601197 	-1.745120592e-08 	0.003218130444 	-3.751479515e-08 	6.134651059e-06
0.996063657 	0.002627035743 	0.001221549617 	-1.605787926e-08 	0.002860848428 	-3.462233702e-08 	5.453572235e-06
0.9962392196 	0.002309879869 	0.001033694773 	-1.443814617e-08 	0.002500425708 	-3.142527096e-08 	4.766506356e-06
0.9964147822 	0.001994227843 	0.000849738519 	-1.261326392e-08 	0.002143438854 	-2.79542261e-08 	4.085990194e-06
0.9965903448 	0.001686097588 	0.0006751490836 	-1.063691273e-08 	0.001797502463 	-2.427829619e-08 	3.426539285e-06
0.9967659075 	0.001392066375 	0.0005156071688 	-8.597324301e-09 	0.001470681556 	-2.050672844e-08 	2.8035278e-06
0.9969414701 	0.001118728117 	0.0003761962058 	-6.609228572e-09 	0.001170649843 	-1.678046878e-08 	2.231583966e-06
0.9971170327 	0.0008720151885 	0.0002605117694 	-4.794223011e-09 	0.0009037552361 	-1.32527734e-08 	1.722808666e-06
0.9972925953 	0.0006565144785 	0.000169972279 	-3.254283807e-09 	0.0006742381986 	-1.006341905e-08 	1.285285401e-06
0.997468158 	0.0004749410219 	0.0001035976147 	-2.048518104e-09 	0.00048382745 	-7.31523819e-09 	9.223095926e-07
0.9976437206 	0.0003279017444 	5.835550215e-05 	-1.183165999e-09 	0.0003318002999 	-5.061154159e-09 	6.325035907e-07
0.9978192832 	0.0002139910507 	2.994208144e-05 	-6.183454467e-10 	0.0002154185989 	-3.304503606e-09 	4.10647722e-07
0.9979948458 	0.0001301540758 	1.370549991e-05 	-2.866494749e-10 	0.0001305426082 	-2.00923818e-09 	2.488504937e-07
0.9981704085 	7.21870722e-05 	5.422500376e-06 	-1.143362539e-10 	7.223073652e-05 	-1.113779477e-09 	1.376918593e-07
0.9983459711 	3.524283319e-05 	1.763705934e-06 	-3.736603014e-11 	3.521540766e-05 	-5.435082758e-10 	6.713035461e-08
0.9985215337 	1.425730434e-05 	4.337591113e-07 	-9.212548925e-12 	1.423617139e-05 	-2.198054975e-10 	2.713809941e-08
0.9986970963 	4.280247121e-06 	6.944686067e-08 	-1.476622677e-12 	4.272617112e-06 	-6.597804171e-11 	8.144795729e-09
0.998872659 	7.675718606e-07 	5.317490345e-09 	-1.131096327e-13 	7.661277637e-07 	-1.183094681e-11 	1.460452452e-09
0.9990482216 	7.915254193e-08 	1.402712138e-10 	-2.984079288e-15 	7.900204797e-08 	-1.219982111e-12 	1.505998609e-10
