(-1.499459999999999960e-01 1.026860000000000099e-03 -5.687820000000000555e-23)
(-5.073010000000000019e-02 1.018599999999999931e-03 8.320839999999998577e-22)
(-5.004639999999999783e-02 1.387160000000000060e-01 -2.385740000000000064e-19)
(-6.067279999999999895e-02 1.527729999999999921e-01 -2.980020000000000091e-19)
(-7.161030000000000173e-02 1.682379999999999987e-01 -6.463100000000000107e-19)
(-8.280600000000000460e-02 1.852229999999999988e-01 -2.774950000000000014e-19)
(-9.416940000000000033e-02 2.038310000000000122e-01 -2.766719999999999847e-19)
(-1.056170000000000025e-01 2.242089999999999916e-01 1.714590000000000365e-18)
(-1.170530000000000043e-01 2.465340000000000031e-01 -1.880220000000000076e-18)
(-1.283489999999999909e-01 2.709610000000000074e-01 2.689110000000000708e-18)
(-1.393389999999999906e-01 2.976190000000000224e-01 -1.952870000000000225e-18)
(-5.291119999999999851e-02 3.507640000000000202e-01 2.099390000000000043e-18)
(-1.498690000000000022e-01 3.267010000000000192e-01 4.833930000000000131e-19)
(-6.195620000000000294e-02 3.776519999999999877e-01 -1.109440000000000354e-18)
(-7.032360000000000000e-02 4.069260000000000099e-01 3.316709999999999876e-19)
(-7.782619999999999816e-02 4.387119999999999909e-01 -9.547940000000000256e-21)
(-8.429799999999999793e-02 4.731650000000000023e-01 -9.208180000000000179e-19)
(-8.958950000000000247e-02 5.104220000000000423e-01 -3.394359999999999998e-19)
(-9.349480000000000290e-02 5.491960000000000175e-01 -1.810970000000000233e-18)
(-9.594919999999999838e-02 5.868379999999999708e-01 -1.033940000000000062e-19)
(-9.722100000000000186e-02 6.221010000000000151e-01 1.979330000000000083e-17)
(-9.765730000000000244e-02 6.550920000000000076e-01 -1.487719999999999969e-17)
(-9.751579999999999970e-02 6.859330000000000149e-01 -7.506410000000000104e-18)
(-9.698500000000000176e-02 7.147510000000000252e-01 -1.021649999999999952e-17)
(-9.620249999999999635e-02 7.416700000000000514e-01 1.268730000000000028e-17)
(-9.526629999999999820e-02 7.668110000000000204e-01 -1.233080000000000067e-17)
(-9.424559999999999882e-02 7.902890000000000192e-01 1.016230000000000023e-17)
(-9.318949999999999456e-02 8.122120000000000450e-01 -1.115320000000000022e-20)
(-9.213119999999999643e-02 8.326820000000000332e-01 3.160410000000000658e-18)
(-9.109280000000000155e-02 8.517959999999999976e-01 2.441160000000000036e-18)
(-9.008889999999999953e-02 8.696420000000000261e-01 -3.864340000000000193e-17)
(-8.912820000000000464e-02 8.863050000000000095e-01 4.364070000000000229e-17)
(-8.821569999999999412e-02 9.018620000000000525e-01 -2.504830000000000715e-18)
(-8.735370000000000634e-02 9.163879999999999804e-01 -4.194710000000000231e-18)
(-8.654240000000000543e-02 9.299500000000000544e-01 -2.960149999999999768e-17)
(-8.588880000000000126e-02 9.408239999999999936e-01 4.377589999999999831e-17)
(-8.539629999999999443e-02 9.489929999999999755e-01 9.769319999999999413e-17)
(-8.495959999999999623e-02 9.562230000000000452e-01 -1.124229999999999880e-16)
(-8.457259999999999778e-02 9.626230000000000064e-01 2.576040000000000122e-18)
(-8.422979999999999356e-02 9.682870000000000088e-01 2.746490000000000244e-18)
