5.285597238e-21 	0.003930708759 	-1.60578637e-16 	-9.246039112e-24 	6.560012513e-30 	3.777223012e-37 	2.174906473e-44
9.777528212e-19 	0.004440106289 	-0.000256836257 	2.541098842e-21 	0.001915152025 	-2.032879073e-20 	3.650812048e-06
0.001074327146 	0.004472632745 	-0.0003658288402 	1.600328949e-05 	0.002739206336 	-0.0001191885997 	5.221688599e-06
0.002146986776 	0.00482218719 	-0.0005621667263 	2.512047287e-05 	0.002967212482 	-0.0001246049673 	5.656331686e-06
0.003217959715 	0.006085596721 	-0.000664052285 	3.084272152e-05 	0.003964616208 	-0.0001514749032 	7.557660401e-06
0.004287226928 	0.007571456082 	-0.001015101655 	4.362613365e-05 	0.005664493053 	-0.0001911152869 	1.079809812e-05
0.005354769522 	0.008437595086 	-0.001452197334 	5.337758732e-05 	0.007439205873 	-0.0002221605511 	1.418119401e-05
0.006420568743 	0.008751744229 	-0.001687531766 	5.121827623e-05 	0.00852292032 	-0.0002234947498 	1.624705495e-05
0.007484605976 	0.008865421949 	-0.001812353863 	4.590950511e-05 	0.008968947393 	-0.0002043291219 	1.709730652e-05
0.008546862746 	0.00889087737 	-0.001835979519 	4.02168745e-05 	0.009071299218 	-0.0001800487472 	1.729241755e-05
0.009607320712 	0.008906454923 	-0.00182240279 	3.478815743e-05 	0.009018950298 	-0.0001566623074 	1.719262595e-05
0.01066596167 	0.008919851192 	-0.001797194483 	2.990830618e-05 	0.008906792592 	-0.0001359200969 	1.69788222e-05
0.01172276756 	0.008929052476 	-0.001769647141 	2.556532156e-05 	0.008782357099 	-0.0001177258444 	1.674161356e-05
0.01277772044 	0.008932076594 	-0.001742247623 	2.165643589e-05 	0.008664973261 	-0.0001015062288 	1.651784734e-05
0.01383080251 	0.008930796997 	-0.001716190171 	1.810647672e-05 	0.008560114684 	-8.673293589e-05 	1.631795775e-05
0.01488199612 	0.008927285722 	-0.001692473965 	1.487613222e-05 	0.008468610536 	-7.307108125e-05 	1.614352541e-05
0.01593128371 	0.00892284312 	-0.001671730048 	1.194329111e-05 	0.008389207824 	-6.031399024e-05 	1.599216177e-05
0.0169786479 	0.00891808882 	-0.001654237668 	9.292135999e-06 	0.008320120807 	-4.83306879e-05 	1.586046272e-05
0.01802407142 	0.008913109409 	-0.001640005921 	6.906819436e-06 	0.008259725964 	-3.703386334e-05 	1.574533336e-05
0.01906753711 	0.008907688916 	-0.001628842725 	4.76824195e-06 	0.00820673136 	-2.636016488e-05 	1.564431091e-05
0.02010902796 	0.008901519293 	-0.001620422515 	2.853844266e-06 	0.008160127607 	-1.625860439e-05 	1.555547121e-05
0.02114852709 	0.008894342467 	-0.001614359398 	1.139465886e-06 	0.00811909331 	-6.684312108e-06 	1.547724843e-05
0.02190656462 	0.008888393718 	-0.00161134546 	5.391528165e-07 	0.008093238617 	-2.521557822e-06 	1.54279622e-05
0.02213602389 	0.008882194472 	-0.001604575674 	4.876828192e-07 	0.00806796034 	-2.256939768e-06 	1.537977478e-05
0.02298658729 	0.008859451537 	-0.001581221795 	2.213853793e-06 	0.007983687039 	-1.031751454e-05 	1.521912645e-05
0.02383601527 	0.008836939426 	-0.001559671314 	3.81635056e-06 	0.007907709413 	-1.791841916e-05 	1.507429198e-05
0.02468429274 	0.008814602798 	-0.0015397968 	5.303868155e-06 	0.007839104571 	-2.509870417e-05 	1.494351208e-05
0.0255314047 	0.008792421916 	-0.00152148821 	6.684161623e-06 	0.007777099933 	-3.189287126e-05 	1.4825314e-05
0.02637733621 	0.008770336904 	-0.001504650987 	7.964281202e-06 	0.00772100296 	-3.833157731e-05 	1.471837758e-05
0.02722207243 	0.008748179409 	-0.001489217618 	9.15118732e-06 	0.007670126978 	-4.444123556e-05 	1.462139382e-05
0.02806559858 	0.008726597618 	-0.001475116157 	1.025181992e-05 	0.007624384982 	-5.02514136e-05 	1.453419686e-05
0.02890789998 	0.008706635408 	-0.001462257704 	1.127646723e-05 	0.007584096448 	-5.582882639e-05 	1.445739572e-05
0.02974896199 	0.008684584859 	-0.001447760653 	1.217089161e-05 	0.007537946443 	-6.106948353e-05 	1.436942098e-05
0.03105328552 	0.00865462189 	-0.001432923772 	1.307333953e-05 	0.007495078699 	-6.679245984e-05 	1.428770315e-05
0.03237895466 	0.008619850752 	-0.001418625876 	1.136910475e-05 	0.007449202937 	-5.919850675e-05 	1.42002512e-05
0.03372619192 	0.008585208742 	-0.00140703938 	9.793599859e-06 	0.007410650576 	-5.19535412e-05 	1.412675968e-05
0.03509521438 	0.008550799234 	-0.001397561961 	8.317453069e-06 	0.007378104792 	-4.499437921e-05 	1.406471837e-05
0.03648623309 	0.008516124834 	-0.00139009799 	6.936359263e-06 	0.007350649647 	-3.829384298e-05 	1.401238123e-05
0.03789945241 	0.008481361136 	-0.001384556846 	5.646114556e-06 	0.007327923769 	-3.18369009e-05 	1.396905939e-05
0.03933506942 	0.008446524844 	-0.001380859938 	4.443076289e-06 	0.007309497088 	-2.560661148e-05 	1.393393302e-05
0.04079327314 	0.008411691831 	-0.001378917769 	3.323308331e-06 	0.007295012491 	-1.95890437e-05 	1.390632135e-05
0.04227424383 	0.008376917322 	-0.00137864165 	2.282951062e-06 	0.007284129471 	-1.377087294e-05 	1.388557529e-05
0.04377815219 	0.008342265907 	-0.001379939133 	1.318037892e-06 	0.007276542671 	-8.140154468e-06 	1.387111274e-05
0.04530515853 	0.008307798082 	-0.001382716621 	4.245806503e-07 	0.007271970091 	-2.685871415e-06 	1.386239613e-05
0.04608381709 	0.008290662389 	-0.001384731826 	5.085641727e-07 	0.007271153844 	-2.711636045e-06 	1.386084014e-05
0.04669962032 	0.008273284106 	-0.001382068519 	4.088126933e-07 	0.007259859149 	-1.987454757e-06 	1.383930931e-05
0.04795657 	0.00823914847 	-0.001377435949 	1.209979124e-06 	0.007239912286 	-5.911329323e-06 	1.380128505e-05
0.04923369681 	0.008205836464 	-0.001373520963 	1.981585603e-06 	0.00722245673 	-9.726769674e-06 	1.376800991e-05
0.05053116635 	0.008173363833 	-0.001370275742 	2.725299408e-06 	0.00720733984 	-1.343803516e-05 	1.373919291e-05
0.0518491351 	0.008141744392 	-0.001367656016 	3.442643102e-06 	0.007194421245 	-1.704901766e-05 	1.371456648e-05
0.0531877496 	0.008110990403 	-0.001365620379 	4.135002447e-06 	0.007183570567 	-2.056325317e-05 	1.369388207e-05
0.05454714558 	0.008081111903 	-0.001364130685 	4.80364807e-06 	0.007174668222 	-2.398397278e-05 	1.367691173e-05
0.05592744703 	0.00805211628 	-0.00136315224 	5.449772905e-06 	0.007167605592 	-2.731417417e-05 	1.366344839e-05
0.05732876521 	0.008024008414 	-0.001362652563 	6.074502184e-06 	0.007162280047 	-3.055656135e-05 	1.365329642e-05
0.05875119761 	0.007996791938 	-0.001362599775 	5.58517589e-06 	0.007158592696 	-2.819295395e-05 	1.364626731e-05
0.06019482689 	0.007970478756 	-0.001362961529 	4.909925414e-06 	0.007156451786 	-2.486719219e-05 	1.364218614e-05
0.06165971967 	0.007945102292 	-0.001363701676 	4.253616944e-06 	0.007155756002 	-2.161281013e-05 	1.364085978e-05
0.06314592535 	0.007920637217 	-0.001364778382 	3.615456779e-06 	0.007156323985 	-1.84269483e-05 	1.364194251e-05
0.06465775049 	0.007896838369 	-0.001366188276 	2.993264985e-06 	0.007158054043 	-1.529962347e-05 	1.364524048e-05
0.06623409489 	0.007873393301 	-0.001368102989 	2.372087993e-06 	0.007161813987 	-1.215626036e-05 	1.365240798e-05
0.06783446702 	0.007850784444 	-0.001370283379 	1.766581902e-06 	0.007166549424 	-9.075927406e-06 	1.366143504e-05
0.06945913953 	0.007829220254 	-0.001372729459 	1.176087844e-06 	0.007172432983 	-6.057150727e-06 	1.367265074e-05
0.07110838511 	0.007808582491 	-0.001375457334 	6.001694821e-07 	0.007179507339 	-3.098179217e-06 	1.368613643e-05
0.0727824764 	0.007788840877 	-0.001378442175 	3.811059047e-08 	0.007187674165 	-1.971616293e-07 	1.370170467e-05
0.07289842475 	0.007787545207 	-0.001378662767 	4.807550693e-08 	0.007188322381 	-2.741640685e-07 	1.370294035e-05
0.07426181252 	0.007770991839 	-0.001377706268 	5.040839372e-07 	0.007190522311 	-1.990192927e-06 	1.370713403e-05
0.0757472134 	0.007753786002 	-0.001377052149 	1.028436825e-06 	0.007194013915 	-4.080868716e-06 	1.371378999e-05
0.07725503592 	0.007737118633 	-0.001376768302 	1.535551457e-06 	0.007198584386 	-6.124568059e-06 	1.372250258e-05
0.07878553239 	0.007720970547 	-0.001376846504 	2.025684751e-06 	0.007204196209 	-8.122253092e-06 	1.373320028e-05
0.08033895541 	0.007705324651 	-0.001377279124 	2.499077732e-06 	0.007210812766 	-1.00748834e-05 	1.374581327e-05
0.08191555778 	0.00769016605 	-0.001378059073 	2.955959326e-06 	0.007218397753 	-1.198343168e-05 	1.376027237e-05
0.08351559245 	0.007675482495 	-0.001379179695 	2.948664902e-06 	0.007226914674 	-1.202271391e-05 	1.377650799e-05
0.08513931241 	0.007661264638 	-0.001380634652 	2.44291224e-06 	0.007236326449 	-1.001973066e-05 	1.379444944e-05
0.08678697065 	0.007647506076 	-0.001382417826 	1.952232897e-06 	0.007246595336 	-8.056237456e-06 	1.38140248e-05
0.08845882009 	0.007634203093 	-0.00138452324 	1.476457344e-06 	0.007257683044 	-6.131397313e-06 	1.383516105e-05
0.09015511346 	0.007621354232 	-0.001386944976 	1.015421501e-06 	0.007269550958 	-4.244353562e-06 	1.385778459e-05
0.0918761033 	0.007608960153 	-0.001389677083 	5.689643335e-07 	0.007282160811 	-2.394239157e-06 	1.388182248e-05
0.09362204182 	0.007597023557 	-0.00139271348 	1.369246453e-07 	0.007295475534 	-5.801932319e-07 	1.390720404e-05
0.09419342311 	0.007593323317 	-0.001393772728 	1.87102045e-07 	0.007300044062 	-1.160792276e-06 	1.391591292e-05
0.09531469617 	0.007587318831 	-0.001393321159 	3.495312422e-07 	0.007307206871 	-1.033370101e-06 	1.392956723e-05
0.09699468175 	0.007579055206 	-0.001392808266 	8.602563761e-07 	0.007318671095 	-2.531043385e-06 	1.395142123e-05
0.0986997996 	0.007571411892 	-0.001392454622 	1.363549422e-06 	0.007330967042 	-3.991776642e-06 	1.397486072e-05
0.1004303306 	0.007564398966 	-0.001392252289 	1.859599063e-06 	0.007344089182 	-5.41555459e-06 	1.399987516e-05
0.1021865562 	0.007558008789 	-0.001392190496 	2.348545877e-06 	0.007357979852 	-6.801187928e-06 	1.402635464e-05
0.1039687584 	0.0075521845 	-0.001392263266 	2.830556876e-06 	0.007372601399 	-8.145747318e-06 	1.405422738e-05
0.105801143 	0.007546799998 	-0.00139247602 	2.990380383e-06 	0.007388498677 	-8.54547289e-06 	1.4084532e-05
0.1076898344 	0.007541850428 	-0.00139281107 	2.4785691e-06 	0.007405767476 	-7.029817568e-06 	1.411745114e-05
0.1096057252 	0.007537456872 	-0.001393239004 	1.973526993e-06 	0.00742383787 	-5.553160396e-06 	1.415189833e-05
0.1115490892 	0.007533595677 	-0.001393754945 	1.475022665e-06 	0.007442886915 	-4.115123505e-06 	1.41882111e-05
0.1135202004 	0.007530195362 	-0.001394351513 	9.828267488e-07 	0.007463056163 	-2.716618464e-06 	1.42266593e-05
0.1155193324 	0.007527195344 	-0.001395017145 	4.96615572e-07 	0.007484371228 	-1.358804634e-06 	1.426729173e-05
0.1175467585 	0.007524404572 	-0.001395735017 	1.614398957e-08 	0.007506743266 	-4.368694098e-08 	1.430993906e-05
0.1176158625 	0.007524317875 	-0.001395760628 	1.855350271e-08 	0.007507534965 	-1.144012018e-07 	1.431144825e-05
0.1195071859 	0.007516666867 	-0.001396024729 	4.305909778e-07 	0.007525779541 	-1.158135102e-06 	1.434622749e-05
0.1214927075 	0.007509746824 	-0.001396483786 	8.683437986e-07 	0.007546446281 	-2.323535214e-06 	1.438562404e-05
0.1235069599 	0.007503169109 	-0.001397120323 	1.29810549e-06 	0.007567716489 	-3.469138727e-06 	1.442617097e-05
0.1255502441 	0.007496620888 	-0.001397998739 	1.720283477e-06 	0.007588638328 	-4.608663924e-06 	1.446605381e-05
0.1286698652 	0.00748724173 	-0.001399417389 	2.3447525e-06 	0.007625114329 	-6.263960539e-06 	1.45355872e-05
0.1318034845 	0.007478630919 	-0.001401119882 	2.024050863e-06 	0.007660737127 	-5.380837748e-06 	1.460349416e-05
0.1349511188 	0.007471381828 	-0.001403136266 	1.401153228e-06 	0.007696476003 	-3.708173877e-06 	1.467162239e-05
0.1381127882 	0.007466014353 	-0.001405470634 	8.03123486e-07 	0.007733322763 	-2.116408384e-06 	1.474186255e-05
0.1413694387 	0.00746138653 	-0.001407978549 	2.141887005e-07 	0.007772599075 	-5.599188869e-07 	1.481673412e-05
0.1425900493 	0.007459830343 	-0.001408909858 	2.740754878e-07 	0.007788028819 	-1.691659604e-06 	1.48461475e-05
0.1445658929 	0.007460560048 	-0.001407191386 	4.642094865e-07 	0.007813377525 	-7.459577818e-07 	1.489446918e-05
0.1477280931 	0.007462448001 	-0.001404648446 	1.183100525e-06 	0.007855315142 	-1.873986961e-06 	1.497441393e-05
0.1509048918 	0.00746545703 	-0.001402415588 	1.877083721e-06 	0.007898394248 	-2.931704915e-06 	1.505653468e-05
0.1540963343 	0.007469529005 	-0.001400481036 	2.546957129e-06 	0.007942514967 	-3.92246089e-06 	1.514064103e-05
0.15730247 	0.007474647229 	-0.001398832481 	2.245565567e-06 	0.007987671501 	-3.409726807e-06 	1.522672194e-05
0.1605233532 	0.007480810692 	-0.001397457319 	1.574084457e-06 	0.008033876974 	-2.356157932e-06 	1.531480241e-05
0.1637590427 	0.007487969744 	-0.001396341831 	9.237120847e-07 	0.008081058645 	-1.362549885e-06 	1.540474379e-05
0.1670096021 	0.00749617297 	-0.001395487338 	2.937310579e-07 	0.008129238896 	-4.267071622e-07 	1.549658874e-05
0.1685683127 	0.007500460712 	-0.001395143751 	2.871762478e-07 	0.008152833121 	-1.851749214e-06 	1.554156589e-05
0.1702759792 	0.007504944532 	-0.001393661501 	3.568973484e-07 	0.008177298903 	-4.42856172e-07 	1.558820447e-05
0.1735378181 	0.00751429328 	-0.001391016376 	1.019825937e-06 	0.008225129621 	-1.242507401e-06 	1.567938311e-05
0.176816035 	0.007524639059 	-0.001388617515 	1.663206993e-06 	0.008274126422 	-1.988274264e-06 	1.577278464e-05
0.1801107166 	0.007535921957 	-0.001386428057 	2.28794981e-06 	0.008324395174 	-2.681856625e-06 	1.586861085e-05
0.1834219551 	0.007548085283 	-0.001384419684 	2.712613521e-06 	0.008375952711 	-3.11542482e-06 	1.596689384e-05
0.1867498487 	0.00756112772 	-0.001382572438 	2.08191179e-06 	0.008428822542 	-2.341081037e-06 	1.606767843e-05
0.1900945014 	0.007575022957 	-0.00138086629 	1.467805972e-06 	0.00848298376 	-1.614885893e-06 	1.617092477e-05
0.1934560237 	0.007589816192 	-0.001379299111 	8.694391569e-07 	0.008538438471 	-9.351439521e-07 	1.627663686e-05
0.1968739022 	0.007605545021 	-0.001377779924 	2.792651092e-07 	0.008595942936 	-2.932815339e-07 	1.638625636e-05
0.1985304137 	0.007613420394 	-0.001377039743 	2.568521533e-07 	0.008624369759 	-1.62096925e-06 	1.644044578e-05
0.2002921667 	0.007622912077 	-0.001375147163 	3.336808755e-07 	0.008653831402 	-2.724535224e-07 	1.649660786e-05
0.203671274 	0.007641702745 	-0.001371600377 	9.586119206e-07 	0.008711536854 	-7.606852872e-07 	1.660661049e-05
0.2070684227 	0.007661152103 	-0.001368119234 	1.569384276e-06 	0.008770704929 	-1.209024504e-06 	1.671940129e-05
0.2104837616 	0.007681230126 	-0.001364658226 	2.16712626e-06 	0.008831411259 	-1.618976531e-06 	1.683512442e-05
0.213917447 	0.007701943742 	-0.001361188651 	2.75298099e-06 	0.008893669021 	-1.991986644e-06 	1.695380502e-05
0.2173696432 	0.0077232644 	-0.001357685417 	2.222501799e-06 	0.008957428535 	-1.555408895e-06 	1.707534838e-05
0.2208498461 	0.007745344426 	-0.001354112247 	1.634193394e-06 	0.009023041121 	-1.104196247e-06 	1.72004242e-05
0.2244220358 	0.007768209162 	-0.00135026046 	1.044839981e-06 	0.009091537926 	-6.80084851e-07 	1.733099815e-05
0.2280123558 	0.007791711044 	-0.001346235843 	4.66154726e-07 	0.009161878451 	-2.918234038e-07 	1.746508674e-05
0.2309642662 	0.007811419119 	-0.001342795728 	9.669489384e-08 	0.00922072304 	-5.09707101e-07 	1.757726088e-05
0.231601588 	0.007815979479 	-0.001341747557 	1.105795493e-07 	0.009233219726 	-5.41619391e-08 	1.760108304e-05
0.2351229535 	0.007841563912 	-0.001335753864 	7.121352731e-07 	0.00930367972 	-3.345802472e-07 	1.773539937e-05
0.2386642333 	0.007867688938 	-0.001329533003 	1.30526075e-06 	0.00937583258 	-5.881687695e-07 	1.787294277e-05
0.2422256574 	0.007894474061 	-0.001323099841 	1.890924732e-06 	0.009449688724 	-8.161855456e-07 	1.801373311e-05
0.245844 	0.007922057438 	-0.001316295522 	2.476734804e-06 	0.009525985497 	-1.021245433e-06 	1.815917597e-05
0.2495251984 	0.007950362442 	-0.00130899598 	2.361124266e-06 	0.00960492342 	-9.274662314e-07 	1.830965359e-05
0.2532263804 	0.007979241777 	-0.001301263968 	1.782707458e-06 	0.009685796004 	-6.660860882e-07 	1.846381921e-05
0.2569478097 	0.008008644244 	-0.001293038677 	1.209996755e-06 	0.009768572468 	-4.300032172e-07 	1.862161416e-05
0.2606897621 	0.008038544311 	-0.001284261295 	6.422296562e-07 	0.00985329134 	-2.171363419e-07 	1.878311187e-05
0.2644525256 	0.008069012755 	-0.001274921789 	7.865513565e-08 	0.009939943633 	-2.529359847e-08 	1.894829523e-05
0.2649834881 	0.008073350004 	-0.001273528596 	9.377669555e-08 	0.009952373928 	-3.032882623e-07 	1.897199083e-05
0.2682013626 	0.008100552034 	-0.001263995086 	5.103902744e-07 	0.01002692559 	-1.424879259e-07 	1.911410701e-05
0.2720083861 	0.00813282269 	-0.001252078468 	1.106512955e-06 	0.01011645052 	-2.959095053e-07 	1.928476642e-05
0.2758373145 	0.008165617092 	-0.001239431558 	1.698744535e-06 	0.01020809143 	-4.359600287e-07 	1.945945947e-05
0.2796884853 	0.00819891101 	-0.00122601092 	2.287895675e-06 	0.01030172304 	-5.647835536e-07 	1.963794734e-05
0.28356225 	0.008232650018 	-0.001211712367 	2.612823018e-06 	0.01039739993 	-6.223706032e-07 	1.982033408e-05
0.2874589747 	0.008266995742 	-0.001196508021 	2.048418967e-06 	0.01049526907 	-4.727108645e-07 	2.000689986e-05
0.2914374958 	0.008302137704 	-0.00118006128 	1.477921252e-06 	0.01059633503 	-3.320963235e-07 	2.019955966e-05
0.2954539871 	0.008337911158 	-0.001162418205 	9.083046799e-07 	0.01070000506 	-1.999906417e-07 	2.039718357e-05
0.2994935987 	0.008374265676 	-0.001143691362 	3.412844964e-07 	0.01080563778 	-7.395690001e-08 	2.059854889e-05
0.3019494975 	0.00839656232 	-0.001131655368 	3.828917704e-07 	0.01087076245 	-6.160718954e-07 	2.072269461e-05
0.3035411544 	0.008411335303 	-0.001123503698 	2.31448369e-07 	0.01091245684 	-6.215489267e-08 	2.08021757e-05
0.3075897287 	0.008449266134 	-0.001101680172 	8.137118927e-07 	0.01102014737 	-2.181065696e-07 	2.100746377e-05
0.3117070592 	0.008488008157 	-0.001078224848 	1.40064275e-06 	0.01113091002 	-3.765388937e-07 	2.121860818e-05
0.3158763763 	0.008527470609 	-0.001053034232 	1.989470967e-06 	0.01124456649 	-5.394539744e-07 	2.1435269e-05
0.3200711507 	0.008567571022 	-0.001026236834 	2.576225902e-06 	0.01136040712 	-7.087392488e-07 	2.165609343e-05
0.3242918762 	0.008608297259 	-0.0009977212773 	2.761752705e-06 	0.01147836392 	-7.754047787e-07 	2.188095187e-05
0.3285390659 	0.008649817873 	-0.0009673842856 	2.209137841e-06 	0.01159860945 	-6.364907808e-07 	2.211017328e-05
0.3328661155 	0.008692383393 	-0.0009347668697 	1.65128518e-06 	0.01172202564 	-4.905739348e-07 	2.234543883e-05
0.3372333222 	0.008735861322 	-0.0008998535 	1.0943171e-06 	0.01184808755 	-3.369062366e-07 	2.258574788e-05
0.3416275151 	0.008780197226 	-0.000862758774 	5.397129127e-07 	0.01197612296 	-1.729480227e-07 	2.282981895e-05
0.3459484157 	0.008824470098 	-0.0008242189419 	3.726625069e-08 	0.01210325365 	-2.051469891e-08 	2.307216538e-05
0.3460484185 	0.008825520266 	-0.0008233084209 	1.287965279e-08 	0.01210617058 	-4.878691867e-09 	2.307772586e-05
0.3504786873 	0.008872693802 	-0.0007808809548 	5.747028849e-07 	0.01223683903 	-2.271392138e-07 	2.332681624e-05
0.3549828372 	0.008921227859 	-0.0007354137118 	1.137667922e-06 	0.01237044615 	-4.704927189e-07 	2.358150856e-05
0.35951625 	0.008971015195 	-0.0006870326643 	1.695045935e-06 	0.01250619869 	-7.356154138e-07 	2.384029061e-05
0.3640795876 	0.00902208344 	-0.0006356909485 	2.246204704e-06 	0.01264372293 	-1.025588059e-06 	2.410245005e-05
0.3686755843 	0.009074738019 	-0.0005810814233 	2.790637529e-06 	0.0127833573 	-1.343998614e-06 	2.436863197e-05
0.373358679 	0.009129339627 	-0.0005225751318 	2.764659644e-06 	0.01292576755 	-1.407790307e-06 	2.464010548e-05
0.3780726351 	0.009185784376 	-0.0004602892164 	2.241051827e-06 	0.01307010066 	-1.209615512e-06 	2.491524451e-05
0.3828182057 	0.009244097098 	-0.0003943273672 	1.723847981e-06 	0.01321569198 	-9.884478748e-07 	2.519278202e-05
0.3875975535 	0.009304681416 	-0.0003243433061 	1.214090233e-06 	0.01336284845 	-7.411811046e-07 	2.547330315e-05
0.3924622408 	0.009367962489 	-0.0002496896466 	7.081617829e-07 	0.01351205223 	-4.611841586e-07 	2.575772702e-05
0.3973596973 	0.009433887682 	-0.0001705195976 	2.147105126e-07 	0.01366240579 	-1.494446708e-07 	2.604434271e-05
0.3995609819 	0.009464542647 	-0.0001332458421 	1.452751256e-06 	0.01372985581 	-2.093484605e-07 	2.61729212e-05
0.4022763705 	0.009502838559 	-8.715510554e-05 	2.568478775e-07 	0.01381255687 	-2.043957597e-07 	2.63305724e-05
0.4072278368 	0.009575275075 	8.890708425e-07 	7.051056041e-07 	0.0139630503 	-5.993697072e-07 	2.661745469e-05
0.4122531061 	0.009651351549 	9.426942093e-05 	1.13519796e-06 	0.01411447884 	-1.032405301e-06 	2.690611959e-05
0.4173143592 	0.009731091621 	0.0001928203672 	1.540369047e-06 	0.01426595454 	-1.501379309e-06 	2.719487437e-05
0.422412537 	0.009814769059 	0.0002965818382 	1.918091968e-06 	0.01441700862 	-2.007056636e-06 	2.748282543e-05
0.427575927 	0.009903058288 	0.0004062699835 	2.268254525e-06 	0.01456787094 	-2.552534874e-06 	2.777041094e-05
0.4327946249 	0.009996223785 	0.0005221311691 	2.567846621e-06 	0.01471796099 	-3.113770411e-06 	2.805652428e-05
0.4380519682 	0.01009439726 	0.0006439709865 	2.145310811e-06 	0.01486636764 	-2.809628455e-06 	2.833942862e-05
0.4433556139 	0.01019817942 	0.0007721997654 	1.744358063e-06 	0.01501287399 	-2.474535711e-06 	2.861871043e-05
0.4487334003 	0.01030819152 	0.0009074194686 	1.366340681e-06 	0.01515719163 	-2.106600213e-06 	2.889381997e-05
0.4541517666 	0.0104245143 	0.001049398233 	1.016746932e-06 	0.01529821776 	-1.710340732e-06 	2.916265496e-05
0.4596118531 	0.01054751247 	0.001198129 	6.977947646e-07 	0.01543521693 	-1.286664862e-06 	2.942381346e-05
0.4651459664 	0.01067799184 	0.001354228754 	4.108647306e-07 	0.0155678753 	-8.349159408e-07 	2.967669718e-05
0.4707278335 	0.01081607549 	0.001517550248 	1.607897432e-07 	0.01569503973 	-3.624606509e-07 	2.991910793e-05
0.4749329857 	0.01092516431 	0.00164483507 	1.6054191e-06 	0.01578529415 	-6.067528469e-07 	3.009115794e-05
0.4763506212 	0.01096215798 	0.001687680672 	4.610628369e-08 	0.01581569055 	-1.215077243e-07 	3.014910192e-05
0.4820326335 	0.01111741719 	0.00186465088 	2.006826092e-07 	0.01592936262 	-6.024736177e-07 	3.036579249e-05
0.4877703369 	0.01128116302 	0.00204840943 	3.125717416e-07 	0.01603490216 	-1.083088039e-06 	3.056698018e-05
0.493555219 	0.01145396578 	0.002238449715 	3.824142659e-07 	0.01613128644 	-1.556154945e-06 	3.075071541e-05
0.4994072706 	0.01163610242 	0.002434485253 	4.146709727e-07 	0.01621795814 	-2.01850913e-06 	3.091593577e-05
0.5053176938 	0.01182199006 	0.002629761187 	5.085275415e-07 	0.0162918189 	-2.424261314e-06 	3.10567349e-05
0.511278026 	0.01200402586 	0.002814377609 	9.192481923e-07 	0.01634862011 	-2.664427527e-06 	3.116501379e-05
0.5173077372 	0.01217943798 	0.002984697554 	1.639862032e-06 	0.01638823063 	-2.738030679e-06 	3.124052246e-05
0.5233956724 	0.01234718344 	0.003139081439 	2.503353246e-06 	0.01641145348 	-2.714273382e-06 	3.128479167e-05
0.5295365024 	0.01251097661 	0.003282283906 	3.258763167e-06 	0.01642074337 	-2.644026341e-06 	3.130250077e-05
0.5357509981 	0.01267466472 	0.003418914017 	3.61958305e-06 	0.01641887169 	-2.590487895e-06 	3.129893283e-05
0.5420221314 	0.01284116762 	0.003552821528 	3.395250513e-06 	0.01640683508 	-2.29310012e-06 	3.127598771e-05
0.5483526887 	0.01301295262 	0.003687587534 	3.010257602e-06 	0.01638609686 	-1.922805516e-06 	3.123645489e-05
0.5547556326 	0.01318983005 	0.003822886327 	2.673201376e-06 	0.01635754688 	-1.607120241e-06 	3.11820307e-05
0.5611453472 	0.01336954891 	0.003956829671 	2.394827355e-06 	0.01632186016 	-1.345678609e-06 	3.111400189e-05
0.5674604494 	0.01355004871 	0.004087743412 	2.158773279e-06 	0.01628047645 	-1.128212318e-06 	3.103511304e-05
0.5737018556 	0.0137305439 	0.004214858929 	1.95141297e-06 	0.01623432702 	-9.470307242e-07 	3.09471394e-05
0.5798639363 	0.01391045391 	0.004337732773 	1.766864699e-06 	0.01618405279 	-7.968110288e-07 	3.085130275e-05
0.5859581069 	0.01408966801 	0.00445656689 	1.603558691e-06 	0.01613052679 	-6.732647906e-07 	3.07492673e-05
0.5919785117 	0.014267687 	0.004571259216 	1.460956665e-06 	0.01607408471 	-5.720074876e-07 	3.064167302e-05
0.5979243277 	0.014444094 	0.004681719062 	1.336619454e-06 	0.01601524335 	-4.885306377e-07 	3.052950502e-05
0.603806435 	0.01461885624 	0.004788203777 	1.228723346e-06 	0.0159545635 	-4.198359763e-07 	3.041383237e-05
0.6096166771 	0.01479156358 	0.004890597912 	1.135761576e-06 	0.01589216303 	-3.63284795e-07 	3.029487973e-05
0.6153571087 	0.01496200024 	0.004988936624 	1.05549179e-06 	0.01582845031 	-3.165033994e-07 	3.017342559e-05
0.6210352419 	0.01513018436 	0.005083466831 	9.867585086e-07 	0.01576371053 	-2.780593302e-07 	3.005001357e-05
0.6266451332 	0.01529581268 	0.0051741246 	9.283817282e-07 	0.01569796458 	-2.464455379e-07 	2.992468351e-05
0.6321888401 	0.01545877884 	0.005261016145 	8.78829154e-07 	0.01563152555 	-2.203652812e-07 	2.979803225e-05
0.637672122 	0.0156191256 	0.005344367875 	8.373795333e-07 	0.01556451816 	-1.990643179e-07 	2.967029755e-05
0.6430906123 	0.0157766365 	0.005424156492 	8.03148254e-07 	0.01549691654 	-1.816790771e-07 	2.954143006e-05
0.6484456802 	0.0159312451 	0.005500488563 	7.749714877e-07 	0.01542893845 	-1.674699284e-07 	2.941184494e-05
0.653742691 	0.01608303817 	0.005573590886 	7.523179947e-07 	0.01536064603 	-1.560876815e-07 	2.92816606e-05
0.6589779999 	0.01623187886 	0.005643477216 	7.346394435e-07 	0.01529196319 	-1.470964772e-07 	2.915073202e-05
0.6641527762 	0.01637769078 	0.005710212418 	7.210395279e-07 	0.0152230281 	-1.400275901e-07 	2.901932257e-05
0.6692707843 	0.01652058887 	0.005774018617 	7.111066517e-07 	0.01515390866 	-1.34760979e-07 	2.888756171e-05
0.6743305076 	0.01666051688 	0.005834946181 	7.045704312e-07 	0.01508447755 	-1.311212301e-07 	2.875520673e-05
0.6793323654 	0.01679737747 	0.005893013602 	7.007183039e-07 	0.01501480713 	-1.287633946e-07 	2.862239554e-05
0.6842786275 	0.01693128495 	0.005948422326 	6.991860809e-07 	0.01494499159 	-1.276639982e-07 	2.848930772e-05
0.6891698224 	0.01706225448 	0.006001257191 	6.998764718e-07 	0.01487488271 	-1.277845472e-07 	2.835566071e-05
0.6940055861 	0.01719018855 	0.006051516275 	7.022764793e-07 	0.01480449462 	-1.288826049e-07 	2.822148144e-05
0.6987869863 	0.01731514552 	0.006099335391 	7.060483223e-07 	0.01473392763 	-1.309254009e-07 	2.808696114e-05
0.7035162408 	0.01743720102 	0.006144834692 	7.111373564e-07 	0.01466308189 	-1.339565841e-07 	2.795190948e-05
0.7081923019 	0.01755630632 	0.006188032347 	7.173095171e-07 	0.01459189924 	-1.378892261e-07 	2.781621557e-05
0.7128159963 	0.01767242729 	0.006228969956 	7.241929721e-07 	0.01452044734 	-1.425773954e-07 	2.768000839e-05
0.7173887898 	0.01778566325 	0.00626778731 	7.31658906e-07 	0.01444872951 	-1.480949107e-07 	2.754329425e-05
0.7219111564 	0.01789603809 	0.006304541846 	7.397173567e-07 	0.01437663009 	-1.544773508e-07 	2.740585272e-05
0.7263831588 	0.01800348978 	0.006339234797 	7.48075425e-07 	0.01430415694 	-1.615795638e-07 	2.726769876e-05
0.7308055292 	0.0181080445 	0.006371944157 	7.565516581e-07 	0.0142313713 	-1.693717373e-07 	2.71289491e-05
0.7351796769 	0.01820978269 	0.006402769238 	7.651329192e-07 	0.01415821006 	-1.77929071e-07 	2.698948344e-05
0.73950552 	0.01830870065 	0.006431738215 	7.737931189e-07 	0.01408460055 	-1.872392489e-07 	2.684916327e-05
0.7437835465 	0.01840474921 	0.006458858013 	7.822915075e-07 	0.01401057509 	-1.971394056e-07 	2.670805017e-05
0.7480144128 	0.01849797092 	0.006484205904 	7.905297297e-07 	0.0139361666 	-2.0760751e-07 	2.656620691e-05
0.7521992977 	0.01858842809 	0.0065078548 	7.985263301e-07 	0.0138613043 	-2.186743606e-07 	2.642349854e-05
0.7563381148 	0.01867610222 	0.006529819013 	8.062155125e-07 	0.01378594623 	-2.302529886e-07 	2.627984512e-05
0.7604314361 	0.0187609511 	0.006550109038 	8.134072337e-07 	0.01371013446 	-2.421794829e-07 	2.613532682e-05
0.7644798564 	0.01884299813 	0.006568780923 	8.200415911e-07 	0.01363389474 	-2.544222982e-07 	2.598999272e-05
0.7684842987 	0.01892228662 	0.006585890003 	8.261661952e-07 	0.01355718011 	-2.670267476e-07 	2.584375331e-05
0.772444869 	0.01899879056 	0.00660144217 	8.317620927e-07 	0.01347996622 	-2.799186059e-07 	2.569656218e-05
0.7763620792 	0.01907246261 	0.00661543996 	8.366914374e-07 	0.01340229712 	-2.929421383e-07 	2.554850329e-05
0.7802364736 	0.0191433006 	0.006627917145 	8.409009717e-07 	0.01332420854 	-3.060246927e-07 	2.539964475e-05
0.784068756 	0.01921133905 	0.006638921078 	8.444219229e-07 	0.01324567782 	-3.191969206e-07 	2.524994337e-05
0.7878592533 	0.0192765627 	0.006648461264 	8.472789297e-07 	0.0131666826 	-3.324239476e-07 	2.509935653e-05
0.7916083725 	0.01933891729 	0.006656530876 	8.493688761e-07 	0.01308726279 	-3.455512298e-07 	2.49479603e-05
0.7953166163 	0.01939838386 	0.006663150101 	8.506576074e-07 	0.01300746757 	-3.585043418e-07 	2.479584842e-05
0.7989845177 	0.01945497951 	0.006668352711 	8.511679896e-07 	0.01292729763 	-3.712826882e-07 	2.464302223e-05
0.8026125957 	0.01950871087 	0.006672159237 	8.474509714e-07 	0.01284673537 	-3.82326475e-07 	2.448944819e-05
0.8062011484 	0.0195595317 	0.006674561548 	8.049599871e-07 	0.01276580734 	-3.752594324e-07 	2.433517686e-05
0.8097506432 	0.01960741947 	0.006675572238 	7.638143169e-07 	0.01268456115 	-3.676088299e-07 	2.418029904e-05
0.8132615384 	0.01965236211 	0.006675205225 	7.240255695e-07 	0.01260302293 	-3.594079423e-07 	2.402486453e-05
0.8167343376 	0.01969438476 	0.006673492654 	6.856263729e-07 	0.01252119591 	-3.507724813e-07 	2.386887948e-05
0.8201694132 	0.01973348228 	0.006670442572 	6.485568137e-07 	0.01243907583 	-3.417274095e-07 	2.371233579e-05
0.8235671427 	0.01976961731 	0.00666605097 	6.127725196e-07 	0.01235670566 	-3.32248462e-07 	2.355531535e-05
0.8269279557 	0.01980278826 	0.006660335913 	5.782806711e-07 	0.01227412434 	-3.224019738e-07 	2.339789242e-05
0.8302522738 	0.01983299439 	0.00665331004 	5.450834555e-07 	0.01219135262 	-3.122354468e-07 	2.32401065e-05
0.8335405447 	0.01986026947 	0.006645002784 	5.131938032e-07 	0.01210839666 	-3.018485022e-07 	2.30819694e-05
0.8367931182 	0.01988462027 	0.006635422814 	4.825605081e-07 	0.0120252584 	-2.912607736e-07 	2.292348476e-05
0.8400103692 	0.01990603255 	0.006624573116 	4.531465751e-07 	0.01194197848 	-2.804607768e-07 	2.276473008e-05
0.8431926954 	0.01992452701 	0.006612475088 	4.249437296e-07 	0.01185858598 	-2.694955113e-07 	2.260576079e-05
0.8463404884 	0.01994012006 	0.006599143182 	3.979323682e-07 	0.01177509971 	-2.583914371e-07 	2.244661276e-05
0.8494541464 	0.01995286063 	0.006584607884 	3.721062912e-07 	0.01169152905 	-2.472207456e-07 	2.228730386e-05
0.8525340258 	0.01996278367 	0.006568886358 	3.474217849e-07 	0.01160787439 	-2.360200685e-07 	2.212783482e-05
0.8555804738 	0.01996989869 	0.006551986345 	3.238434394e-07 	0.01152416938 	-2.248039446e-07 	2.196826981e-05
0.8585938611 	0.01997424436 	0.006533930908 	3.013628175e-07 	0.01144044455 	-2.136247833e-07 	2.180866702e-05
0.8615745533 	0.01997586245 	0.006514738709 	2.799659179e-07 	0.01135671533 	-2.025238589e-07 	2.164905586e-05
0.8645229106 	0.01997480849 	0.006494434894 	2.596355847e-07 	0.01127299899 	-1.915391186e-07 	2.148946925e-05
0.8674392955 	0.01997115777 	0.006473049931 	2.403427577e-07 	0.01118929707 	-1.807039362e-07 	2.132991011e-05
0.8703240268 	0.01996496574 	0.006450602466 	2.220372728e-07 	0.01110561968 	-1.700173114e-07 	2.117039775e-05
0.8731774496 	0.01995628903 	0.006427115253 	2.04683392e-07 	0.01102199654 	-1.594835075e-07 	2.10109888e-05
0.8759999066 	0.01994520819 	0.006402619421 	1.8825473e-07 	0.01093844342 	-1.491254482e-07 	2.085171334e-05
0.8787917362 	0.01993180083 	0.00637714159 	1.72721614e-07 	0.0108549746 	-1.389583683e-07 	2.069259856e-05
0.8815532721 	0.01991615985 	0.006350715633 	1.580579723e-07 	0.01077160722 	-1.29001227e-07 	2.053367718e-05
0.8842848443 	0.01989838799 	0.006323375921 	1.442295086e-07 	0.01068834901 	-1.192637747e-07 	2.037496389e-05
0.8869867601 	0.0198785698 	0.006295148419 	1.311942688e-07 	0.01060522336 	-1.097345698e-07 	2.02165033e-05
0.8896593419 	0.01985679424 	0.006266064137 	1.189182902e-07 	0.0105222691 	-1.004026726e-07 	2.005836942e-05
0.8923029083 	0.01983316352 	0.006236158509 	1.073695704e-07 	0.01043952015 	-9.125642364e-08 	1.990062692e-05
0.8949177738 	0.01980777462 	0.006205464053 	9.65135105e-08 	0.01035701618 	-8.227330166e-08 	1.974335142e-05
0.8975042491 	0.01978072068 	0.006174015479 	8.631544744e-08 	0.01027481557 	-7.341830164e-08 	1.958665421e-05
0.9000626414 	0.0197520982 	0.006141850994 	7.673895578e-08 	0.0101929836 	-6.464480581e-08 	1.943065974e-05
0.9025932443 	0.01972197337 	0.006109000565 	6.773817914e-08 	0.01011161216 	-5.58837933e-08 	1.927554316e-05
0.9050963565 	0.01969037558 	0.006075491452 	5.927141372e-08 	0.0100308432 	-4.705603806e-08 	1.912157506e-05
0.907572275 	0.01965730341 	0.006041352676 	5.130978977e-08 	0.009950862547 	-3.804429275e-08 	1.896910971e-05
0.9100212935 	0.01962268414 	0.006006605492 	4.384872898e-08 	0.009871927497 	-2.865631159e-08 	1.881863757e-05
0.9124437021 	0.01958633938 	0.005971264272 	3.678461444e-08 	0.009794412432 	-1.901506673e-08 	1.867087231e-05
0.9148397876 	0.01954796122 	0.005935324804 	3.005171035e-08 	0.009718810915 	-9.593326014e-09 	1.852675481e-05
0.9172098321 	0.01950717753 	0.005898767741 	2.398213786e-08 	0.009645681023 	-2.390708921e-09 	1.838734891e-05
0.9195541108 	0.01946409247 	0.005861622218 	1.754856588e-08 	0.009575263181 	2.84434726e-09 	1.825311293e-05
0.9218729013 	0.01941888402 	0.005823636591 	1.103230195e-08 	0.009507743291 	5.879220734e-09 	1.812440125e-05
0.9241664782 	0.01937186319 	0.00578439517 	6.215820369e-09 	0.00944313652 	5.636060112e-09 	1.800124279e-05
0.9264351131 	0.01932424017 	0.005743972542 	3.233849496e-09 	0.009380828173 	3.404803568e-09 	1.788246576e-05
0.9286790742 	0.01927791589 	0.0057030418 	1.053318772e-09 	0.009319791253 	1.039957487e-09 	1.776611243e-05
0.9298318717 	0.01925518545 	0.005681828346 	-1.13929439e-06 	0.009288478807 	-1.727261056e-06 	1.770642221e-05
0.9308985279 	0.01923415307 	0.005662198037 	1.054385698e-09 	0.009259510491 	7.60836626e-10 	1.765120054e-05
0.9330937405 	0.01919327517 	0.005621598697 	3.162507432e-09 	0.009200191386 	2.11057133e-09 	1.753812184e-05
0.9352650794 	0.01915576283 	0.0055813148 	5.219255922e-09 	0.009141965761 	3.257326105e-09 	1.742712762e-05
0.9374128007 	0.01912216048 	0.005541426484 	7.285661659e-09 	0.009085074131 	4.424731321e-09 	1.731867636e-05
0.9395371583 	0.0190952074 	0.005505383943 	9.433241844e-09 	0.009034437583 	5.848035294e-09 	1.722214902e-05
0.9409211491 	0.01907668138 	0.005476342645 	1.084727819e-08 	0.008994212202 	6.854656578e-09 	1.714546827e-05
0.9422797468 	0.01906331519 	0.005450686734 	1.216207281e-08 	0.008959133407 	7.679880601e-09 	1.707859834e-05
0.9436134151 	0.01905270477 	0.005425352884 	1.338917148e-08 	0.0089249676 	8.349336886e-09 	1.701346881e-05
0.9449226089 	0.01904471356 	0.005400501173 	1.457985788e-08 	0.008891928034 	9.009013222e-09 	1.695048622e-05
0.9462077753 	0.01903923974 	0.005376256373 	1.575211829e-08 	0.008860162795 	9.704323629e-09 	1.688993284e-05
0.947469353 	0.01903622625 	0.005352703026 	1.690135938e-08 	0.008829770857 	1.043624154e-08 	1.683199736e-05
0.9487077728 	0.01903565498 	0.005329887574 	1.801474497e-08 	0.008800806653 	1.119707929e-08 	1.677678354e-05
0.9499234575 	0.01903752988 	0.005307828512 	1.908354157e-08 	0.008773288887 	1.198194722e-08 	1.672432703e-05
0.9511168222 	0.01904185484 	0.005286532888 	2.011259238e-08 	0.008747221297 	1.279820288e-08 	1.667463496e-05
0.9522882748 	0.01904861399 	0.005266010874 	2.112137255e-08 	0.008722609426 	1.366643103e-08 	1.662771789e-05
0.9534382157 	0.01905775907 	0.005246284185 	2.213607672e-08 	0.008699468125 	1.461166463e-08 	1.658360414e-05
0.9545670384 	0.01906920474 	0.005227387711 	2.317781621e-08 	0.008677822292 	1.56508594e-08 	1.654234117e-05
0.9556751288 	0.01908283097 	0.005209364861 	2.425414454e-08 	0.008657700903 	1.678417362e-08 	1.65039842e-05
0.9567628662 	0.01909848917 	0.005192259365 	2.535802025e-08 	0.008639127319 	1.799411139e-08 	1.646857779e-05
0.9578306228 	0.01911600854 	0.005176106994 	2.647300245e-08 	0.008622110163 	1.925106713e-08 	1.643613836e-05
0.958878764 	0.01913520028 	0.005160929563 	2.757977542e-08 	0.008606637075 	2.052012465e-08 	1.640664236e-05
0.9599076489 	0.01915585925 	0.005146731989 	2.865940716e-08 	0.008592671993 	2.176454757e-08 	1.638002103e-05
0.9609176296 	0.01917776364 	0.005133501846 	2.969221613e-08 	0.008580155188 	2.294502494e-08 	1.635616052e-05
0.9619090521 	0.01920067398 	0.005121210255 	3.065465452e-08 	0.008569004737 	2.401717629e-08 	1.633490466e-05
0.9628822562 	0.01922433248 	0.005109813109 	3.1517495e-08 	0.008559118349 	2.493049442e-08 	1.631605846e-05
0.9638375753 	0.01924846301 	0.005099252158 	3.224663023e-08 	0.008550375012 	2.562984642e-08 	1.629939123e-05
0.9647753368 	0.01927277178 	0.005089456032 	3.280527448e-08 	0.008542636814 	2.605835856e-08 	1.628464007e-05
0.9656958622 	0.01929694873 	0.005080341051 	3.315573547e-08 	0.008535750179 	2.615979444e-08 	1.627151223e-05
0.9665994671 	0.01932066929 	0.005071812124 	3.326088971e-08 	0.008529547127 	2.588063943e-08 	1.625968749e-05
0.9674864613 	0.01934359618 	0.005063764222 	3.308654898e-08 	0.008523847859 	2.517294486e-08 	1.62488231e-05
0.968357149 	0.01936538131 	0.005056083932 	3.260517313e-08 	0.008518462821 	2.399796719e-08 	1.623855772e-05
0.9692118292 	0.01938566719 	0.005048651296 	3.179827702e-08 	0.008513194762 	2.232816917e-08 	1.622851534e-05
0.9700507949 	0.01940408805 	0.005041341987 	3.065550516e-08 	0.00850784148 	2.014617832e-08 	1.621831049e-05
0.9708743343 	0.01942027083 	0.005034029164 	2.917158808e-08 	0.008502197977 	1.744203638e-08 	1.620755241e-05
0.97168273 	0.01943383634 	0.005026584813 	2.734335862e-08 	0.008496058014 	1.421040906e-08 	1.619584793e-05
0.9724762596 	0.01944440055 	0.005018880543 	2.516858436e-08 	0.008489215099 	1.044961916e-08 	1.618280343e-05
0.9732551957 	0.01945157586 	0.005010787964 	2.264712156e-08 	0.008481463017 	6.162851603e-09 	1.616802581e-05
0.9740198057 	0.01945497233 	0.005002178851 	1.97829449e-08 	0.008472596119 	1.35991961e-09 	1.615112304e-05
0.9747703525 	0.0194541984 	0.004992925257 	1.658539874e-08 	0.008462409515 	-3.941806178e-09 	1.613170454e-05
0.9755070937 	0.01944886128 	0.004982899662 	1.306897743e-08 	0.008450699217 	-9.717870528e-09 	1.610938146e-05
0.9762302828 	0.01943856661 	0.004971975114 	9.252060189e-09 	0.008437262187 	-1.593818102e-08 	1.608376674e-05
0.9769401682 	0.01942291765 	0.004960025262 	5.155478096e-09 	0.008421896172 	-2.256858226e-08 	1.605447485e-05
0.9776369939 	0.01940151374 	0.004946924208 	8.015368728e-10 	0.00840439925 	-2.957197375e-08 	1.602112085e-05
0.9783209997 	0.01937394827 	0.004932546102 	-3.786371084e-09 	0.008384569002 	-3.690886659e-08 	1.598331889e-05
0.9789924206 	0.01933980583 	0.004916764502 	-8.583776089e-09 	0.008362201328 	-4.453760604e-08 	1.594067988e-05
0.9796514876 	0.01929865866 	0.004899451494 	-1.356506197e-08 	0.008337088889 	-5.241456988e-08 	1.58928086e-05
0.9802984274 	0.01925006232 	0.004880476599 	-1.870353646e-08 	0.008309019197 	-6.049456749e-08 	1.583929996e-05
0.9809334626 	0.01919355031 	0.004859705462 	-2.397173392e-08 	0.008277772317 	-6.873153896e-08 	1.577973472e-05
0.9815568118 	0.01912862773 	0.004836998336 	-2.934194212e-08 	0.008243118199 	-7.707953442e-08 	1.571367434e-05
0.9821686893 	0.01905476377 	0.004812208294 	-3.478691383e-08 	0.008204813536 	-8.549395262e-08 	1.564065501e-05
0.9827693059 	0.01897138277 	0.004785179106 	-4.028071856e-08 	0.008162597968 	-9.393303434e-08 	1.55601804e-05
0.9833588682 	0.01887785394 	0.004755742831 	-4.579961332e-08 	0.008116189837 	-1.023594059e-07 	1.547171361e-05
0.9839375792 	0.01877347922 	0.004723717018 	-5.132287957e-08 	0.00806528127 	-1.107416776e-07 	1.537466773e-05
0.9845056383 	0.01865747928 	0.004688901415 	-5.683363045e-08 	0.008009532297 	-1.190561978e-07 	1.526839469e-05
0.9850632409 	0.01852897738 	0.004651074226 	-6.23194952e-08 	0.007948564188 	-1.272887122e-07 	1.515217253e-05
0.9856105793 	0.01838698073 	0.004609987847 	-6.777324689e-08 	0.007881951865 	-1.354359531e-07 	1.502519093e-05
0.9861478418 	0.01823035929 	0.00456536397 	-7.319359577e-08 	0.007809215092 	-1.435074581e-07 	1.488653442e-05
0.9866752136 	0.01805782176 	0.004516887737 	-7.858616347e-08 	0.007729807655 	-1.515272763e-07 	1.473516178e-05
0.9871928764 	0.01786788853 	0.004464202003 	-8.396290039e-08 	0.007643107677 	-1.595298686e-07 	1.456988752e-05
0.9877010086 	0.01765885811 	0.004406899918 	-8.935417476e-08 	0.007548405109 	-1.675795459e-07 	1.438935811e-05
0.9881997853 	0.01742865555 	0.004344485161 	-9.485252486e-08 	0.00744482957 	-1.758515875e-07 	1.419191434e-05
0.9886893783 	0.01717478712 	0.004276367082 	-1.005227844e-07 	0.007331345347 	-1.844747547e-07 	1.397558187e-05
0.9891699566 	0.01689457281 	0.004201937126 	-1.063007743e-07 	0.00720689833 	-1.933486527e-07 	1.373835127e-05
0.9896416856 	0.01658516463 	0.004120499962 	-1.121428858e-07 	0.007070210862 	-2.024103569e-07 	1.347778697e-05
0.9901047282 	0.01627399874 	0.004039233189 	-1.176433621e-07 	0.006933253523 	-2.110668906e-07 	1.321670821e-05
0.9904027491 	0.01599938835 	0.0039680164 	-1.220976621e-07 	0.006812863778 	-2.181719222e-07 	1.29872119e-05
0.9907007766 	0.01573741189 	0.003900512558 	-1.261882439e-07 	0.00669849846 	-2.248500219e-07 	1.276919982e-05
0.9909988108 	0.01545383843 	0.003827844982 	-1.303815024e-07 	0.006575046724 	-2.318598554e-07 	1.25338665e-05
0.9912968515 	0.01514647155 	0.003749504336 	-1.346509707e-07 	0.00644154292 	-2.392076389e-07 	1.227937114e-05
0.9915948988 	0.01481288327 	0.003664971732 	-1.38962595e-07 	0.006297014926 	-2.469078838e-07 	1.200386061e-05
0.9918929527 	0.01445040836 	0.003573678499 	-1.432637225e-07 	0.006140354868 	-2.549647476e-07 	1.1705223e-05
0.9921910132 	0.01405613179 	0.003475021925 	-1.474759409e-07 	0.005970343346 	-2.633665142e-07 	1.138113379e-05
0.9924890802 	0.01362685873 	0.0033683711 	-1.514998711e-07 	0.005785642342 	-2.720957922e-07 	1.102904234e-05
0.9927871539 	0.0131589688 	0.003250446339 	-1.614216219e-07 	0.005584700838 	-2.813165064e-07 	1.064599199e-05
0.9930852341 	0.01264854048 	0.003120078672 	-1.711557878e-07 	0.005365874162 	-2.908435161e-07 	1.022884752e-05
0.993383321 	0.01209171416 	0.002979070332 	-1.749597844e-07 	0.005127589715 	-3.001554053e-07 	9.774611137e-06
0.9936814144 	0.01148482047 	0.002826814245 	-1.791740424e-07 	0.004868326747 	-3.088937977e-07 	9.280383861e-06
0.9939795144 	0.01082448973 	0.002662163195 	-1.832478247e-07 	0.004586675123 	-3.165575479e-07 	8.743477585e-06
0.994277621 	0.01010794648 	0.00248421462 	-1.866165186e-07 	0.004281474905 	-3.225359963e-07 	8.161681143e-06
0.9945757342 	0.009333504554 	0.002292430374 	-1.886864663e-07 	0.003952037244 	-3.260640403e-07 	7.533681399e-06
0.9948738539 	0.008501276226 	0.002086787169 	-1.88749055e-07 	0.00359844039 	-3.260655786e-07 	6.859627518e-06
0.9951719802 	0.007614125702 	0.001867964928 	-1.86024988e-07 	0.003221888426 	-3.212770714e-07 	6.141814818e-06
0.9954701132 	0.006678876283 	0.001637496331 	-1.798133204e-07 	0.002824885016 	-3.105844004e-07 	5.385015976e-06
0.9957682527 	0.005707587349 	0.001398546849 	-1.69145441e-07 	0.002413111879 	-2.919881412e-07 	4.60006193e-06
0.9960663988 	0.004718845564 	0.001156017416 	-1.538012084e-07 	0.001995400842 	-2.653256592e-07 	3.803788598e-06
0.9963645514 	0.00369327871 	0.0009069959771 	-1.419585669e-07 	0.001616775426 	-2.037003284e-07 	3.082023321e-06
0.9966627107 	0.002647670229 	0.0006505743589 	-1.233455822e-07 	0.001303668229 	-1.527970367e-07 	2.485153981e-06
0.9969608765 	0.001716799519 	0.000412102381 	-8.931037845e-08 	0.001004829401 	-1.37752274e-07 	1.915484116e-06
0.9972590489 	0.001005993499 	0.0002234745601 	-5.380477237e-08 	0.000698720497 	-1.093243503e-07 	1.331955467e-06
0.9975572279 	0.0005243928009 	9.88501793e-05 	-2.538129701e-08 	0.00042262187 	-7.226278931e-08 	8.05634746e-07
0.9978554135 	0.0002366570343 	3.352844543e-05 	-8.720084816e-09 	0.0002126958669 	-3.750219434e-08 	4.054574381e-07
0.9981536057 	8.70102941e-05 	7.949040124e-06 	-1.966454873e-09 	8.341572264e-05 	-1.416744654e-08 	1.590135515e-07
0.9984518044 	2.288123064e-05 	1.112862742e-06 	-2.379737918e-10 	2.258907591e-05 	-3.35572555e-09 	4.3061057e-08
0.9987500097 	3.289851919e-06 	6.277877901e-08 	-8.91943862e-12 	3.2783329e-06 	-3.394952479e-10 	6.249413673e-09
0.9990482216 	2.101893305e-07 	8.125084444e-10 	1.34282263e-14 	2.097760057e-07 	-3.485602708e-13 	3.99891371e-10
0.9990482216 	2.101893305e-07 	8.125084444e-10 	1.34282263e-14 	2.097760057e-07 	-3.485602708e-13 	3.99891371e-10
