0.4642857292 	4.648144802e-07 	-1.710298951e-09 	4.408896221e-13 	4.641027559e-07 	-5.093666129e-11 	8.847088435e-10
0.4642857292 	4.648144802e-07 	-1.710298951e-09 	4.408896221e-13 	4.641027559e-07 	-5.093666129e-11 	8.847088435e-10
0.4644580585 	5.19264076e-06 	-7.411738921e-08 	1.656286969e-11 	5.186652978e-06 	-4.901317309e-10 	9.887202131e-09
0.4646303886 	2.874432063e-05 	-9.55982918e-07 	1.918713887e-10 	2.865488315e-05 	-2.511594927e-09 	5.462417149e-08
0.4648027194 	9.564265234e-05 	-5.896845846e-06 	1.058081357e-09 	9.448304941e-05 	-7.686949137e-09 	1.801109524e-07
0.464975051 	0.0002378965271 	-2.34821308e-05 	3.690215726e-09 	0.0002295590263 	-1.699384503e-08 	4.376033068e-07
0.4651473832 	0.0004945621059 	-6.959659703e-05 	9.269972821e-09 	0.000455871352 	-2.957726156e-08 	8.690174999e-07
0.4653197161 	0.0009122428133 	-0.0001659011696 	1.790869218e-08 	0.0007815124077 	-4.216143498e-08 	1.489779859e-06
0.4654920495 	0.001540611232 	-0.000333353735 	2.748045279e-08 	0.001194184088 	-5.007859123e-08 	2.276446779e-06
0.4656643834 	0.002419688187 	-0.0005831955399 	3.377328754e-08 	0.001663000032 	-4.968132433e-08 	3.170140268e-06
0.4658367177 	0.003563500567 	-0.0009111350515 	3.225395993e-08 	0.002149011252 	-4.018799659e-08 	4.096612733e-06
0.4660090525 	0.004950662319 	-0.001299353128 	2.038442637e-08 	0.002620097466 	-2.412100478e-08 	4.994633989e-06
0.4661813876 	0.006530429406 	-0.001724150078 	-1.67093492e-09 	0.003057353088 	-4.792093866e-09 	5.828164733e-06
0.466353723 	0.008084859587 	-0.002132902955 	-2.936566562e-08 	0.003580782129 	-1.237491858e-08 	6.825965966e-06
0.4665260587 	0.009536270224 	-0.002514405557 	-5.210207142e-08 	0.004215792019 	-2.383127697e-08 	8.036471306e-06
0.4666983945 	0.01098551067 	-0.002896116367 	-6.967501406e-08 	0.004855697317 	-1.021651286e-08 	9.256308658e-06
0.4668707305 	0.01241508214 	-0.003272957586 	-8.878238127e-08 	0.00548796397 	6.754867642e-09 	1.046158463e-05
0.4670430666 	0.01380929337 	-0.003640058542 	-1.091263964e-07 	0.006103415618 	2.666589333e-08 	1.163480652e-05
0.4672154027 	0.01515663128 	-0.003994699513 	-1.300370685e-07 	0.006697906887 	4.819887512e-08 	1.276807211e-05
0.4673877388 	0.01644936638 	-0.004334886858 	-1.512264283e-07 	0.007268132467 	7.102560957e-08 	1.385508056e-05
0.4675600748 	0.01768279795 	-0.004659393794 	-1.724024428e-07 	0.007812001061 	9.466413895e-08 	1.489184526e-05
0.4677324107 	0.01885457192 	-0.004967641034 	-1.9333519e-07 	0.008328467441 	1.186759211e-07 	1.587637372e-05
0.4679047464 	0.01996408682 	-0.005259574786 	-2.138765515e-07 	0.008817283172 	1.426947683e-07 	1.680819236e-05
0.4680770819 	0.02101199759 	-0.005535573512 	-2.339727202e-07 	0.009278762315 	1.664289078e-07 	1.768789987e-05
0.4682494171 	0.02199981386 	-0.005796388321 	-2.536657451e-07 	0.009713605596 	1.89648449e-07 	1.851683202e-05
0.468421752 	0.02292958792 	-0.006043097238 	-2.730845291e-07 	0.01012276595 	2.121740282e-07 	1.929680538e-05
0.4685940865 	0.02380369012 	-0.006277061475 	-2.924308988e-07 	0.010507354 	2.338790608e-07 	2.002993709e-05
0.4687664205 	0.02462468545 	-0.006499883565 	-3.119742786e-07 	0.0108685867 	2.547034542e-07 	2.071854702e-05
0.4689387541 	0.02539588575 	-0.006704994837 	-3.281118445e-07 	0.01120734469 	2.740562188e-07 	2.13643139e-05
0.4691110871 	0.02612075904 	-0.006891837977 	-3.407243706e-07 	0.01152499319 	2.919647656e-07 	2.196984023e-05
0.4692834196 	0.02680222201 	-0.007067709293 	-3.53014676e-07 	0.01182341759 	3.089752313e-07 	2.253872008e-05
0.4694557514 	0.02752901186 	-0.007255615293 	-3.663955014e-07 	0.01214171986 	3.274228762e-07 	2.314549267e-05
0.4697235139 	0.0283683399 	-0.007472890057 	-3.812592814e-07 	0.0125089654 	3.482741495e-07 	2.384556474e-05
0.469996307 	0.02922060207 	-0.007693647111 	-3.964483566e-07 	0.01288108932 	3.696072635e-07 	2.455493635e-05
0.4702742251 	0.03000843919 	-0.007897824197 	-4.101260268e-07 	0.0132244902 	3.889632799e-07 	2.520955387e-05
0.4705573642 	0.0307358386 	-0.008086423207 	-4.221940442e-07 	0.01354110567 	4.061740421e-07 	2.581311096e-05
0.470845822 	0.03140656062 	-0.008260323995 	-4.325774817e-07 	0.01383249528 	4.211020642e-07 	2.636858055e-05
0.4711396981 	0.0320240705 	-0.008420377531 	-4.412083827e-07 	0.01410017308 	4.336162065e-07 	2.687884884e-05
0.471439094 	0.03259154434 	-0.008567383642 	-4.480375404e-07 	0.01434555728 	4.436103536e-07 	2.734661932e-05
0.4717441131 	0.03311193179 	-0.008702089206 	-4.530489365e-07 	0.01456995667 	4.510267093e-07 	2.777438693e-05
0.4720548606 	0.03358818222 	-0.008825241572 	-4.563197544e-07 	0.01477466441 	4.559635691e-07 	2.816461677e-05
0.4723714436 	0.0340239191 	-0.008937771469 	-4.580308126e-07 	0.01496128731 	4.586956581e-07 	2.852037189e-05
0.4726939714 	0.03442315147 	-0.009040717323 	-4.58354909e-07 	0.01513161549 	4.594788223e-07 	2.884506475e-05
0.473022555 	0.03478906228 	-0.009134899058 	-4.574133289e-07 	0.01528704598 	4.584780563e-07 	2.914135844e-05
0.4733573078 	0.03512409431 	-0.009220944312 	-4.553178177e-07 	0.0154286379 	4.558455751e-07 	2.941127201e-05
0.473698345 	0.03543047256 	-0.009299430606 	-4.521833786e-07 	0.01555737141 	4.517435688e-07 	2.965667385e-05
0.4740457841 	0.03571021743 	-0.009370883526 	-4.481241068e-07 	0.01567413915 	4.463357658e-07 	2.987926562e-05
0.4743997447 	0.03596515786 	-0.009435776237 	-4.432525972e-07 	0.01577974127 	4.39788565e-07 	3.008057261e-05
0.4747603486 	0.03619694376 	-0.009494537779 	-4.376726472e-07 	0.01587490648 	4.322517294e-07 	3.026198394e-05
0.4751277197 	0.03640719784 	-0.009547587462 	-4.31486894e-07 	0.01596034185 	4.238694728e-07 	3.042484752e-05
0.4755030077 	0.03659741989 	-0.009595308593 	-4.247606787e-07 	0.01603668858 	4.147646656e-07 	3.05703856e-05
0.4758860811 	0.03676866272 	-0.009637974629 	-4.17568341e-07 	0.01610441466 	4.050606785e-07 	3.069949034e-05
0.4762763472 	0.03692174715 	-0.009675798356 	-4.099875066e-07 	0.01616388668 	3.948596802e-07 	3.081286054e-05
0.4766739408 	0.03705755642 	-0.009709007066 	-4.020779603e-07 	0.01621549226 	3.842551152e-07 	3.091123511e-05
0.4770789995 	0.03717695347 	-0.00973782387 	-3.939010881e-07 	0.01625961308 	3.73347659e-07 	3.099534165e-05
0.4774916633 	0.03728070466 	-0.00976244573 	-3.85515464e-07 	0.01629658547 	3.62226651e-07 	3.106582131e-05
0.4779120749 	0.03736948831 	-0.009783047213 	-3.769779361e-07 	0.01632670884 	3.509758854e-07 	3.112324482e-05
0.4783403796 	0.03744390287 	-0.009799782245 	-3.683389443e-07 	0.01635024832 	3.396705244e-07 	3.116811762e-05
0.4787767255 	0.03750447405 	-0.009812786032 	-3.596410341e-07 	0.01636743809 	3.283759632e-07 	3.120088608e-05
0.4792212634 	0.03755166132 	-0.009822176832 	-3.50919274e-07 	0.01637848424 	3.171477228e-07 	3.122194313e-05
0.4796741471 	0.03758586369 	-0.009828057583 	-3.422023254e-07 	0.01638356762 	3.060327423e-07 	3.123163346e-05
0.480135533 	0.03760742508 	-0.009830517349 	-3.335134268e-07 	0.01638284615 	2.95070287e-07 	3.123025814e-05
0.4806055808 	0.03761663907 	-0.009829632613 	-3.248712618e-07 	0.01637645711 	2.842928605e-07 	3.121807886e-05
0.4810844527 	0.03761375325 	-0.009825468442 	-3.162906308e-07 	0.01636451904 	2.737269982e-07 	3.119532158e-05
0.4815723144 	0.03759897317 	-0.009818079514 	-3.077829478e-07 	0.01634713354 	2.633939451e-07 	3.116217997e-05
0.4820693345 	0.03757246583 	-0.009807511051 	-2.993566208e-07 	0.01632438679 	2.533102413e-07 	3.111881835e-05
0.4825756847 	0.03753436281 	-0.009793799632 	-2.910173701e-07 	0.016296351 	2.43488247e-07 	3.106537434e-05
0.4830915401 	0.03748476307 	-0.009776973932 	-2.827685158e-07 	0.01626308561 	2.339366075e-07 	3.100196126e-05
0.483617079 	0.03742373539 	-0.009757055374 	-2.746112551e-07 	0.01622463843 	2.246606695e-07 	3.092867026e-05
0.4841524829 	0.03735132046 	-0.009734058795 	-2.665450234e-07 	0.01618104691 	2.156631099e-07 	3.084557271e-05
0.4846979369 	0.03726753287 	-0.009707992046 	-2.585683009e-07 	0.01613233633 	2.069458041e-07 	3.07527168e-05
0.4852536295 	0.0371723624 	-0.009678857738 	-2.506779734e-07 	0.01607852448 	1.985074855e-07 	3.065013645e-05
0.4858197528 	0.03706574188 	-0.009646647146 	-2.428647467e-07 	0.01601961408 	1.903317878e-07 	3.053783685e-05
0.4863971602 	0.0369474739 	-0.009611303137 	-2.350986534e-07 	0.01595550916 	1.823865085e-07 	3.041563506e-05
0.4869872469 	0.03681737267 	-0.009572786056 	-2.273441316e-07 	0.01588616139 	1.746494238e-07 	3.028343894e-05
0.4875884075 	0.03667543838 	-0.009531110533 	-2.196485381e-07 	0.01581161878 	1.671590684e-07 	3.014134e-05
0.4882008498 	0.03652165052 	-0.009486276101 	-2.12008178e-07 	0.01573189107 	1.599100419e-07 	2.998935682e-05
0.4888247852 	0.03635587148 	-0.009438259862 	-2.044180593e-07 	0.01564696054 	1.529008226e-07 	2.982745564e-05
0.4894604292 	0.03617794594 	-0.009387028747 	-1.968691759e-07 	0.01555678515 	1.461181177e-07 	2.965555628e-05
0.4901080013 	0.03598770062 	-0.00933254688 	-1.893528546e-07 	0.01546131976 	1.39549811e-07 	2.947357272e-05
0.4907677251 	0.03578494567 	-0.00927477429 	-1.818600501e-07 	0.01536051188 	1.331826594e-07 	2.928140487e-05
0.4914398285 	0.03556947598 	-0.00921366731 	-1.743813432e-07 	0.01525430228 	1.270021657e-07 	2.907893986e-05
0.4921245435 	0.03534107283 	-0.009149178951 	-1.66906953e-07 	0.01514262549 	1.209925033e-07 	2.886605285e-05
0.4928221066 	0.03509950572 	-0.009081259374 	-1.594267546e-07 	0.01502541042 	1.151364606e-07 	2.864260835e-05
0.4935327586 	0.03484453458 	-0.009009856478 	-1.519303036e-07 	0.01490258134 	1.094153772e-07 	2.840846199e-05
0.494256745 	0.03457591181 	-0.008934916628 	-1.444069289e-07 	0.01477405927 	1.038091889e-07 	2.816346321e-05
0.4949943156 	0.0342933841 	-0.008856384812 	-1.368460783e-07 	0.01463976191 	9.829698606e-08 	2.790745511e-05
0.4957457251 	0.03399669295 	-0.008774204127 	-1.292380363e-07 	0.01449960211 	9.285831948e-08 	2.764027157e-05
0.496511233 	0.0336855205 	-0.008688312441 	-1.215736481e-07 	0.01435349512 	8.747286053e-08 	2.736175104e-05
0.4972915864 	0.03335925058 	-0.008598558976 	-1.138280329e-07 	0.01420119638 	8.210335093e-08 	2.707142732e-05
0.4980891876 	0.03301729692 	-0.008504814442 	-1.059190432e-07 	0.01404251016 	7.661873265e-08 	2.676892728e-05
0.4989017502 	0.03261293301 	-0.008394379049 	-9.789930764e-08 	0.01385603462 	7.102934787e-08 	2.641345307e-05
0.5001491012 	0.03209365661 	-0.008253038259 	-8.569562879e-08 	0.01361790705 	6.253523542e-08 	2.595951575e-05
0.5014103017 	0.03150180972 	-0.008092470502 	-7.353413798e-08 	0.01334790359 	5.422457522e-08 	2.54448141e-05
0.502685506 	0.03088460889 	-0.007925570627 	-6.13297386e-08 	0.01306775697 	4.579912422e-08 	2.491077678e-05
0.5039748697 	0.03024242744 	-0.007752467074 	-4.9059045e-08 	0.01277766461 	3.714221535e-08 	2.435778012e-05
0.5052785505 	0.02957552155 	-0.007573251967 	-3.673759806e-08 	0.01247776268 	2.823796439e-08 	2.378608368e-05
0.5065967078 	0.02888401068 	-0.007387994807 	-2.436997972e-08 	0.01216817047 	1.90392189e-08 	2.319591489e-05
0.5079295026 	0.02816725605 	-0.007196549385 	-1.196230063e-08 	0.0118486348 	9.508532233e-09 	2.258679108e-05
0.5092206927 	0.02745762375 	-0.007007581996 	4.238685257e-07 	0.01153362172 	-7.063179762e-07 	2.19862886e-05
0.5092813988 	0.02742425011 	-0.006998695914 	-5.299699735e-10 	0.01151880826 	3.998402114e-10 	2.195805002e-05
0.5106484713 	0.02665486475 	-0.006794469163 	-1.233545422e-08 	0.01117877608 	9.540596566e-09 	2.130985419e-05
0.5120307241 	0.02585881435 	-0.006583826093 	-2.414868396e-08 	0.01082847413 	1.917227945e-08 	2.064208132e-05
0.5134283261 	0.02503493988 	-0.006366496095 	-3.59811522e-08 	0.01046743236 	2.937309348e-08 	1.995383536e-05
0.5148414483 	0.02418239877 	-0.006142185517 	-4.775091415e-08 	0.01009499129 	4.007624465e-08 	1.924385915e-05
0.5162702635 	0.02330505672 	-0.005911744281 	-5.916629154e-08 	0.009712251054 	5.085590265e-08 	1.851424989e-05
0.5177149467 	0.02241279755 	-0.005677524684 	-6.991817315e-08 	0.009322714324 	6.122506088e-08 	1.777168462e-05
0.5191764905 	0.02151493158 	-0.005441608113 	-7.979866612e-08 	0.008929339206 	7.081555217e-08 	1.702180231e-05
0.5206581837 	0.020619268 	-0.005205613415 	-8.85834254e-08 	0.008534318347 	7.916979448e-08 	1.626878276e-05
0.5221563259 	0.01973539953 	-0.004971579366 	-9.58795727e-08 	0.008140590126 	8.560764246e-08 	1.551822734e-05
0.5236711006 	0.01887411001 	-0.004741781522 	-1.013038576e-07 	0.007751503856 	8.9389161e-08 	1.477652077e-05
0.525202693 	0.01804757953 	-0.004518803339 	-1.0440307e-07 	0.007370948557 	8.964677552e-08 	1.40510766e-05
0.5267512907 	0.01726958104 	-0.00430384477 	-1.049187754e-07 	0.006999011727 	8.609299283e-08 	1.334206163e-05
0.5283170833 	0.01655205156 	-0.00410299269 	-1.019610513e-07 	0.006648777804 	7.624161476e-08 	1.267441843e-05
0.5299006786 	0.01589834819 	-0.00392211714 	-9.615249942e-08 	0.006334611957 	6.071109234e-08 	1.2075531e-05
0.5315060786 	0.01510022189 	-0.003712155627 	-9.79575094e-08 	0.006186608091 	2.216701604e-08 	1.17933945e-05
0.5331292981 	0.01417389327 	-0.003472662995 	-9.633951765e-08 	0.006174329265 	-2.884297171e-09 	1.176998765e-05
0.5347705361 	0.01333515904 	-0.003251650891 	-8.321996391e-08 	0.006144444409 	4.920475145e-09 	1.17130188e-05
0.5364299936 	0.01256655231 	-0.003041368813 	-7.259600673e-08 	0.00609937085 	6.404073068e-09 	1.162709607e-05
0.5381078739 	0.01185428785 	-0.002836057938 	-6.199040011e-08 	0.006043276063 	4.834725473e-09 	1.152016382e-05
0.5398043827 	0.01119228542 	-0.002636843156 	-5.02415699e-08 	0.005988304437 	-2.567904621e-09 	1.141537262e-05
0.541522211 	0.01057763712 	-0.002442859231 	-3.794570779e-08 	0.005937392434 	-1.295459897e-08 	1.131832019e-05
0.543261121 	0.01001007645 	-0.002254000469 	-2.490269916e-08 	0.005891504245 	-2.595460981e-08 	1.123084455e-05
0.5450193315 	0.0094898279 	-0.002070411478 	-1.121144345e-08 	0.005851114179 	-4.135573773e-08 	1.115384986e-05
0.546797058 	0.009016598604 	-0.001892150722 	3.007472375e-09 	0.005816353168 	-5.898792838e-08 	1.108758571e-05
0.5485945187 	0.008589590133 	-0.001719201977 	1.764823764e-08 	0.005787103089 	-7.870802353e-08 	1.103182693e-05
0.550411934 	0.008207576424 	-0.001551484612 	3.261827531e-08 	0.005762951494 	-1.004105548e-07 	1.098578728e-05
0.5522516129 	0.007868964448 	-0.001388864292 	4.785726649e-08 	0.005743270555 	-1.240548481e-07 	1.094826994e-05
0.554113947 	0.007572171457 	-0.001231304943 	6.328407164e-08 	0.005727245063 	-1.496477084e-07 	1.09177209e-05
0.555996951 	0.007315632307 	-0.001078866937 	7.880030154e-08 	0.005713909534 	-1.774589248e-07 	1.089229967e-05
0.557900856 	0.007097758896 	-0.0009317834516 	9.466686712e-08 	0.005702259785 	-2.07957925e-07 	1.087009201e-05
0.5598258958 	0.006916540007 	-0.0007901062565 	1.102949055e-07 	0.005692372046 	-2.430283139e-07 	1.085124323e-05
0.561772307 	0.00676864123 	-0.0006530497822 	1.247572039e-07 	0.005686127501 	-2.832226036e-07 	1.083933939e-05
0.5637436946 	0.006650434148 	-0.0005199915439 	1.386336638e-07 	0.005684855356 	-3.252625425e-07 	1.083691433e-05
0.565737713 	0.006559142356 	-0.0003911166854 	1.521233627e-07 	0.005687839274 	-3.669929327e-07 	1.084260251e-05
0.5677538642 	0.006492248819 	-0.0002665376301 	1.647369495e-07 	0.005693769178 	-4.084615109e-07 	1.085390655e-05
0.5697923962 	0.006447296462 	-0.0001461216068 	1.76294316e-07 	0.005701647571 	-4.498167582e-07 	1.086892496e-05
0.5718535597 	0.00642206894 	-2.970281498e-05 	1.866541505e-07 	0.005710675703 	-4.912806379e-07 	1.088613509e-05
0.5739395723 	0.006414596455 	8.290291952e-05 	1.957136853e-07 	0.00572026417 	-5.329733811e-07 	1.090441337e-05
0.5760506688 	0.006423139569 	0.0001918236164 	2.033790837e-07 	0.005729956692 	-5.749389129e-07 	1.092289001e-05
0.578185199 	0.006446140401 	0.000297137613 	2.095584744e-07 	0.005739338618 	-6.172049873e-07 	1.094077457e-05
0.5803434258 	0.006482200191 	0.0003989558844 	2.141696188e-07 	0.005748114923 	-6.597825569e-07 	1.095750465e-05
0.5825256149 	0.006530089773 	0.0004974061775 	2.17108495e-07 	0.005756054552 	-7.026891552e-07 	1.097263979e-05
0.5847338703 	0.006588735486 	0.0005926092475 	2.183052773e-07 	0.005762964784 	-7.459868731e-07 	1.098581261e-05
0.5869684579 	0.00665716167 	0.0006846473614 	2.176963263e-07 	0.00576870714 	-7.896409805e-07 	1.099675914e-05
0.5892278534 	0.006734461022 	0.0007735629291 	2.152094844e-07 	0.005773151419 	-8.335870229e-07 	1.100523117e-05
0.5915123353 	0.006819821507 	0.0008594201832 	2.108067786e-07 	0.005776233012 	-8.777798517e-07 	1.101110554e-05
0.5938221857 	0.006912549425 	0.0009423161248 	2.044625171e-07 	0.005777875825 	-9.222027096e-07 	1.10142372e-05
0.5961603287 	0.007012039965 	0.001022358374 	1.961812887e-07 	0.005778051905 	-9.668636167e-07 	1.101457286e-05
0.5985251933 	0.007117693218 	0.001099599582 	1.859383319e-07 	0.005776736438 	-1.011644644e-06 	1.101206521e-05
0.6009163178 	0.007228937388 	0.001174070466 	1.737142953e-07 	0.005773897281 	-1.056479412e-06 	1.100665299e-05
0.6033339976 	0.007345285437 	0.001245836245 	1.595194045e-07 	0.005769553687 	-1.101288593e-06 	1.099837289e-05
0.6057794613 	0.007466331339 	0.001314979811 	1.433769809e-07 	0.005763703062 	-1.146047179e-06 	1.098721997e-05
0.6082543018 	0.007591690342 	0.001381572942 	1.253184412e-07 	0.005756372174 	-1.19068368e-06 	1.097324526e-05
0.6107566274 	0.007720946225 	0.001445644787 	1.053648555e-07 	0.005747571602 	-1.235065884e-06 	1.095646893e-05
0.6132867477 	0.007853721973 	0.001507234946 	8.355701456e-08 	0.005737342298 	-1.279104608e-06 	1.093696903e-05
0.6158450817 	0.007989730687 	0.001566411229 	5.994676484e-08 	0.005725713371 	-1.322730404e-06 	1.091480106e-05
0.6184346228 	0.008128719201 	0.001623248395 	3.454289128e-08 	0.005712732895 	-1.3634658e-06 	1.089005667e-05
0.6210529287 	0.008270370127 	0.001677778229 	7.432542194e-09 	0.005698441299 	-1.377675729e-06 	1.086281292e-05
0.6237003239 	0.008414378717 	0.001730030381 	-2.01469456e-08 	0.00568288698 	-1.391304698e-06 	1.083316206e-05
0.6263771365 	0.008560530906 	0.001780067517 	-4.812532367e-08 	0.005666130445 	-1.404352941e-06 	1.080121945e-05
0.6290862714 	0.008708641871 	0.00182795904 	-7.642941158e-08 	0.005648230218 	-1.416846288e-06 	1.076709664e-05
0.6318255697 	0.008858456706 	0.001873741525 	-1.049999519e-07 	0.005629247623 	-1.42891228e-06 	1.073091054e-05
0.6345953098 	0.009009722003 	0.001917446135 	-1.337921126e-07 	0.005609243493 	-1.440553829e-06 	1.069277711e-05
0.6373960678 	0.009162267585 	0.00195913774 	-1.627446588e-07 	0.005588303229 	-1.451753921e-06 	1.065285914e-05
0.6402301167 	0.00931593585 	0.001998880838 	-1.918042329e-07 	0.005566495982 	-1.462566707e-06 	1.061128847e-05
0.6430956648 	0.009470501531 	0.002036716596 	-2.2093343e-07 	0.005543901162 	-1.473091549e-06 	1.056821646e-05
0.6459930683 	0.009625748373 	0.00207268534 	-2.500959298e-07 	0.005520597124 	-1.483310544e-06 	1.052379249e-05
0.6489235108 	0.009781532319 	0.002106860599 	-2.792326163e-07 	0.005496690282 	-1.493197018e-06 	1.04782194e-05
0.6518878645 	0.009937688728 	0.002139302524 	-3.083141036e-07 	0.005472261263 	-1.502848605e-06 	1.04316509e-05
0.6548851782 	0.01009400101 	0.002170057318 	-3.373144139e-07 	0.005447404353 	-1.512298149e-06 	1.038426673e-05
0.6579158249 	0.01025028753 	0.00219918469 	-3.661918413e-07 	0.00542222549 	-1.521501531e-06 	1.033626881e-05
0.6609817596 	0.01040641361 	0.002226763892 	-3.948976487e-07 	0.005396835091 	-1.530456264e-06 	1.028786766e-05
0.6640821389 	0.01056218807 	0.002252854812 	-4.234204967e-07 	0.005371332798 	-1.539260974e-06 	1.02392532e-05
0.6672170054 	0.01071739973 	0.002277509774 	-4.517318967e-07 	0.00534582098 	-1.547867845e-06 	1.019062058e-05
0.6703874269 	0.01087190344 	0.002300815755 	-4.797710817e-07 	0.005320435763 	-1.556207022e-06 	1.01422293e-05
0.673594155 	0.01102553715 	0.002322845383 	-5.07525054e-07 	0.005295279059 	-1.564336312e-06 	1.009427363e-05
0.6768365625 	0.01117808749 	0.002343658427 	-5.349668356e-07 	0.005270461761 	-1.57218058e-06 	1.004696497e-05
0.6801152063 	0.01132938099 	0.00236333814 	-5.620223399e-07 	0.005246123146 	-1.579516085e-06 	1.00005688e-05
0.6834316982 	0.01147926016 	0.002381973101 	-5.886133857e-07 	0.005222392337 	-1.586045588e-06 	9.955331283e-06
0.6867851015 	0.0116274817 	0.002399637308 	-6.145537296e-07 	0.005199412467 	-1.590921004e-06 	9.911525264e-06
0.6901758354 	0.01177375021 	0.002416435186 	-6.389800101e-07 	0.005177413998 	-1.591079811e-06 	9.869590068e-06
0.6936055424 	0.01191763768 	0.00243254242 	-6.596925001e-07 	0.005156811043 	-1.578769362e-06 	9.830315109e-06
0.6970735343 	0.01205822784 	0.002448189724 	-6.741985653e-07 	0.005138324015 	-1.541903891e-06 	9.795073697e-06
0.700580145 	0.01219407462 	0.002463706568 	-6.784112127e-07 	0.005123195134 	-1.462296488e-06 	9.766233844e-06
0.7041267955 	0.01232362486 	0.002479471752 	-6.747235694e-07 	0.005113010063 	-1.34249604e-06 	9.746818268e-06
0.7077131112 	0.01244417813 	0.002495485113 	-6.793860276e-07 	0.005110487847 	-1.112464271e-06 	9.742010224e-06
0.7113393773 	0.01255328723 	0.002511287663 	-7.017927659e-07 	0.005118275068 	-8.19979346e-07 	9.75685483e-06
0.7150069301 	0.01265305339 	0.002526514517 	-7.323944756e-07 	0.005134695263 	-6.039370111e-07 	9.788156286e-06
0.7187154514 	0.01274690509 	0.002540995133 	-7.580454777e-07 	0.00515634206 	-5.23347849e-07 	9.829421098e-06
0.7224653199 	0.01283793771 	0.00255484379 	-7.75637824e-07 	0.00517988053 	-5.346801104e-07 	9.874291963e-06
0.7262578107 	0.01292830035 	0.002568377398 	-7.889410577e-07 	0.005203012601 	-5.462635353e-07 	9.91838812e-06
0.7300925709 	0.01301750656 	0.002581710415 	-7.99044007e-07 	0.005225712135 	-5.558056431e-07 	9.961659741e-06
0.7339274599 	0.01310473886 	0.002594861922 	-8.065691215e-07 	0.005247888476 	-5.613108271e-07 	1.000393401e-05
0.7377205243 	0.01318935086 	0.002607833755 	-8.133277355e-07 	0.005269530941 	-5.659760073e-07 	1.004519056e-05
0.7414716977 	0.01327127222 	0.002620630442 	-8.197828369e-07 	0.005290642697 	-5.704737345e-07 	1.008543544e-05
0.7451816807 	0.01335070187 	0.002633305006 	-8.172143904e-07 	0.005311309363 	-5.687051749e-07 	1.012483185e-05
0.7488510254 	0.01342784053 	0.002645895837 	-8.039005068e-07 	0.005331587616 	-5.59424912e-07 	1.016348783e-05
0.7524798606 	0.01350288219 	0.002658434367 	-7.900527752e-07 	0.005351527733 	-5.497443606e-07 	1.020149924e-05
0.7560688559 	0.01357603475 	0.002670974062 	-7.75727489e-07 	0.00537122127 	-5.396985865e-07 	1.023904059e-05
0.7596184549 	0.01364749578 	0.002683550286 	-7.609594101e-07 	0.005390725386 	-5.293251349e-07 	1.027622086e-05
0.7631288782 	0.01371745726 	0.002696195267 	-7.458109359e-07 	0.005410095976 	-5.186658943e-07 	1.031314659e-05
0.7666007261 	0.01378612222 	0.002708960196 	-7.303197556e-07 	0.005429423523 	-5.077395913e-07 	1.034999026e-05
0.7700344366 	0.01385368476 	0.002721879425 	-7.145072546e-07 	0.005448766243 	-4.965714864e-07 	1.038686286e-05
0.7734302599 	0.01392033472 	0.002734985567 	-6.984226119e-07 	0.005468183209 	-4.851941411e-07 	1.0423877e-05
0.7767887125 	0.01398627098 	0.00274832817 	-6.820975112e-07 	0.0054877638 	-4.736214199e-07 	1.046120305e-05
0.7801102773 	0.01405168606 	0.002761943131 	-6.655479915e-07 	0.005507570534 	-4.618718713e-07 	1.049896019e-05
0.7833951996 	0.01411676822 	0.002775863385 	-6.488158232e-07 	0.005527664576 	-4.499730964e-07 	1.053726502e-05
0.7866439137 	0.01418171312 	0.002790135524 	-6.319386494e-07 	0.005548132552 	-4.37941892e-07 	1.057628267e-05
0.7898569628 	0.0142467148 	0.002804797518 	-6.149428312e-07 	0.005569043767 	-4.257992759e-07 	1.061614526e-05
0.7930345721 	0.01431196428 	0.002819881489 	-5.978707801e-07 	0.005590460951 	-4.135753922e-07 	1.065697236e-05
0.7961771359 	0.01437765839 	0.002835427188 	-5.807683079e-07 	0.005612463325 	-4.012946476e-07 	1.0698915e-05
0.7992851568 	0.01444399847 	0.002851475099 	-5.636641666e-07 	0.005635129995 	-3.889757309e-07 	1.074212397e-05
0.8023589322 	0.01451118397 	0.002868056653 	-5.465758562e-07 	0.005658525106 	-3.766357126e-07 	1.078672156e-05
0.805398811 	0.0145794175 	0.002885206421 	-5.295298562e-07 	0.005682721697 	-3.642894288e-07 	1.083284699e-05
0.8084052021 	0.01464890874 	0.002902968189 	-5.125373494e-07 	0.005707807904 	-3.51939243e-07 	1.088066827e-05
0.8113785157 	0.01471986713 	0.002921377378 	-4.955987496e-07 	0.005733854737 	-3.395885871e-07 	1.093032077e-05
0.8143190433 	0.0147925043 	0.002940469876 	-4.787320786e-07 	0.005760936942 	-3.272482776e-07 	1.098194698e-05
0.8172271484 	0.01486703866 	0.002960288615 	-4.619621746e-07 	0.005789142666 	-3.149288829e-07 	1.103571493e-05
0.8201032429 	0.01494369459 	0.002980876702 	-4.45314889e-07 	0.005818558543 	-3.026465228e-07 	1.109178977e-05
0.8229476498 	0.01502270054 	0.003002272269 	-4.288122763e-07 	0.005849263257 	-2.904193782e-07 	1.115032149e-05
0.8257606958 	0.01510429172 	0.003024515744 	-4.124875407e-07 	0.005881342404 	-2.782698578e-07 	1.121147326e-05
0.8285427279 	0.01518871263 	0.003047654138 	-3.963640458e-07 	0.005914892746 	-2.662131286e-07 	1.127542953e-05
0.8312941389 	0.01527621429 	0.003071732746 	-3.804559884e-07 	0.005950005354 	-2.542629152e-07 	1.134236392e-05
0.8340152199 	0.01536705352 	0.00309679636 	-3.647729701e-07 	0.005986770495 	-2.424304357e-07 	1.14124485e-05
0.836706302 	0.01546149491 	0.003122894713 	-3.493297556e-07 	0.006025287684 	-2.307272303e-07 	1.148587297e-05
0.8393677168 	0.01555981206 	0.003150083401 	-3.341382804e-07 	0.006065664648 	-2.191617293e-07 	1.156284268e-05
0.841999829 	0.01566228615 	0.003178418288 	-3.192053282e-07 	0.006108006453 	-2.07742857e-07 	1.164355793e-05
0.8446029242 	0.01576920611 	0.003207956644 	-3.045379846e-07 	0.006152419981 	-1.964806031e-07 	1.172822246e-05
0.8471773226 	0.01588087081 	0.003238761961 	-2.901469852e-07 	0.006199022379 	-1.853851815e-07 	1.181705958e-05
0.8497233412 	0.01599758986 	0.003270904153 	-2.760374549e-07 	0.006247938374 	-1.744634044e-07 	1.191030707e-05
0.8522413154 	0.01611968327 	0.003304457571 	-2.622071277e-07 	0.006299295599 	-1.637195039e-07 	1.200820821e-05
0.8547315346 	0.01624748154 	0.003339501247 	-2.486500403e-07 	0.006353225953 	-1.531558615e-07 	1.211101445e-05
0.8571943021 	0.01638132763 	0.003376123619 	-2.353651149e-07 	0.00640987412 	-1.427759075e-07 	1.221900161e-05
0.8596299208 	0.01652157867 	0.003414423109 	-2.223503039e-07 	0.006469396779 	-1.325817013e-07 	1.233246834e-05
0.8620386999 	0.01666860715 	0.003454506542 	-2.096039425e-07 	0.006531959388 	-1.225768508e-07 	1.245173006e-05
0.8644209325 	0.01682280236 	0.003496487486 	-1.971228134e-07 	0.006597735048 	-1.1276564e-07 	1.257711675e-05
0.8667769039 	0.01698457258 	0.003540488111 	-1.849122168e-07 	0.006666910239 	-1.031568227e-07 	1.270898389e-05
0.8691069039 	0.01715434721 	0.003586639729 	-1.729794239e-07 	0.006739686455 	-9.376010235e-08 	1.284771558e-05
0.8714112196 	0.01733257769 	0.003635078846 	-1.613340054e-07 	0.006816274069 	-8.458819401e-08 	1.299371286e-05
0.8736901437 	0.01751973764 	0.003685945227 	-1.499846213e-07 	0.006896891904 	-7.565522626e-08 	1.314739286e-05
0.8759439454 	0.01771632131 	0.003739378429 	-1.389442354e-07 	0.006981764291 	-6.697941521e-08 	1.330918322e-05
0.8781729018 	0.01792284137 	0.003795517233 	-1.282316673e-07 	0.007071122966 	-5.858284445e-08 	1.347952569e-05
0.880377287 	0.01813982404 	0.00385449462 	-1.178693033e-07 	0.007165199406 	-5.049153543e-08 	1.365886153e-05
0.8825573737 	0.01836780146 	0.003916433915 	-1.078829037e-07 	0.007264219877 	-4.273558609e-08 	1.384762207e-05
0.8847134322 	0.01860730084 	0.003981443261 	-9.829899493e-08 	0.00736839685 	-3.534873437e-08 	1.404621234e-05
0.8868457226 	0.01885883023 	0.004049612343 	-8.914834845e-08 	0.007477924262 	-2.836826221e-08 	1.425500203e-05
0.8889545069 	0.0191228611 	0.00412100999 	-8.04626221e-08 	0.007592972132 	-2.183237537e-08 	1.447431524e-05
0.8910400442 	0.0193998074 	0.004195679017 	-7.227170809e-08 	0.007713674458 	-1.577890376e-08 	1.470440742e-05
0.8931025917 	0.01969000232 	0.004273634365 	-6.460126812e-08 	0.007840123365 	-1.02425383e-08 	1.494545418e-05
0.8951424045 	0.01999367325 	0.004354859181 	-5.746989825e-08 	0.007972358074 	-5.253579758e-09 	1.519753029e-05
0.8971597301 	0.02031091707 	0.004439303796 	-5.089040068e-08 	0.008110359951 	-8.35729684e-10 	1.546060022e-05
0.8991548164 	0.02064167754 	0.004526885528 	-4.486794723e-08 	0.008254048208 	2.996111902e-09 	1.573450998e-05
0.9011279084 	0.02098572697 	0.00461748676 	-3.93991804e-08 	0.008403272377 	6.236383916e-09 	1.601897272e-05
0.9030792486 	0.02134265507 	0.004710956158 	-3.447194212e-08 	0.008557812429 	8.890232739e-09 	1.631356901e-05
0.9050090786 	0.02171186688 	0.004807109746 	-3.006535477e-08 	0.008717378852 	1.097305148e-08 	1.661774696e-05
0.9069176333 	0.02209258988 	0.004905733328 	-2.615143219e-08 	0.008881616559 	1.250979771e-08 	1.693082968e-05
0.9088051471 	0.02248388822 	0.005006587368 	-2.269710775e-08 	0.00905011436 	1.353474301e-08 	1.725203332e-05
0.9106718518 	0.02288468128 	0.005109410153 	-1.966500225e-08 	0.00922241074 	1.408912095e-08 	1.758047811e-05
0.9125179768 	0.02329376541 	0.005213921573 	-1.701481618e-08 	0.00939800194 	1.421960022e-08 	1.791520374e-05
0.914343749 	0.02370984007 	0.005319828294 	-1.470440156e-08 	0.009576353095 	1.397706506e-08 	1.825519061e-05
0.9161493933 	0.02413153851 	0.005426827937 	-1.26906094e-08 	0.009756907042 	1.341427953e-08 	1.859937661e-05
0.9179351304 	0.02455746109 	0.005534615558 	-1.093112735e-08 	0.009939098433 	1.258545126e-08 	1.894668404e-05
0.9197011796 	0.02498620708 	0.005642889584 	-9.385316693e-09 	0.01012236607 	1.154452794e-08 	1.92960431e-05
0.921447758 	0.02541640143 	0.005751355481 	-8.014980468e-09 	0.01030616033 	1.034319246e-08 	1.964640604e-05
0.9231750801 	0.02584671525 	0.005859729666 	-6.784886177e-09 	0.01048995164 	9.029959117e-09 	1.999676336e-05
0.9248833582 	0.0262758811 	0.005967742194 	-5.663130004e-09 	0.01067323612 	7.649397546e-09 	2.034615452e-05
0.9265728023 	0.02670270424 	0.006075137966 	-4.621113965e-09 	0.01085553783 	6.241102208e-09 	2.069367225e-05
0.9282436194 	0.02712607011 	0.006181678547 	-3.634066536e-09 	0.01103641287 	4.840234723e-09 	2.103847035e-05
0.9298960149 	0.02754494858 	0.006287143247 	-2.680984311e-09 	0.01121545149 	3.477372126e-09 	2.137976771e-05
0.9315301917 	0.02795839558 	0.006391328774 	-1.744403778e-09 	0.01139227702 	2.178236617e-09 	2.171684633e-05
0.9331463504 	0.0283655524 	0.006494049303 	-8.101949832e-10 	0.01156654616 	9.638986923e-10 	2.204905173e-05
0.9345222492 	0.02870996359 	0.006581068147 	5.458390211e-07 	0.01171409484 	9.193746375e-07 	2.233032053e-05
0.934744687 	0.02876564359 	0.006595136099 	-1.414056738e-10 	0.01173794848 	1.424722497e-10 	2.23757922e-05
0.9363253843 	0.02915797405 	0.00669443598 	-1.161516293e-09 	0.01190620391 	1.097424839e-09 	2.269653381e-05
0.9378886538 	0.02954192315 	0.006791813693 	-2.200616736e-09 	0.01207106348 	1.934563459e-09 	2.301080197e-05
0.9394346874 	0.0299169421 	0.006887147838 	-3.261910101e-09 	0.01223230591 	2.648808089e-09 	2.331817486e-05
0.940963675 	0.03028254856 	0.006980331226 	-4.34648431e-09 	0.01238973642 	3.23824606e-09 	2.361828117e-05
0.9424758045 	0.0306383219 	0.007071269703 	-5.453536978e-09 	0.0125431842 	3.703833137e-09 	2.391079529e-05
0.9439712616 	0.03098389849 	0.007159881594 	-6.580545461e-09 	0.01269250146 	4.049158221e-09 	2.419543548e-05
0.9454502299 	0.03131896698 	0.007246096869 	-7.723422184e-09 	0.01283756176 	4.280224799e-09 	2.447196073e-05
0.9469128912 	0.03164326389 	0.007329856105 	-8.876768088e-09 	0.01297825784 	4.405233345e-09 	2.474016655e-05
0.9483594251 	0.03195656925 	0.007411109503 	-1.003406739e-08 	0.01311449968 	4.434344045e-09 	2.499988137e-05
0.9497900093 	0.03225870219 	0.007489816446 	-1.118741602e-08 	0.01324621393 	4.379446201e-09 	2.525096535e-05
0.9512048194 	0.03254951666 	0.007565944464 	-1.232781427e-08 	0.01337334175 	4.254088026e-09 	2.54933063e-05
0.9526040292 	0.03282889681 	0.007639468122 	-1.344528338e-08 	0.01349583653 	4.073280396e-09 	2.572681541e-05
0.9539878108 	0.03309675181 	0.007710368144 	-1.452893094e-08 	0.01361366246 	3.853392531e-09 	2.595142437e-05
0.9553563339 	0.03335300977 	0.007778630173 	-1.556703666e-08 	0.01372679213 	3.612000728e-09 	2.616708096e-05
0.9567097669 	0.03359760992 	0.007844242988 	-1.654717518e-08 	0.01383520312 	3.3676512e-09 	2.637374244e-05
0.9580482759 	0.03383049255 	0.007907195932 	-1.745654252e-08 	0.01393887303 	3.139504835e-09 	2.657136611e-05
0.9593720254 	0.03405158502 	0.0079674789 	-1.828180986e-08 	0.01403778197 	2.947245176e-09 	2.675991404e-05
0.960681178 	0.03426078245 	0.008025083497 	-1.900944517e-08 	0.01413191867 	2.81039989e-09 	2.693936476e-05
0.9619758945 	0.03445792413 	0.008079962111 	-1.962847511e-08 	0.01422117739 	2.742593988e-09 	2.710951667e-05
0.963256334 	0.03462767442 	0.008127746142 	-2.01739821e-08 	0.01429848819 	2.75277412e-09 	2.725689255e-05
0.9640904201 	0.0347574437 	0.008164827497 	-2.037881184e-08 	0.01435810979 	2.826331002e-09 	2.737054789e-05
0.9649091234 	0.03486544818 	0.008196268641 	-2.053613229e-08 	0.01440831267 	2.969367782e-09 	2.746624853e-05
0.9657127275 	0.03496682646 	0.008226242321 	-2.061553355e-08 	0.01445587045 	3.175151403e-09 	2.755690689e-05
0.9665015107 	0.03506158341 	0.008254685697 	-2.06245802e-08 	0.01450070985 	3.436146675e-09 	2.764238323e-05
0.9672757463 	0.03514969087 	0.008281567305 	-2.056709146e-08 	0.01454280999 	3.750099049e-09 	2.772263781e-05
0.9680357026 	0.03523110953 	0.008306859008 	-2.044561094e-08 	0.01458213949 	4.116043827e-09 	2.779761077e-05
0.9687816429 	0.03530579858 	0.008330537726 	-2.026220337e-08 	0.01461866831 	4.533057582e-09 	2.786724486e-05
0.9695138255 	0.03537371905 	0.008352584888 	-2.001872419e-08 	0.01465237138 	5.000199621e-09 	2.793149227e-05
0.9702325042 	0.03543483365 	0.008372984326 	-1.97170777e-08 	0.01468322629 	5.51629857e-09 	2.79903103e-05
0.9709379278 	0.0354891049 	0.0083917207 	-1.935936668e-08 	0.01471121133 	6.07981201e-09 	2.804365757e-05
0.971630341 	0.03553649252 	0.008408778362 	-1.894797877e-08 	0.01473630393 	6.688734698e-09 	2.809149104e-05
0.9723099835 	0.03557695059 	0.008424140482 	-1.848563166e-08 	0.0147584793 	7.340535963e-09 	2.813376345e-05
0.9729770908 	0.03561042507 	0.008437788364 	-1.797538811e-08 	0.01477770928 	8.032122648e-09 	2.817042113e-05
0.9736318941 	0.0356368514 	0.008449700911 	-1.742065385e-08 	0.01479396143 	8.759815307e-09 	2.820140225e-05
0.9742746202 	0.0356561526 	0.008459854206 	-1.682516797e-08 	0.01480719825 	9.519330437e-09 	2.82266353e-05
0.9749054919 	0.03566823759 	0.008468221169 	-1.619299325e-08 	0.01481737651 	1.030576357e-08 	2.824603791e-05
0.9755247278 	0.0356729998 	0.008474771281 	-1.552851183e-08 	0.01482444678 	1.111356991e-08 	2.82595158e-05
0.9761325423 	0.03567031593 	0.008479470338 	-1.483642866e-08 	0.0148283529 	1.193654085e-08 	2.826696196e-05
0.9767291462 	0.03566004497 	0.008482280232 	-1.412178322e-08 	0.01482903164 	1.27677755e-08 	2.826825582e-05
0.9773147462 	0.03564202719 	0.008483158752 	-1.33899625e-08 	0.01482641229 	1.359966222e-08 	2.826326262e-05
0.9778895451 	0.03561608328 	0.008482059375 	-1.26467213e-08 	0.01482041634 	1.442384793e-08 	2.825183266e-05
0.9784537421 	0.03558201346 	0.008478931043 	-1.189820959e-08 	0.01481095702 	1.523120813e-08 	2.823380058e-05
0.9790075328 	0.03553959659 	0.008473717953 	-1.115096755e-08 	0.01479793903 	1.601184688e-08 	2.820898467e-05
0.979551109 	0.03548858923 	0.008466359327 	-1.041192974e-08 	0.01478125809 	1.675509798e-08 	2.817718616e-05
0.9800846592 	0.03542872463 	0.008456789132 	-9.688428179e-09 	0.0147608005 	1.744952304e-08 	2.813818831e-05
0.9806083682 	0.03535971163 	0.0084449358 	-8.988175366e-09 	0.01473644266 	1.808294254e-08 	2.80917555e-05
0.9811224175 	0.03528123344 	0.008430721917 	-8.319239866e-09 	0.01470805053 	1.864247637e-08 	2.80376322e-05
0.9816269852 	0.03519294631 	0.008414063863 	-7.690015129e-09 	0.01467547906 	1.911459448e-08 	2.797554192e-05
0.9821222462 	0.03509447802 	0.00839487143 	-7.109180903e-09 	0.0146385715 	1.948518189e-08 	2.790518586e-05
0.9826083721 	0.03498542614 	0.008373047381 	-6.585658719e-09 	0.01459715871 	1.97396162e-08 	2.782624158e-05
0.9830855314 	0.03486535621 	0.00834848696 	-6.128562217e-09 	0.01455105828 	1.986285683e-08 	2.773836134e-05
0.9835538894 	0.03473379951 	0.008321077343 	-5.747142835e-09 	0.0145000736 	1.983954542e-08 	2.764117037e-05
0.9840136086 	0.03459025068 	0.008290697013 	-5.450731123e-09 	0.01444399284 	1.965411705e-08 	2.753426485e-05
0.984464848 	0.03443416492 	0.008257215062 	-5.248673549e-09 	0.01438258768 	1.929092199e-08 	2.741720956e-05
0.9849077643 	0.03426495487 	0.008220490389 	-5.150264391e-09 	0.01431561203 	1.87343585e-08 	2.728953536e-05
0.9853425108 	0.03408198706 	0.008180370798 	-5.164671692e-09 	0.01424280043 	1.796901789e-08 	2.715073621e-05
0.9857692383 	0.03388457782 	0.008136691988 	-5.300855769e-09 	0.01416386632 	1.697984391e-08 	2.700026585e-05
0.9861880946 	0.03367198882 	0.008089276402 	-5.56747787e-09 	0.0140785001 	1.575231015e-08 	2.68375341e-05
0.9865992248 	0.03344342196 	0.008037931956 	-5.972795938e-09 	0.0139863669 	1.427262037e-08 	2.666190262e-05
0.9870027716 	0.0331980137 	0.007982450633 	-6.524543591e-09 	0.01388710422 	1.252793805e-08 	2.647268036e-05
0.9873988747 	0.032934829 	0.007922606948 	-7.229787797e-09 	0.01378031922 	1.0506653e-08 	2.626911848e-05
0.9877876714 	0.03265285468 	0.007858156311 	-8.094760147e-09 	0.01366558595 	8.198694042e-09 	2.605040496e-05
0.9881692965 	0.03235099248 	0.007788833316 	-9.124655321e-09 	0.01354244229 	5.595900347e-09 	2.581565894e-05
0.9885438823 	0.03202805211 	0.007714350039 	-1.032339612e-08 	0.01341038707 	2.692447951e-09 	2.556392498e-05
0.9889115585 	0.03168274443 	0.007634394445 	-1.169335485e-08 	0.01326887721 	-5.146444094e-10 	2.529416785e-05
0.9892724526 	0.03131367532 	0.007548628875 	-1.323499946e-08 	0.01311732489 	-4.024857306e-09 	2.500526701e-05
0.9896266897 	0.03091934096 	0.007456687316 	-1.494634705e-08 	0.01295509091 	-7.833018686e-09 	2.469600396e-05
0.9899743926 	0.03049812404 	0.007358177818 	-1.682315033e-08 	0.01278149149 	-1.193030723e-08 	2.436507522e-05
0.9903156818 	0.03004828997 	0.007252687451 	-1.885814198e-08 	0.01259581119 	-1.630285759e-08 	2.401111695e-05
0.9906506755 	0.02956741351 	0.007139635557 	-2.102277767e-08 	0.01239702991 	-2.089748204e-08 	2.363218459e-05
0.99097949 	0.02905235507 	0.007018262549 	-2.329796145e-08 	0.01218379877 	-2.56778482e-08 	2.322570677e-05
0.9913022391 	0.02850060216 	0.006887964739 	-2.571012573e-08 	0.01195505104 	-3.068907493e-08 	2.278965001e-05
0.9916190347 	0.0279104292 	0.006748332265 	-2.826113784e-08 	0.01171006779 	-3.592901451e-08 	2.232264386e-05
0.9919299867 	0.02728011224 	0.006598952033 	-3.09092227e-08 	0.0114481147 	-4.131472421e-08 	2.182328845e-05
0.9922352028 	0.02660774742 	0.006439369732 	-3.361096272e-08 	0.0111683732 	-4.676008675e-08 	2.129002341e-05
0.9925347888 	0.02589122326 	0.006269089802 	-3.632384719e-08 	0.01086993943 	-5.217947512e-08 	2.07211257e-05
0.9928288486 	0.02512825238 	0.006087595021 	-3.900685356e-08 	0.01055186055 	-5.748738288e-08 	2.011477895e-05
0.993117484 	0.02431644687 	0.005894384484 	-4.162100028e-08 	0.0102132068 	-6.259913262e-08 	1.946921078e-05
0.9934007952 	0.0234534252 	0.005688894874 	-4.41275581e-08 	0.009852807829 	-6.742421062e-08 	1.878219017e-05
0.9936788803 	0.02261736179 	0.005489765543 	-4.6311766e-08 	0.009503140748 	-7.153468897e-08 	1.811562753e-05
0.9938578551 	0.02190354603 	0.005319837265 	-4.794094495e-08 	0.00920444648 	-7.453117012e-08 	1.754623323e-05
0.9940368302 	0.02124196015 	0.005160125887 	-4.879065788e-08 	0.008927705464 	-7.696153904e-08 	1.701868794e-05
0.9942158055 	0.02054580309 	0.004989195541 	-4.936354276e-08 	0.008636363485 	-7.912170841e-08 	1.646330916e-05
0.994394781 	0.01981329264 	0.004809620826 	-5.012644086e-08 	0.008329579335 	-8.097888968e-08 	1.58784933e-05
0.9945737568 	0.01904284985 	0.004622097512 	-5.069000936e-08 	0.008006744211 	-8.249714236e-08 	1.526307983e-05
0.9947527327 	0.01823303511 	0.004425758458 	-5.104631226e-08 	0.007667259607 	-8.363002224e-08 	1.461592782e-05
0.9949317089 	0.01738257896 	0.004219924071 	-5.117349814e-08 	0.007310585491 	-8.43288825e-08 	1.393600782e-05
0.9951106853 	0.01649049436 	0.004004115677 	-5.104192503e-08 	0.006936301268 	-8.454420844e-08 	1.322251806e-05
0.9952896619 	0.01555624088 	0.003778064132 	-5.061923577e-08 	0.006544173536 	-8.422637202e-08 	1.247501362e-05
0.9954686388 	0.01457993559 	0.003541726644 	-4.987379271e-08 	0.006134244278 	-8.332625404e-08 	1.169357452e-05
0.9956476158 	0.01356261326 	0.003295323329 	-4.877562593e-08 	0.005706947452 	-8.179382069e-08 	1.087902801e-05
0.9958265931 	0.01250653957 	0.003039396231 	-4.729881688e-08 	0.00526324837 	-7.958383157e-08 	1.003321424e-05
0.9960055706 	0.01141557769 	0.002774872199 	-4.542935422e-08 	0.004804755027 	-7.667735373e-08 	9.159198495e-06
0.9961845483 	0.01029560818 	0.002503027759 	-4.32157977e-08 	0.004333529237 	-7.32210282e-08 	8.260911168e-06
0.9963635262 	0.00915489181 	0.002225970778 	-4.04625161e-08 	0.003853325369 	-6.867186423e-08 	7.345509129e-06
0.9965425044 	0.008004387589 	0.001946951679 	-3.721213244e-08 	0.003370367743 	-6.313502362e-08 	6.424857663e-06
0.9967214828 	0.006816187568 	0.001661578542 	-3.769055367e-08 	0.002922561144 	-4.162308639e-08 	5.571213824e-06
0.9969004614 	0.00555273076 	0.001359147543 	-3.804235036e-08 	0.002556850934 	-2.420426512e-08 	4.87406852e-06
0.9970794402 	0.004307665344 	0.001052842536 	-3.379369257e-08 	0.00222398781 	-2.637615608e-08 	4.239538891e-06
0.9972584192 	0.003199120317 	0.0007677928598 	-2.837917934e-08 	0.00186543018 	-2.757808636e-08 	3.556028392e-06
0.9974373985 	0.002262980485 	0.0005191993388 	-2.20621727e-08 	0.001492045973 	-2.717790888e-08 	2.844254317e-06
0.9976163779 	0.001517892752 	0.0003201160258 	-1.550131889e-08 	0.001123764341 	-2.453815533e-08 	2.142207168e-06
0.9977953576 	0.0009601833413 	0.000176567651 	-9.624458945e-09 	0.000786270831 	-1.997854616e-08 	1.498850737e-06
0.9979743375 	0.0005674488168 	8.514585007e-05 	-5.147479928e-09 	0.0005030820608 	-1.442239678e-08 	9.590142323e-07
0.9981533176 	0.000307598363 	3.480432301e-05 	-2.299422022e-09 	0.0002883293519 	-9.068581033e-09 	5.496358818e-07
0.998332298 	0.000147782437 	1.150282997e-05 	-8.208182978e-10 	0.0001433378911 	-4.845531369e-09 	2.732418591e-07
0.9985112786 	5.915377825e-05 	2.838054364e-06 	-2.174816718e-10 	5.840985723e-05 	-2.104050701e-09 	1.113454221e-07
0.9986902593 	1.761664302e-05 	4.514992166e-07 	-3.729708982e-11 	1.752945187e-05 	-6.782464567e-10 	3.341600733e-08
0.9988692404 	3.130580905e-06 	3.403520285e-08 	-3.097671456e-12 	3.122950778e-06 	-1.336913619e-10 	5.953212163e-09
0.9990482216 	3.157390371e-07 	8.655572768e-10 	-9.186748827e-14 	3.15127867e-07 	-1.607639905e-11 	6.007212997e-10
