0.4709558481 	6.218881478e-07 	-2.584971855e-09 	7.063041803e-14 	6.20658337e-07 	-1.1801999e-11 	1.183147293e-09
0.4709558481 	6.218881478e-07 	-2.584971855e-09 	7.063041803e-14 	6.20658337e-07 	-1.1801999e-11 	1.183147293e-09
0.4711314108 	6.986003224e-06 	-1.133238212e-07 	3.094296917e-12 	6.964450783e-06 	-1.323655747e-10 	1.327617886e-08
0.4713069734 	3.903746391e-05 	-1.472520254e-06 	4.008252798e-11 	3.870622065e-05 	-7.336803366e-10 	7.378481441e-08
0.471482536 	0.0001308697353 	-9.070960333e-06 	2.447147289e-10 	0.0001276878293 	-2.400160771e-09 	2.434084917e-07
0.4716580986 	0.000327953075 	-3.58012541e-05 	9.474106745e-10 	0.0003087316841 	-5.69219924e-09 	5.885283974e-07
0.4718336613 	0.000686924076 	-0.0001043268136 	2.668520769e-09 	0.0006065062471 	-1.078819424e-08 	1.156169477e-06
0.4720092239 	0.001274564348 	-0.0002425672335 	5.893136978e-09 	0.001022270828 	-1.719210082e-08 	1.948732323e-06
0.4721847865 	0.002156252845 	-0.0004722070451 	1.070859475e-08 	0.001527895322 	-2.381733364e-08 	2.912593141e-06
0.4723603491 	0.003372485747 	-0.000796820043 	1.662141593e-08 	0.002074621853 	-2.95108004e-08 	3.954805864e-06
0.4725359118 	0.004916869664 	-0.001199307058 	2.28216667e-08 	0.002613913088 	-3.376439661e-08 	4.982844846e-06
0.4727114744 	0.006734201895 	-0.001650454419 	2.860018614e-08 	0.003113588941 	-3.66552177e-08 	5.935365899e-06
0.472887037 	0.008598983655 	-0.002099848906 	3.219478895e-08 	0.003677888943 	-4.7480782e-08 	7.011078542e-06
0.4730625996 	0.01036273643 	-0.002526102706 	3.523427202e-08 	0.004368695853 	-6.091750607e-08 	8.327948511e-06
0.4732381623 	0.01208940471 	-0.002946510275 	3.940255012e-08 	0.005095450658 	-6.819133761e-08 	9.713345161e-06
0.4734137249 	0.01379144728 	-0.00336154778 	4.315095364e-08 	0.005813640087 	-7.471845536e-08 	1.108241382e-05
0.4735892875 	0.01544677304 	-0.003764988438 	4.643506873e-08 	0.00651162844 	-8.039138972e-08 	1.241297362e-05
0.4737648501 	0.01703966429 	-0.004153026279 	4.93331983e-08 	0.007182858371 	-8.542089611e-08 	1.369252443e-05
0.4739404128 	0.01855985071 	-0.00452331374 	5.18471992e-08 	0.007823419962 	-8.978848741e-08 	1.491361285e-05
0.4741159754 	0.02000142649 	-0.004874430148 	5.40047664e-08 	0.008430830428 	-9.353594735e-08 	1.607150602e-05
0.474291538 	0.02136178621 	-0.005205786005 	5.584260161e-08 	0.009003970009 	-9.671588555e-08 	1.716406936e-05
0.4744671006 	0.02264072125 	-0.005517467961 	5.740548507e-08 	0.009542747847 	-9.938071998e-08 	1.819112967e-05
0.4746426632 	0.0238396833 	-0.005810126836 	5.874850953e-08 	0.01004777857 	-1.015777822e-07 	1.915385859e-05
0.4748182259 	0.02496120512 	-0.006084916082 	5.993975136e-08 	0.01052013141 	-1.033486088e-07 	2.005429438e-05
0.4749937885 	0.02600846613 	-0.006343454146 	6.106049888e-08 	0.01096114786 	-1.04728876e-07 	2.089499431e-05
0.4751693511 	0.02698500427 	-0.00658778608 	6.220341115e-08 	0.01137231829 	-1.057500175e-07 	2.167879943e-05
0.4753449137 	0.02789462431 	-0.006816044111 	6.246072407e-08 	0.0117552474 	-1.064490492e-07 	2.240876874e-05
0.4755204764 	0.02874156077 	-0.007023029247 	6.219223788e-08 	0.01211173396 	-1.068803372e-07 	2.308833121e-05
0.475696039 	0.02953035289 	-0.007211736423 	6.225244128e-08 	0.01244368509 	-1.070774002e-07 	2.372112233e-05
0.4758716016 	0.03026516764 	-0.007387735877 	6.218373998e-08 	0.01275275334 	-1.070484193e-07 	2.431029231e-05
0.4760471642 	0.03094961118 	-0.007551832318 	6.199608293e-08 	0.01304054917 	-1.068110247e-07 	2.485891114e-05
0.4762227269 	0.03167209716 	-0.007725294173 	6.165021149e-08 	0.01334460562 	-1.063128576e-07 	2.543852726e-05
0.4764955107 	0.03249547548 	-0.007923120143 	6.103246491e-08 	0.01369105304 	-1.053664811e-07 	2.609895233e-05
0.4767734216 	0.03331757739 	-0.008120597099 	6.012077756e-08 	0.01403643827 	-1.039186176e-07 	2.675735257e-05
0.4770565557 	0.03406239111 	-0.008299483933 	5.896179688e-08 	0.01434910757 	-1.02040462e-07 	2.735338715e-05
0.4773450114 	0.03473401881 	-0.008460794505 	5.755193506e-08 	0.01463101637 	-9.972442202e-08 	2.789078369e-05
0.4776388886 	0.0353360082 	-0.008605302686 	5.588422905e-08 	0.0148835336 	-9.695565489e-08 	2.83721517e-05
0.4779382892 	0.03587144538 	-0.008733722964 	5.395385136e-08 	0.01510793652 	-9.372311339e-08 	2.879992603e-05
0.4782433171 	0.0363431739 	-0.00884672923 	5.176199978e-08 	0.01530542373 	-9.002630213e-08 	2.917639154e-05
0.4785540779 	0.03675430611 	-0.008945058876 	4.933016252e-08 	0.01547729797 	-8.590364003e-08 	2.950403162e-05
0.4788706795 	0.03710890953 	-0.009029677149 	4.667801829e-08 	0.01562528886 	-8.139404034e-08 	2.97861434e-05
0.4791932316 	0.03741131469 	-0.009101607578 	4.379458293e-08 	0.01575124635 	-7.648033715e-08 	3.002625337e-05
0.4795218461 	0.03766483315 	-0.009161630183 	4.066823627e-08 	0.01585655967 	-7.114215877e-08 	3.022700983e-05
0.4798566368 	0.03787199639 	-0.00921034839 	3.729900699e-08 	0.01594228283 	-6.53801809e-08 	3.0390422e-05
0.48019772 	0.03803508244 	-0.009248313272 	3.368577097e-08 	0.01600938078 	-5.919248194e-08 	3.051832935e-05
0.4805452138 	0.03815612484 	-0.009276019019 	2.982634493e-08 	0.01605871701 	-5.257488522e-08 	3.061237791e-05
0.4808992388 	0.0382369246 	-0.009293903283 	2.57179098e-08 	0.01609105293 	-4.552211602e-08 	3.067401917e-05
0.4812599177 	0.03827906435 	-0.009302351818 	2.135696432e-08 	0.01610705812 	-3.802759913e-08 	3.070452949e-05
0.4816273755 	0.03828392411 	-0.009301702161 	1.673941373e-08 	0.01610731709 	-3.008360387e-08 	3.070502317e-05
0.4820017397 	0.03825269763 	-0.009292247427 	1.18606864e-08 	0.01609233611 	-2.168144645e-08 	3.067646526e-05
0.48238314 	0.03818640848 	-0.009274240137 	6.715863119e-09 	0.01606254998 	-1.281171087e-08 	3.061968461e-05
0.4827717088 	0.03808592566 	-0.009247895983 	1.299818853e-09 	0.0160183286 	-3.464487782e-09 	3.053538637e-05
0.4831675807 	0.03795197841 	-0.009213397426 	-4.39261966e-09 	0.01595998333 	6.370359706e-09 	3.042416407e-05
0.4835708931 	0.03778517036 	-0.009170897139 	-1.036649778e-08 	0.0158877729 	1.670289781e-08 	3.028651093e-05
0.4839817856 	0.03758599285 	-0.009120521275 	-1.662653567e-08 	0.01580190914 	2.754278528e-08 	3.012283074e-05
0.4844004009 	0.03735483776 	-0.009062372602 	-2.317690704e-08 	0.01570256232 	3.889889157e-08 	2.993344808e-05
0.4848268841 	0.03709200971 	-0.008996533521 	-3.002099143e-08 	0.0155898664 	5.077886357e-08 	2.971861834e-05
0.485261383 	0.03679773814 	-0.008923069004 	-3.71610984e-08 	0.01546392411 	6.318863438e-08 	2.947853733e-05
0.4857040484 	0.03647218906 	-0.008842029494 	-4.459816226e-08 	0.01532481193 	7.613186875e-08 	2.921335085e-05
0.4861550336 	0.03611547704 	-0.008753453791 	-5.233140734e-08 	0.01517258515 	8.960933984e-08 	2.892316429e-05
0.4866144951 	0.0357276772 	-0.008657371963 	-6.035798448e-08 	0.01500728295 	1.036182332e-07 	2.860805235e-05
0.4870825921 	0.03530883765 	-0.008553808304 	-6.867257981e-08 	0.01482893365 	1.181513753e-07 	2.826806903e-05
0.487559487 	0.03485899238 	-0.00844278435 	-7.726699805e-08 	0.01463756016 	1.331963845e-07 	2.790325796e-05
0.4880453452 	0.03437817465 	-0.008324321961 	-8.612972533e-08 	0.01443318554 	1.487347529e-07 	2.751366313e-05
0.4885403351 	0.0338664308 	-0.008198446431 	-9.524548516e-08 	0.0142158389 	1.64740878e-07 	2.709934004e-05
0.4890446283 	0.03332383454 	-0.008065189578 	-1.045948237e-07 	0.01398556136 	1.811811032e-07 	2.666036703e-05
0.4895583997 	0.03275050115 	-0.007924592703 	-1.141538033e-07 	0.01374241195 	1.980128842e-07 	2.619685668e-05
0.4900818274 	0.03214660129 	-0.007776709251 	-1.23893951e-07 	0.01348647342 	2.151842891e-07 	2.570896671e-05
0.4906150929 	0.03151237335 	-0.007621606929 	-1.337826796e-07 	0.01321785731 	2.326341251e-07 	2.519690975e-05
0.4911583811 	0.03084813337 	-0.007459368974 	-1.437844133e-07 	0.01293670805 	2.502929854e-07 	2.466096111e-05
0.4917118805 	0.03015428072 	-0.007290094178 	-1.538625002e-07 	0.01264320528 	2.68085325e-07 	2.410146327e-05
0.4922757829 	0.02943129778 	-0.007113895183 	-1.639816879e-07 	0.01233756362 	2.859325185e-07 	2.351882532e-05
0.4928502838 	0.02867974192 	-0.00693089461 	-1.741100499e-07 	0.01202002877 	3.037556158e-07 	2.291351564e-05
0.4934355824 	0.02790022969 	-0.006741219733 	-1.842176771e-07 	0.01169087196 	3.214732784e-07 	2.228605127e-05
0.4940318817 	0.02709341703 	-0.006545006059 	-1.942587888e-07 	0.01135040986 	3.389603322e-07 	2.163703588e-05
0.4946393885 	0.02625999742 	-0.006342377836 	-2.042023819e-07 	0.01099895814 	3.56143727e-07 	2.096707121e-05
0.4952583133 	0.02540076972 	-0.006133428635 	-2.140406657e-07 	0.01063677 	3.73026651e-07 	2.027663996e-05
0.4958888709 	0.02452030606 	-0.005919279528 	-2.223309253e-07 	0.01026575495 	3.872743121e-07 	1.956938215e-05
0.4965312797 	0.02362777226 	-0.005702330817 	-2.276481843e-07 	0.009889906212 	3.965435365e-07 	1.885291e-05
0.4971857627 	0.02273017426 	-0.005484321875 	-2.311748648e-07 	0.009512187161 	4.026883542e-07 	1.81328725e-05
0.4978525466 	0.02183151399 	-0.005266097868 	-2.337720384e-07 	0.009134186323 	4.070090998e-07 	1.741229785e-05
0.4985318627 	0.02093628716 	-0.005048630614 	-2.350034242e-07 	0.008757779019 	4.086908837e-07 	1.669476091e-05
0.4992239466 	0.02004999094 	-0.004833145881 	-2.345545568e-07 	0.008385282328 	4.072016273e-07 	1.598467869e-05
0.4999290382 	0.01917940451 	-0.004621197573 	-2.319757472e-07 	0.008019529 	4.018414979e-07 	1.528745119e-05
0.5006473819 	0.01833277647 	-0.004414757939 	-2.267604003e-07 	0.007664003143 	3.918202667e-07 	1.460972009e-05
0.501379227 	0.01751971144 	-0.004216192023 	-2.185767158e-07 	0.007322753181 	3.767297574e-07 	1.395920282e-05
0.502124827 	0.01675063965 	-0.004027563765 	-2.089010369e-07 	0.00699864274 	3.608148675e-07 	1.334135823e-05
0.5028844406 	0.01603544787 	-0.003851690777 	-1.930766856e-07 	0.006696541848 	3.311100966e-07 	1.276546997e-05
0.5036583311 	0.01538082522 	-0.003693064534 	-1.722402647e-07 	0.006426580064 	2.902052966e-07 	1.225084778e-05
0.5044467669 	0.01472258048 	-0.003536675264 	-1.956476845e-07 	0.006236615613 	1.127728442e-07 	1.188872274e-05
0.5052500214 	0.01396871246 	-0.003362006039 	-2.174750057e-07 	0.006179585594 	-2.135210494e-08 	1.178000767e-05
0.506068373 	0.0131182713 	-0.003164834838 	-1.983998066e-07 	0.006180362243 	-3.090272943e-09 	1.178148818e-05
0.507324668 	0.01220306156 	-0.002941517045 	-1.886407084e-07 	0.006181031906 	-8.418190268e-09 	1.178276474e-05
0.5085949819 	0.01132513819 	-0.002710028466 	-1.818446761e-07 	0.006202600147 	-1.686929052e-08 	1.18238798e-05
0.5098794711 	0.01057270143 	-0.002491440903 	-1.733651179e-07 	0.006241829176 	-3.578137831e-08 	1.189866124e-05
0.5111782938 	0.009936967923 	-0.002286202977 	-1.657813462e-07 	0.006299819346 	-5.240882316e-08 	1.200920662e-05
0.5124916099 	0.009408149024 	-0.002093404108 	-1.572469014e-07 	0.006371836061 	-6.543464619e-08 	1.214649049e-05
0.5138195812 	0.008979330288 	-0.001915237312 	-1.454931023e-07 	0.00645228123 	-7.394449984e-08 	1.229984134e-05
0.5151623712 	0.008640790199 	-0.001752142784 	-1.348695192e-07 	0.006540011008 	-8.433746051e-08 	1.246707868e-05
0.5165201452 	0.008374820319 	-0.001598131266 	-1.300566965e-07 	0.006640143464 	-9.877923504e-08 	1.265795897e-05
0.5178930705 	0.008167799102 	-0.001449729712 	-1.262638563e-07 	0.006751374614 	-1.095494955e-07 	1.286999646e-05
0.5192813161 	0.008011748116 	-0.001307731211 	-1.214259581e-07 	0.006867616641 	-1.151656921e-07 	1.309158607e-05
0.520685053 	0.007898321055 	-0.001171775311 	-1.172161935e-07 	0.006985018295 	-1.179646552e-07 	1.331538626e-05
0.522104454 	0.007820112619 	-0.001041037388 	-1.135967624e-07 	0.007101369015 	-1.189597595e-07 	1.353718307e-05
0.523539694 	0.007771123744 	-0.0009148173959 	-1.104822558e-07 	0.007215470547 	-1.188336801e-07 	1.37546923e-05
0.5249909497 	0.007746540688 	-0.0007925079838 	-1.078172391e-07 	0.007326539895 	-1.178517076e-07 	1.396642135e-05
0.5264583998 	0.007742506519 	-0.000673594321 	-1.055437674e-07 	0.007434060797 	-1.162430148e-07 	1.417138607e-05
0.527942225 	0.007755922081 	-0.0005576407278 	-1.036146805e-07 	0.007537712206 	-1.141736717e-07 	1.436897446e-05
0.5294426081 	0.007784287834 	-0.0004442772634 	-1.019894608e-07 	0.007637306547 	-1.11760923e-07 	1.455882896e-05
0.5309597337 	0.007825579371 	-0.0003331889259 	-1.006328258e-07 	0.007732745838 	-1.090865229e-07 	1.474076277e-05
0.5324937889 	0.007878149637 	-0.0002241067348 	-9.951397207e-08 	0.007823993012 	-1.062098893e-07 	1.491470525e-05
0.5340449624 	0.007940652307 	-0.0001168004569 	-9.860575083e-08 	0.007911048085 	-1.031670649e-07 	1.508065641e-05
0.5356134452 	0.008011981494 	-1.109404433e-05 	-9.789100718e-08 	0.007993939585 	-9.998546349e-08 	1.523867065e-05
0.5371994306 	0.008091221976 	9.318477099e-05 	-9.735450408e-08 	0.008072716035 	-9.669091059e-08 	1.538884046e-05
0.5388031139 	0.008177619228 	0.0001962306388 	-9.697012397e-08 	0.008147425289 	-9.329048894e-08 	1.553125706e-05
0.5404246925 	0.008270547893 	0.0002981691837 	-9.67182235e-08 	0.008218122449 	-8.979122478e-08 	1.56660255e-05
0.5420643661 	0.0083694822 	0.0003990854246 	-9.658800474e-08 	0.008284867737 	-8.620064346e-08 	1.579326057e-05
0.5437223366 	0.008473982264 	0.0004990759097 	-9.656758779e-08 	0.008347716428 	-8.251869822e-08 	1.591306764e-05
0.5453988083 	0.008583678631 	0.0005982247101 	-9.664658722e-08 	0.008406722933 	-7.874595763e-08 	1.602555044e-05
0.5470939875 	0.008698260304 	0.0006966049331 	-9.681572374e-08 	0.008461937289 	-7.488127667e-08 	1.613080435e-05
0.5488080831 	0.008817465043 	0.0007942800526 	-9.706650249e-08 	0.008513404897 	-7.092137048e-08 	1.622891591e-05
0.5505413061 	0.008941071488 	0.0008913050376 	-9.739143747e-08 	0.008561166264 	-6.686389728e-08 	1.631996235e-05
0.5522938699 	0.009068892591 	0.0009877270345 	-9.778323358e-08 	0.008605257049 	-6.270617048e-08 	1.640401164e-05
0.5540659904 	0.009200770384 	0.001083586286 	-9.823434846e-08 	0.008645707495 	-5.844228071e-08 	1.648112144e-05
0.5558578859 	0.009336571849 	0.001178917213 	-9.873823425e-08 	0.008682542522 	-5.406932675e-08 	1.655133923e-05
0.5576697768 	0.009476185024 	0.001273748452 	-9.928885959e-08 	0.008715782416 	-4.958401246e-08 	1.661470371e-05
0.5595018865 	0.009619515706 	0.001368102966 	-9.988022994e-08 	0.008745442771 	-4.498105532e-08 	1.667124459e-05
0.5613544406 	0.009766484985 	0.001461998649 	-1.005064456e-07 	0.008771534673 	-4.025647972e-08 	1.672098301e-05
0.563227667 	0.009917027053 	0.001555448675 	-1.01161473e-07 	0.008794065134 	-3.540614984e-08 	1.676393233e-05
0.5651217966 	0.01007108727 	0.001648461675 	-1.018392247e-07 	0.008813037326 	-3.042612266e-08 	1.68000986e-05
0.5670370626 	0.01022862048 	0.001741041886 	-1.025335419e-07 	0.008828450938 	-2.531270043e-08 	1.682948123e-05
0.5689737009 	0.01038958949 	0.001833189258 	-1.032381625e-07 	0.008840302551 	-2.006247418e-08 	1.68520737e-05
0.5709319499 	0.01055396378 	0.001924899531 	-1.039466833e-07 	0.008848586035 	-1.467237325e-08 	1.686786432e-05
0.5729120508 	0.01072171821 	0.002016164275 	-1.046525216e-07 	0.008853292974 	-9.139724357e-09 	1.687683705e-05
0.5749142474 	0.01089283192 	0.002106970907 	-1.053488769e-07 	0.008854413113 	-3.4623171e-09 	1.687897235e-05
0.5769387863 	0.01106728724 	0.002197302679 	-1.060286961e-07 	0.00885193483 	2.361522693e-09 	1.687424805e-05
0.5789859169 	0.01124506864 	0.002287138648 	-1.066846387e-07 	0.008845845657 	8.332849944e-09 	1.68626404e-05
0.5810558911 	0.01142616169 	0.002376453623 	-1.073090454e-07 	0.008836132832 	1.44520055e-08 	1.684412505e-05
0.583148964 	0.01161055201 	0.002465218097 	-1.078939068e-07 	0.008822783903 	2.071850694e-08 	1.681867828e-05
0.5852653933 	0.01179822423 	0.00255339816 	-1.084308339e-07 	0.008805787392 	2.713092196e-08 	1.678627821e-05
0.5874054395 	0.01198916085 	0.002640955406 	-1.089110288e-07 	0.008785133525 	3.368672072e-08 	1.67469062e-05
0.5895693664 	0.01218334105 	0.002727846818 	-1.093252556e-07 	0.008760815048 	4.038210311e-08 	1.670054842e-05
0.5917574402 	0.01238073939 	0.002814024655 	-1.096638108e-07 	0.008732828137 	4.721179599e-08 	1.664719759e-05
0.5939699306 	0.01258132443 	0.002899436322 	-1.099164925e-07 	0.008701173428 	5.416881557e-08 	1.658685492e-05
0.5962071099 	0.01278505716 	0.002984024239 	-1.100725679e-07 	0.008665857183 	6.124419036e-08 	1.651953234e-05
0.5984692536 	0.01299188922 	0.003067725709 	-1.101207378e-07 	0.008626892627 	6.84266422e-08 	1.644525507e-05
0.6007566404 	0.01320176095 	0.003150472782 	-1.100490981e-07 	0.008584301478 	7.570222794e-08 	1.63640645e-05
0.6030695519 	0.01341459907 	0.003232192125 	-1.09845099e-07 	0.008538115726 	8.305395584e-08 	1.627602162e-05
0.6054082729 	0.01363031414 	0.003312804906 	-1.094955063e-07 	0.008488379691 	9.046141328e-08 	1.618121091e-05
0.6077730914 	0.01384879744 	0.003392226691 	-1.089863772e-07 	0.008435152432 	9.790048663e-08 	1.607974497e-05
0.6101642987 	0.01406991747 	0.003470367368 	-1.083030783e-07 	0.008378510569 	1.053433344e-07 	1.597176983e-05
0.6125821893 	0.01429351579 	0.003547131117 	-1.074304102e-07 	0.008318551606 	1.127589193e-07 	1.585747138e-05
0.6150270608 	0.01451940212 	0.003622416439 	-1.063529772e-07 	0.008255397866 	1.201146287e-07 	1.57370828e-05
0.6174992144 	0.01474734841 	0.003696116285 	-1.050561357e-07 	0.008189201233 	1.273799695e-07 	1.561089362e-05
0.6199989545 	0.01497708173 	0.003768118282 	-1.035280981e-07 	0.008120148891 	1.345349754e-07 	1.547926066e-05
0.622526589 	0.01520827503 	0.003838305218 	-1.017656436e-07 	0.008048471149 	1.415874876e-07 	1.534262297e-05
0.625082429 	0.01544053843 	0.003906558513 	-9.97904555e-08 	0.00797445365 	1.486166774e-07 	1.520152504e-05
0.6276667894 	0.01567341444 	0.003972758798 	-9.766466778e-08 	0.007898427464 	1.559161055e-07 	1.5056598e-05
0.6302799884 	0.01590640656 	0.004036816589 	-9.561997946e-08 	0.007820783488 	1.640060554e-07 	1.4908587e-05
0.6329223478 	0.01613937843 	0.004098854434 	-9.434752177e-08 	0.007741840756 	1.740675277e-07 	1.475810022e-05
0.6355941931 	0.01637247336 	0.004158275209 	-9.260161959e-08 	0.007659273411 	1.915723089e-07 	1.460070391e-05
0.6382958531 	0.01660579053 	0.004215924815 	-9.485430566e-08 	0.007574911306 	1.992420328e-07 	1.443988629e-05
0.6410276607 	0.01684853652 	0.004275590801 	-1.053535492e-07 	0.007486875452 	2.023749224e-07 	1.427206548e-05
0.6437899523 	0.01703492609 	0.004322134101 	-7.430592243e-08 	0.007441679347 	8.426246988e-08 	1.418590914e-05
0.646583068 	0.01713595325 	0.004349874009 	-3.580800398e-08 	0.007459614681 	-4.358830186e-08 	1.422009888e-05
0.6494073518 	0.01721732992 	0.004374973209 	-3.545789609e-08 	0.007496558033 	-5.241583621e-08 	1.429052317e-05
0.6522631514 	0.01729845011 	0.004400001833 	-3.25264788e-08 	0.007535668962 	-5.283053706e-08 	1.436507947e-05
0.6551508186 	0.01737876223 	0.004423191343 	-2.825162552e-08 	0.007572154907 	-4.601346975e-08 	1.443463182e-05
0.658070709 	0.01745778906 	0.004444939909 	-2.65877186e-08 	0.007606832079 	-4.461865802e-08 	1.450073615e-05
0.6610231822 	0.01753504027 	0.004465570428 	-2.570701811e-08 	0.007640205268 	-4.374385933e-08 	1.456435473e-05
0.6640086017 	0.01761019966 	0.004485270059 	-2.531515517e-08 	0.007672309722 	-4.314695848e-08 	1.462555474e-05
0.6670273351 	0.01768308535 	0.004504216846 	-2.520780566e-08 	0.007703240662 	-4.274422458e-08 	1.468451771e-05
0.6700797543 	0.01775361024 	0.004522552146 	-2.521776822e-08 	0.007733107981 	-4.245038483e-08 	1.474145312e-05
0.6731662352 	0.01782173307 	0.004540376938 	-2.521925122e-08 	0.007762007651 	-4.217435364e-08 	1.479654392e-05
0.6762871577 	0.01788742501 	0.0045577593 	-2.515038565e-08 	0.007790014144 	-4.187347325e-08 	1.484993208e-05
0.6794429063 	0.01795066135 	0.004574736032 	-2.501159812e-08 	0.007817172831 	-4.155453946e-08 	1.490170409e-05
0.6826338695 	0.01801143683 	0.004591303343 	-2.484957561e-08 	0.00784348545 	-4.126200855e-08 	1.495186325e-05
0.6858604404 	0.01806979348 	0.004607402225 	-2.473368412e-08 	0.007868894504 	-4.105914396e-08 	1.500029997e-05
0.6891230163 	0.01812584332 	0.004622910054 	-2.473782795e-08 	0.00789327691 	-4.101318171e-08 	1.504677961e-05
0.6924219988 	0.01817976739 	0.004637651255 	-2.493026596e-08 	0.007916458025 	-4.118522977e-08 	1.509096926e-05
0.6957577944 	0.01823177664 	0.004651436634 	-2.535092851e-08 	0.007938253946 	-4.16049635e-08 	1.513251835e-05
0.6991308138 	0.01828202892 	0.004664134173 	-2.59501121e-08 	0.007958543272 	-4.220894741e-08 	1.517119544e-05
0.7025414724 	0.01833051089 	0.004675762922 	-2.650791301e-08 	0.007977357947 	-4.27690304e-08 	1.520706144e-05
0.7059901901 	0.01837691887 	0.004686583082 	-2.662988882e-08 	0.007994967142 	-4.289827303e-08 	1.524062946e-05
0.7094773917 	0.01842060636 	0.004697127558 	-2.594140258e-08 	0.008011901485 	-4.22549406e-08 	1.527291102e-05
0.7130035066 	0.01846068962 	0.004708095806 	-2.444836391e-08 	0.008028828254 	-4.088556136e-08 	1.530517815e-05
0.7165689691 	0.0184963966 	0.004719938899 	-2.312092995e-08 	0.008045859108 	-4.046586764e-08 	1.533764369e-05
0.7201742182 	0.01852748964 	0.004732874322 	-2.199123607e-08 	0.008063368264 	-3.890047026e-08 	1.537102101e-05
0.7238196978 	0.01855445215 	0.00474658176 	-2.194392119e-08 	0.008082136894 	-3.738309255e-08 	1.540679923e-05
0.727505857 	0.01856239128 	0.004755281372 	-3.260971675e-08 	0.008112720051 	-1.152010116e-08 	1.546509923e-05
0.7312331497 	0.01853978426 	0.004754297839 	-3.96130916e-08 	0.008162789196 	3.839981585e-09 	1.556054494e-05
0.7350020349 	0.01851294462 	0.004750732305 	-3.560868944e-08 	0.008213642056 	-9.034505439e-09 	1.565748462e-05
0.7387709215 	0.01849617873 	0.004749043934 	-3.492952071e-08 	0.00825451327 	-1.426979945e-08 	1.573539652e-05
0.7424982157 	0.01847992881 	0.004746744781 	-3.510259076e-08 	0.008290861462 	-1.824433255e-08 	1.580468627e-05
0.7461843763 	0.01846229602 	0.004743618516 	-3.510275151e-08 	0.00832438173 	-1.920492193e-08 	1.586858522e-05
0.7498298574 	0.01844249468 	0.004739846756 	-3.549664619e-08 	0.008356607836 	-1.976085608e-08 	1.593001714e-05
0.7534351078 	0.0184202974 	0.004735330253 	-3.600094217e-08 	0.008387637728 	-2.026462169e-08 	1.598916873e-05
0.7570005716 	0.01839571354 	0.00473006796 	-3.649404327e-08 	0.008417545594 	-2.091959066e-08 	1.604618144e-05
0.7605266877 	0.0183687854 	0.004724064176 	-3.692276312e-08 	0.008446382153 	-2.179347999e-08 	1.610115193e-05
0.7640138905 	0.01833958538 	0.004717330347 	-3.728413952e-08 	0.008474168361 	-2.284470587e-08 	1.615412017e-05
0.7674626093 	0.01830820925 	0.004709886938 	-3.760121528e-08 	0.00850090522 	-2.40069218e-08 	1.620508805e-05
0.770873269 	0.0182747659 	0.004701759789 	-3.789577414e-08 	0.008526579666 	-2.522949565e-08 	1.625403068e-05
0.7742462894 	0.01823936891 	0.004692977229 	-3.817811202e-08 	0.00855117202 	-2.648881399e-08 	1.630091055e-05
0.777582086 	0.01820213158 	0.004683568197 	-3.844846239e-08 	0.008574660488 	-2.778019854e-08 	1.634568609e-05
0.7808810695 	0.01816316527 	0.004673561577 	-3.870262074e-08 	0.008597022936 	-2.91053939e-08 	1.638831514e-05
0.7841436462 	0.01812257924 	0.004662986217 	-3.89365384e-08 	0.008618237343 	-3.046441876e-08 	1.642875569e-05
0.787370218 	0.01808048079 	0.004651871119 	-3.914822728e-08 	0.008638281966 	-3.18531638e-08 	1.646696631e-05
0.7905611821 	0.01803697513 	0.004640245507 	-3.93376409e-08 	0.008657135696 	-3.326451072e-08 	1.650290676e-05
0.7937169314 	0.01799216492 	0.004628138731 	-3.950577361e-08 	0.008674778598 	-3.469038597e-08 	1.653653904e-05
0.7968378547 	0.0179461498 	0.004615580091 	-3.965384144e-08 	0.008691192493 	-3.612327531e-08 	1.656782848e-05
0.7999243362 	0.01789902599 	0.004602598641 	-3.978284572e-08 	0.008706361443 	-3.755684838e-08 	1.659674472e-05
0.8029767561 	0.01785088603 	0.004589223027 	-3.989346294e-08 	0.008720272078 	-3.898595997e-08 	1.662326225e-05
0.8059954902 	0.01780181868 	0.004575481345 	-3.998613137e-08 	0.008732913794 	-4.040634031e-08 	1.664736088e-05
0.8089809102 	0.01775190925 	0.004561401142 	-4.006116138e-08 	0.008744278615 	-4.18143028e-08 	1.666902539e-05
0.8119333839 	0.01770124008 	0.004547009492 	-4.011877233e-08 	0.008754360924 	-4.320663797e-08 	1.668824507e-05
0.8148532749 	0.01764989051 	0.004532332888 	-4.015912997e-08 	0.00876315757 	-4.458051406e-08 	1.670501392e-05
0.8177409426 	0.017597937 	0.004517397204 	-4.018236636e-08 	0.008770667858 	-4.593340789e-08 	1.671933062e-05
0.8205967427 	0.01754545353 	0.004502227761 	-4.018855864e-08 	0.008776893326 	-4.726310624e-08 	1.673119809e-05
0.8234210268 	0.01749251199 	0.004486849366 	-4.017771137e-08 	0.008781837547 	-4.856770128e-08 	1.674062315e-05
0.8262141429 	0.01743918252 	0.004471286355 	-4.014974355e-08 	0.008785505933 	-4.98455824e-08 	1.674761611e-05
0.8289764348 	0.01738553386 	0.00445556264 	-4.010447931e-08 	0.008787905555 	-5.109541706e-08 	1.675219046e-05
0.8317082427 	0.01733163369 	0.004439701769 	-4.004164272e-08 	0.008789044968 	-5.231612655e-08 	1.67543625e-05
0.8344099031 	0.017277549 	0.004423726987 	-3.996085504e-08 	0.00878893403 	-5.350685954e-08 	1.675415102e-05
0.8370817486 	0.01722334639 	0.004407661304 	-3.986163362e-08 	0.008787583744 	-5.46669656e-08 	1.6751577e-05
0.8397241082 	0.01716909248 	0.004391527561 	-3.974339149e-08 	0.008785006094 	-5.579596973e-08 	1.674666328e-05
0.8423373074 	0.01711485416 	0.004375348505 	-3.960543721e-08 	0.008781213905 	-5.68935485e-08 	1.673943431e-05
0.844921668 	0.01706069899 	0.004359146864 	-3.94469751e-08 	0.008776220707 	-5.795950725e-08 	1.672991589e-05
0.8474775082 	0.01700669547 	0.00434294542 	-3.926710574e-08 	0.008770040618 	-5.899375842e-08 	1.671813493e-05
0.8500051427 	0.01695291338 	0.004326767085 	-3.906482678e-08 	0.008762688237 	-5.999630026e-08 	1.670411924e-05
0.8525048829 	0.01689942411 	0.004310634974 	-3.883903439e-08 	0.008754178551 	-6.096719588e-08 	1.668789742e-05
0.8549770366 	0.0168463009 	0.004294572485 	-3.858852505e-08 	0.008744526861 	-6.19065526e-08 	1.666949861e-05
0.8574219081 	0.01679361923 	0.004278603366 	-3.831199792e-08 	0.008733748717 	-6.281450124e-08 	1.664895248e-05
0.8598397987 	0.01674145703 	0.004262751793 	-3.800805773e-08 	0.00872185987 	-6.369117545e-08 	1.662628903e-05
0.862231006 	0.01668989506 	0.004247042439 	-3.76752181e-08 	0.008708876232 	-6.453669125e-08 	1.66015386e-05
0.8645958245 	0.01663901716 	0.004231500544 	-3.731190519e-08 	0.008694813861 	-6.535112654e-08 	1.657473182e-05
0.8669345455 	0.01658891058 	0.004216151986 	-3.691646177e-08 	0.008679688948 	-6.613450077e-08 	1.654589953e-05
0.8692474569 	0.01653966628 	0.004201023345 	-3.648715157e-08 	0.008663517823 	-6.688675466e-08 	1.651507287e-05
0.8715348435 	0.01649137924 	0.00418614197 	-3.602216393e-08 	0.008646316974 	-6.760773002e-08 	1.648228327e-05
0.8737969871 	0.0164441488 	0.004171536044 	-3.551961867e-08 	0.008628103077 	-6.82971495e-08 	1.644756252e-05
0.8760341663 	0.01639807899 	0.004157234646 	-3.497757125e-08 	0.008608893039 	-6.89545963e-08 	1.641094285e-05
0.8782466565 	0.01635327886 	0.004143267809 	-3.439401804e-08 	0.008588704058 	-6.957949374e-08 	1.637245704e-05
0.8804347301 	0.01630986286 	0.004129666584 	-3.376690187e-08 	0.008567553696 	-7.01710845e-08 	1.633213857e-05
0.8825986568 	0.01626795121 	0.004116463095 	-3.309411781e-08 	0.008545459959 	-7.072840936e-08 	1.629002177e-05
0.8847387028 	0.01622767031 	0.004103690599 	-3.237351911e-08 	0.008522441403 	-7.125028532e-08 	1.6246142e-05
0.8868551318 	0.01618915311 	0.004091383537 	-3.16029234e-08 	0.008498517245 	-7.173528258e-08 	1.620053591e-05
0.8889482045 	0.01615253959 	0.004079577592 	-3.078011919e-08 	0.008473707502 	-7.218170022e-08 	1.615324164e-05
0.8910181784 	0.01611797721 	0.00406830974 	-2.990287274e-08 	0.008448033141 	-7.258753998e-08 	1.610429918e-05
0.8930653087 	0.01608562138 	0.004057618304 	-2.896893526e-08 	0.008421516253 	-7.295047761e-08 	1.605375062e-05
0.8950898473 	0.01605563596 	0.004047543002 	-2.797605066e-08 	0.008394180253 	-7.326783102e-08 	1.60016406e-05
0.8970920436 	0.0160281938 	0.004038124997 	-2.6921964e-08 	0.008366050104 	-7.353652421e-08 	1.594801672e-05
0.8990721441 	0.01600347732 	0.004029406946 	-2.580443061e-08 	0.008337152578 	-7.375304593e-08 	1.589293001e-05
0.9010303927 	0.01598167903 	0.004021433042 	-2.462122627e-08 	0.008307516552 	-7.39134016e-08 	1.58364355e-05
0.9029670306 	0.01596300218 	0.004014249059 	-2.337015862e-08 	0.008277173351 	-7.401305656e-08 	1.577859293e-05
0.9048822962 	0.01594766133 	0.004007902392 	-2.204908e-08 	0.008246157149 	-7.404686862e-08 	1.571946743e-05
0.9067764254 	0.01593588302 	0.004002442092 	-2.06559022e-08 	0.008214505427 	-7.400900672e-08 	1.565913045e-05
0.9086496514 	0.01592790634 	0.0039979189 	-1.918861336e-08 	0.008182259524 	-7.389285239e-08 	1.559766079e-05
0.910502205 	0.01592398356 	0.003994385267 	-1.764529765e-08 	0.008149465277 	-7.369087881e-08 	1.553514585e-05
0.9123343142 	0.01592438072 	0.003991895379 	-1.602415827e-08 	0.008116173791 	-7.339450124e-08 	1.547168302e-05
0.9141462048 	0.01592937811 	0.00399050516 	-1.432354468e-08 	0.008082442355 	-7.299389012e-08 	1.540738153e-05
0.9159380997 	0.01593927074 	0.00399027227 	-1.254198489e-08 	0.008048335554 	-7.247773497e-08 	1.534236448e-05
0.9177102197 	0.01595436861 	0.003991256089 	-1.06782247e-08 	0.008013926616 	-7.183294274e-08 	1.527677149e-05
0.9194627831 	0.01597499685 	0.003993517675 	-8.73127545e-09 	0.007979299067 	-7.104424957e-08 	1.521076175e-05
0.9211960055 	0.01600149548 	0.003997119707 	-6.700473046e-09 	0.007944548766 	-7.009371795e-08 	1.514451802e-05
0.9229101006 	0.01603421896 	0.004002126386 	-4.585551149e-09 	0.007909786441 	-6.89600867e-08 	1.507825137e-05
0.9246052793 	0.01607353501 	0.004008603313 	-2.386730884e-09 	0.007875140865 	-6.76179403e-08 	1.501220727e-05
0.9262817504 	0.01611982293 	0.004016617297 	-1.048269695e-10 	0.007840762855 	-6.603667645e-08 	1.494667323e-05
0.9279397204 	0.01617347076 	0.004026236115 	2.258636865e-09 	0.007806830351 	-6.417929022e-08 	1.488198845e-05
0.9295793934 	0.01623487128 	0.004037528183 	4.701326312e-09 	0.007773554902 	-6.200108441e-08 	1.481855619e-05
0.9312009714 	0.01630441622 	0.004050562122 	7.22006022e-09 	0.00774118994 	-5.944859574e-08 	1.475685958e-05
0.9328046541 	0.01638248828 	0.004065406193 	9.81093709e-09 	0.007710041396 	-5.645929651e-08 	1.46974818e-05
0.9343906389 	0.01646945028 	0.004082127582 	1.246983419e-08 	0.007680481297 	-5.296286135e-08 	1.464113203e-05
0.9359591211 	0.01656563064 	0.004100791467 	1.519339852e-08 	0.007652965072 	-4.888515338e-08 	1.458867846e-05
0.937510294 	0.01667130449 	0.004121460025 	1.798117484e-08 	0.007628054038 	-4.415364641e-08 	1.45411911e-05
0.9390443485 	0.01678667424 	0.004144194249 	2.084331746e-08 	0.007606445203 	-3.869939805e-08 	1.449999866e-05
0.9405614735 	0.01691186064 	0.00416905306 	2.379742733e-08 	0.007588979121 	-3.2494704e-08 	1.446670345e-05
0.942061856 	0.01704695975 	0.004196122682 	2.691982542e-08 	0.007576643096 	-2.550877655e-08 	1.444318756e-05
0.9435456805 	0.01719260123 	0.004225707449 	3.058412621e-08 	0.007570348984 	-1.794606971e-08 	1.443118923e-05
0.9450131299 	0.01735054689 	0.004257535657 	3.378860587e-08 	0.007568102549 	-1.413274784e-08 	1.44269069e-05
0.946464385 	0.01752486169 	0.004292672883 	3.893779718e-08 	0.007568725726 	-1.118605788e-08 	1.442809485e-05
0.9478996243 	0.01773369255 	0.0043358427 	5.056000727e-08 	0.007563058334 	-2.16922785e-08 	1.441729123e-05
0.9493190246 	0.01794228103 	0.004379189435 	4.741343569e-08 	0.007577703402 	1.490287902e-08 	1.44452088e-05
0.9507227608 	0.01812551114 	0.004417089247 	3.96642954e-08 	0.007633687228 	7.081211478e-08 	1.455192953e-05
0.9521110058 	0.01832082575 	0.004458566594 	4.726982012e-08 	0.007709635207 	8.592362105e-08 	1.469670749e-05
0.9534839303 	0.01854246525 	0.004506957553 	5.514204272e-08 	0.007798426066 	1.00369389e-07 	1.486596754e-05
0.9548417036 	0.01879350162 	0.004562390476 	6.264274849e-08 	0.007899101563 	1.126811418e-07 	1.505788302e-05
0.9561844929 	0.01907653912 	0.004625795151 	7.134052753e-08 	0.008013262886 	1.274580611e-07 	1.527550623e-05
0.9575124634 	0.01939384788 	0.004697950442 	8.048008639e-08 	0.0081422685 	1.429101483e-07 	1.552142679e-05
0.9588257788 	0.01974720215 	0.004779352046 	8.981344903e-08 	0.008286914211 	1.586423928e-07 	1.579716172e-05
0.9601246008 	0.02013771938 	0.004870297679 	9.911777165e-08 	0.008447678428 	1.743102125e-07 	1.610362299e-05
0.9614090893 	0.02056573107 	0.004970860195 	1.08166431e-07 	0.008624659453 	1.895426048e-07 	1.644099802e-05
0.9626794024 	0.02103067378 	0.005080934011 	1.167296346e-07 	0.008817713866 	2.039442685e-07 	1.680901339e-05
0.9639356968 	0.02148727673 	0.005189700201 	1.239600052e-07 	0.009008024287 	2.160719361e-07 	1.717179794e-05
0.9647540487 	0.02187808344 	0.005283194782 	1.292806683e-07 	0.009171262092 	2.249732472e-07 	1.748297457e-05
0.9655573034 	0.0222346692 	0.005368764406 	1.334757245e-07 	0.00932035615 	2.319823562e-07 	1.776718928e-05
0.9663457395 	0.02259923612 	0.005456506387 	1.37137803e-07 	0.009473038601 	2.380814633e-07 	1.805824447e-05
0.9671196303 	0.02297030813 	0.00554606369 	1.402395975e-07 	0.009628714377 	2.432214428e-07 	1.835500577e-05
0.9678792442 	0.02334634973 	0.005637033403 	1.427662053e-07 	0.009786676704 	2.473767347e-07 	1.865612586e-05
0.9686248445 	0.02372579779 	0.005729022876 	1.447160722e-07 	0.009946252159 	2.505446407e-07 	1.896032103e-05
0.9693566897 	0.02410709914 	0.005821645351 	1.460949695e-07 	0.01010677977 	2.52734936e-07 	1.926633128e-05
0.9700750337 	0.02448872708 	0.00591452048 	1.469128133e-07 	0.01026760866 	2.539640572e-07 	1.957291584e-05
0.9707801255 	0.02486919071 	0.006007276804 	1.471850789e-07 	0.01042810265 	2.542580403e-07 	1.987886198e-05
0.9714722095 	0.02524704678 	0.00609955481 	1.469314297e-07 	0.01058764589 	2.536506449e-07 	2.018299575e-05
0.9721515258 	0.025620909 	0.006191009057 	1.461749502e-07 	0.01074564677 	2.521818549e-07 	2.048418934e-05
0.9728183099 	0.02598945537 	0.006281309747 	1.449417015e-07 	0.01090154072 	2.498970103e-07 	2.078136653e-05
0.9734727929 	0.02635143364 	0.006370143933 	1.432601679e-07 	0.01105479244 	2.468458136e-07 	2.107350691e-05
0.9741152019 	0.02670566516 	0.006457216367 	1.411607178e-07 	0.01120489747 	2.430813519e-07 	2.135964881e-05
0.9747457596 	0.02705104719 	0.006542250017 	1.386751168e-07 	0.01135138311 	2.386591901e-07 	2.163889116e-05
0.9753646845 	0.02738655394 	0.006624986309 	1.358360964e-07 	0.01149380887 	2.336365492e-07 	2.191039425e-05
0.9759721914 	0.02771123633 	0.006705185087 	1.326769654e-07 	0.01163176638 	2.280715605e-07 	2.217337961e-05
0.9765684907 	0.02802422066 	0.006782624353 	1.292312514e-07 	0.01176487887 	2.220225861e-07 	2.242712901e-05
0.9771537895 	0.0283247064 	0.006857099786 	1.255323643e-07 	0.01189280028 	2.155475992e-07 	2.267098277e-05
0.9777282904 	0.02861196302 	0.006928424073 	1.216132771e-07 	0.01201521402 	2.087036184e-07 	2.290433738e-05
0.9782921928 	0.02888532619 	0.006996426062 	1.175062281e-07 	0.0121318314 	2.015461979e-07 	2.312664251e-05
0.9788456922 	0.02914419327 	0.007060949756 	1.132424455e-07 	0.01224238981 	1.941289777e-07 	2.333739758e-05
0.9793889805 	0.02938801823 	0.00712185317 	1.088519038e-07 	0.01234665068 	1.865032976e-07 	2.353614777e-05
0.979922246 	0.02961630612 	0.007179007048 	1.043631172e-07 	0.01244439716 	1.78717881e-07 	2.372247973e-05
0.9804456737 	0.02982860708 	0.007232293476 	9.980297527e-08 	0.0125354317 	1.708185911e-07 	2.389601686e-05
0.9809594451 	0.03002451002 	0.007281604388 	9.519662316e-08 	0.01261957338 	1.628482583e-07 	2.40564143e-05
0.9814637383 	0.03020363597 	0.007326839992 	9.056738682e-08 	0.01269665523 	1.548465777e-07 	2.420335371e-05
0.9819587281 	0.03036563119 	0.007367907113 	8.593673922e-08 	0.01276652125 	1.468500675e-07 	2.433653777e-05
0.9824445862 	0.03051016004 	0.007404717486 	8.132430368e-08 	0.01282902354 	1.388920846e-07 	2.445568451e-05
0.9829214811 	0.0306368977 	0.007437185987 	7.674788793e-08 	0.01288401916 	1.310028852e-07 	2.456052145e-05
0.9833895781 	0.03074552266 	0.007465228814 	7.222354313e-08 	0.01293136705 	1.232097244e-07 	2.465077968e-05
0.9838490396 	0.03083570912 	0.007488761634 	6.776564177e-08 	0.01297092474 	1.155369859e-07 	2.472618764e-05
0.9843000247 	0.03090711912 	0.007507697681 	6.338696963e-08 	0.01300254515 	1.080063352e-07 	2.478646492e-05
0.98474269 	0.03095939462 	0.007521945807 	5.909882738e-08 	0.01302607315 	1.006368902e-07 	2.483131582e-05
0.9851771888 	0.03099214933 	0.007531408496 	5.491113857e-08 	0.01304134216 	9.344540451e-08 	2.48604228e-05
0.9856036719 	0.03100496034 	0.00753597982 	5.083256114e-08 	0.0130481706 	8.644645858e-08 	2.487343971e-05
0.9860222871 	0.03099735949 	0.007535543339 	4.687060048e-08 	0.01304635824 	7.965265533e-08 	2.486998485e-05
0.9864331796 	0.03096882459 	0.00752996995 	4.303172191e-08 	0.01303568248 	7.307481688e-08 	2.484963388e-05
0.9868364919 	0.03091877027 	0.007519115665 	3.932146089e-08 	0.01301589445 	6.672217866e-08 	2.481191241e-05
0.9872323637 	0.03084653863 	0.007502819345 	3.574452891e-08 	0.01298671511 	6.060257745e-08 	2.475628847e-05
0.9876209323 	0.03075138968 	0.00748090038 	3.230491289e-08 	0.01294783111 	5.472262958e-08 	2.468216475e-05
0.9880023326 	0.03063249165 	0.00745315636 	2.900596534e-08 	0.01289889072 	4.908789462e-08 	2.458887077e-05
0.9883766967 	0.03048891134 	0.007419360779 	2.585048145e-08 	0.01283949976 	4.370301798e-08 	2.44756551e-05
0.9887441544 	0.03031960478 	0.007379260874 	2.284075782e-08 	0.01276921772 	3.857184442e-08 	2.434167799e-05
0.9891048331 	0.03012340855 	0.007332575603 	1.997862798e-08 	0.01268755397 	3.36974968e-08 	2.418600419e-05
0.9894588579 	0.02989903258 	0.007278992933 	1.726548397e-08 	0.0125939616 	2.908245837e-08 	2.400759113e-05
0.9898063516 	0.0296450542 	0.007218170179 	1.470217852e-08 	0.01248783903 	2.472838529e-08 	2.380529201e-05
0.9901474347 	0.0293599136 	0.007149737652 	1.228886086e-08 	0.01236853993 	2.063582491e-08 	2.357787477e-05
0.9904822253 	0.02904152886 	0.007073204534 	1.00264131e-08 	0.01223519337 	1.680826401e-08 	2.332367915e-05
0.9908108397 	0.02868711455 	0.006987909489 	7.915740743e-09 	0.012086609 	1.325052317e-08 	2.304043606e-05
0.9911333916 	0.02829409743 	0.006893242999 	5.954129839e-09 	0.01192169295 	9.959286908e-09 	2.272606024e-05
0.9914499931 	0.02786062143 	0.00678877132 	4.136808309e-09 	0.01173967355 	6.925833737e-09 	2.237908066e-05
0.9917607538 	0.0273850538 	0.006674114152 	2.45767245e-09 	0.01153986874 	4.138805212e-09 	2.199819715e-05
0.9920657815 	0.02686563471 	0.006548862428 	9.077581785e-10 	0.01132153445 	1.581786559e-09 	2.158199132e-05
0.9923651819 	0.02630037024 	0.006412557889 	-5.229924796e-10 	0.01108382735 	-7.634219606e-10 	2.112885553e-05
0.992659059 	0.02568697953 	0.006264683694 	-1.843886482e-09 	0.01082578248 	-2.913349542e-09 	2.063695028e-05
0.9929475145 	0.02502290048 	0.00610467925 	-3.062164688e-09 	0.01054634103 	-4.880517939e-09 	2.010425721e-05
0.9932306485 	0.02430534369 	0.005931975172 	-4.182385869e-09 	0.01024441815 	-6.672469515e-09 	1.952870829e-05
0.9935085592 	0.02353138751 	0.005745907231 	-5.206082938e-09 	0.009918618849 	-8.29105353e-09 	1.890764426e-05
0.9937813429 	0.02277168645 	0.005563492253 	-6.059034424e-09 	0.0095984919 	-9.618390972e-09 	1.829739332e-05
0.9939569055 	0.02211587472 	0.005406329367 	-6.691676816e-09 	0.009322136199 	-1.058615905e-08 	1.777058255e-05
0.9941324681 	0.02150240281 	0.005254918775 	-7.09008475e-09 	0.009063826518 	-1.135976821e-08 	1.72781725e-05
0.9943080307 	0.0208512161 	0.005090615494 	-7.290762872e-09 	0.008789589125 	-1.205046863e-08 	1.675539981e-05
0.9944835934 	0.02016022094 	0.004918393182 	-7.449014555e-09 	0.008498472975 	-1.265113028e-08 	1.620045152e-05
0.994659156 	0.01942751357 	0.004737643423 	-7.630774297e-09 	0.008189749275 	-1.315830934e-08 	1.561193834e-05
0.9948347186 	0.01865130256 	0.00454734506 	-7.809721323e-09 	0.007862673268 	-1.356896232e-08 	1.498844057e-05
0.9950102812 	0.01782995071 	0.004346662026 	-7.963964103e-09 	0.007516551734 	-1.387930402e-08 	1.432863672e-05
0.9951858439 	0.01696209022 	0.004134965929 	-8.076262446e-09 	0.007150807189 	-1.408454759e-08 	1.363142597e-05
0.9953614065 	0.01604679005 	0.003911851212 	-8.133747893e-09 	0.0067650471 	-1.417893704e-08 	1.289606002e-05
0.9955369691 	0.01508377331 	0.003677154957 	-8.127120388e-09 	0.006359154007 	-1.415595525e-08 	1.212231497e-05
0.9957125317 	0.01407368845 	0.003430991245 	-8.049579622e-09 	0.005933400121 	-1.400860601e-08 	1.131070973e-05
0.9958880943 	0.01301843816 	0.00317381071 	-7.895785945e-09 	0.005488597163 	-1.372952468e-08 	1.046279167e-05
0.996063657 	0.0119215676 	0.00290647927 	-7.661513486e-09 	0.005026258416 	-1.331201571e-08 	9.581445516e-06
0.9962392196 	0.01078870407 	0.002630352638 	-7.344308045e-09 	0.004548714635 	-1.275269732e-08 	8.671114345e-06
0.9964147822 	0.009628039995 	0.002347196361 	-6.948603986e-09 	0.004058779729 	-1.206564646e-08 	7.737162243e-06
0.9965903448 	0.008450643136 	0.002060143142 	-6.455127049e-09 	0.003562318307 	-1.119601464e-08 	6.790768789e-06
0.9967659075 	0.007270831627 	0.001773101652 	-5.874362952e-09 	0.003066520005 	-1.016808191e-08 	5.845639424e-06
0.9969414701 	0.006024063284 	0.001473723833 	-5.771044149e-09 	0.002641504924 	-7.206177737e-09 	5.035442553e-06
0.9971170327 	0.004730171105 	0.00116067512 	-5.553953537e-09 	0.002295023887 	-4.932385179e-09 	4.374953398e-06
0.9972925953 	0.003535930884 	0.0008594594442 	-4.624672412e-09 	0.001944492592 	-5.082582622e-09 	3.706743323e-06
0.997468158 	0.002514443086 	0.000591222803 	-3.554459748e-09 	0.001573112521 	-4.892657937e-09 	2.99878969e-06
0.9976437206 	0.001692173188 	0.0003711879408 	-2.463811288e-09 	0.001199025521 	-4.331217906e-09 	2.285675894e-06
0.9978192832 	0.001071696561 	0.0002084880572 	-1.50217416e-09 	0.0008486115479 	-3.450261819e-09 	1.61768947e-06
0.9979948458 	0.0006330639077 	0.0001022862821 	-7.853690721e-10 	0.0005485200718 	-2.43426425e-09 	1.04563171e-06
0.9981704085 	0.0003428238381 	4.246847161e-05 	-3.411514069e-10 	0.0003169885753 	-1.492439797e-09 	6.04268327e-07
0.9983459711 	0.0001646501354 	1.423220067e-05 	-1.176822856e-10 	0.0001586042645 	-7.737375825e-10 	3.023438099e-07
0.9985215337 	6.598928933e-05 	3.556983013e-06 	-2.989608158e-11 	6.497684105e-05 	-3.228638435e-10 	1.238639184e-07
0.9986970963 	1.97257675e-05 	5.736013393e-07 	-4.859666676e-12 	1.961127284e-05 	-9.820949376e-11 	3.73845367e-08
0.998872659 	3.532033122e-06 	4.402655164e-08 	-3.742662069e-13 	3.522848689e-06 	-1.768534827e-11 	6.715528726e-09
0.9990482216 	3.641044211e-07 	1.161971929e-09 	-9.893012159e-15 	3.633955925e-07 	-1.825109103e-12 	6.927329998e-10
0.9990482216 	3.641044211e-07 	1.161971929e-09 	-9.893012159e-15 	3.633955925e-07 	-1.825109103e-12 	6.927329998e-10
