5.285597238e-21 	0.004388657485 	-1.792869124e-16 	-1.032325243e-23 	7.324289278e-30 	4.217289822e-37 	2.428294783e-44
9.777528212e-19 	0.00501777462 	0.0001847499636 	-8.470329473e-22 	0.001689409828 	-6.776263578e-21 	3.22048468e-06
0.001074327146 	0.005079012511 	0.0002640258442 	-1.150059152e-05 	0.002417087289 	-0.0001051300849 	4.607640167e-06
0.002146986776 	0.005418944823 	0.0001651633971 	-6.755915686e-06 	0.002635333468 	-0.0001102818086 	5.023678043e-06
0.003217959715 	0.006556492989 	0.0001679258432 	-6.150791088e-06 	0.003630687983 	-0.0001377382564 	6.921100394e-06
0.004287226928 	0.008228085849 	-0.0003595807587 	1.175917939e-05 	0.005182714225 	-0.0001736525193 	9.879693774e-06
0.005354769522 	0.009565978778 	-0.001246928688 	3.55325457e-05 	0.006607382121 	-0.0001946447519 	1.259550675e-05
0.006420568743 	0.01026605084 	-0.001881458936 	4.294484605e-05 	0.007437653373 	-0.000191016706 	1.417823452e-05
0.007484605976 	0.01058417479 	-0.002221785638 	4.041864914e-05 	0.007789776301 	-0.0001734796694 	1.484947869e-05
0.008546862746 	0.0106757454 	-0.002347061828 	3.614275045e-05 	0.007876794518 	-0.0001525384185 	1.501535959e-05
0.009607320712 	0.01071224592 	-0.002388381174 	3.123032515e-05 	0.007844672674 	-0.0001326839786 	1.495412643e-05
0.01066596167 	0.01072431063 	-0.002390740802 	2.64948756e-05 	0.007767116309 	-0.0001151313472 	1.480628244e-05
0.01172276756 	0.0107238886 	-0.002383088495 	2.240614803e-05 	0.007678622536 	-9.969232806e-05 	1.463758872e-05
0.01277772044 	0.01071577327 	-0.002378494205 	1.905600953e-05 	0.007594744971 	-8.589917823e-05 	1.447769476e-05
0.01383080251 	0.01070298362 	-0.00237883707 	1.627000034e-05 	0.007520613711 	-7.335070972e-05 	1.433637998e-05
0.01488199612 	0.01068721713 	-0.002382673634 	1.385020204e-05 	0.007457252524 	-6.178162436e-05 	1.421559595e-05
0.01593128371 	0.01066960607 	-0.002388025631 	1.164606945e-05 	0.007403782497 	-5.101623916e-05 	1.411366721e-05
0.0169786479 	0.01065096847 	-0.002393174028 	9.554670664e-06 	0.007358578505 	-4.092863695e-05 	1.402749584e-05
0.01802407142 	0.01063190242 	-0.002396929344 	7.511773451e-06 	0.00731996468 	-3.142287318e-05 	1.395388716e-05
0.01906753711 	0.01061282113 	-0.002398691897 	5.484391739e-06 	0.007286510998 	-2.242364972e-05 	1.389011514e-05
0.02010902796 	0.01059396488 	-0.002398370067 	3.463094903e-06 	0.007257118761 	-1.387182451e-05 	1.383408537e-05
0.02114852709 	0.01057542636 	-0.002396212993 	1.453402366e-06 	0.00723099725 	-5.721216695e-06 	1.378429051e-05
0.02190656462 	0.01056216689 	-0.00239406961 	8.530692673e-07 	0.00721454313 	-2.228699171e-06 	1.375292439e-05
0.02213602389 	0.01054922906 	-0.002387042023 	5.396929973e-07 	0.007197866704 	-1.775452094e-06 	1.372113448e-05
0.02298658729 	0.01050213669 	-0.002364716297 	2.419875057e-06 	0.00714410262 	-8.096586435e-06 	1.36186452e-05
0.02383601527 	0.01045587459 	-0.002345906208 	4.121866384e-06 	0.007097265724 	-1.402807193e-05 	1.352936105e-05
0.02468429274 	0.01041034572 	-0.002330243165 	5.662338739e-06 	0.007056565143 	-1.960435218e-05 	1.345177443e-05
0.0255314047 	0.01036548107 	-0.002317413468 	7.05593197e-06 	0.007021323961 	-2.485578531e-05 	1.338459495e-05
0.02637733621 	0.01032122229 	-0.002307150294 	8.315660393e-06 	0.006990974322 	-2.980931955e-05 	1.33267401e-05
0.02722207243 	0.01027752669 	-0.002299221067 	9.453199943e-06 	0.006965034943 	-3.448843895e-05 	1.327729243e-05
0.02806559858 	0.01023445828 	-0.002293423716 	1.048013885e-05 	0.006942929707 	-3.891474374e-05 	1.323515371e-05
0.02890789998 	0.01019200244 	-0.00228979543 	1.141889202e-05 	0.006924328023 	-4.312411809e-05 	1.319969373e-05
0.02974896199 	0.01014681028 	-0.002283906329 	1.220455938e-05 	0.006899657877 	-4.703640917e-05 	1.315266557e-05
0.03105328552 	0.01008660408 	-0.002286635918 	1.294835093e-05 	0.006890107493 	-5.129774217e-05 	1.313445989e-05
0.03237895466 	0.01002272327 	-0.002289434609 	1.109497604e-05 	0.006877800304 	-4.534318091e-05 	1.311099897e-05
0.03372619192 	0.009958800776 	-0.002296017269 	9.417378979e-06 	0.006871077578 	-3.967401621e-05 	1.309818358e-05
0.03509521438 	0.009895171977 	-0.002305659288 	7.882346747e-06 	0.006869161633 	-3.425560782e-05 	1.309453126e-05
0.03648623309 	0.009831821493 	-0.00231811047 	6.478610203e-06 	0.006871701886 	-2.906755929e-05 	1.309937369e-05
0.03789945241 	0.009768818575 	-0.002333159759 	5.197507669e-06 	0.006878294769 	-2.409443768e-05 	1.311194155e-05
0.03933506942 	0.00970621286 	-0.002350613571 	4.03086697e-06 	0.006888593819 	-1.932212841e-05 	1.31315744e-05
0.04079327314 	0.009644061836 	-0.002370285954 	2.971035147e-06 	0.006902279554 	-1.473786988e-05 	1.315766322e-05
0.04227424383 	0.009582420165 	-0.002392003125 	2.010837802e-06 	0.006919063454 	-1.033009354e-05 	1.3189658e-05
0.04377815219 	0.009521342622 	-0.002415600307 	1.143523418e-06 	0.006938682484 	-6.088298053e-06 	1.322705732e-05
0.04530515853 	0.009460881973 	-0.002440922001 	3.627266375e-07 	0.006960897403 	-2.002938408e-06 	1.326940513e-05
0.04608381709 	0.009430838273 	-0.002454427769 	8.575815809e-07 	0.006973419118 	-2.592672976e-06 	1.3293275e-05
0.04669962032 	0.009402026627 	-0.002454382026 	5.6493576e-07 	0.006972821153 	-1.467271646e-06 	1.329213511e-05
0.04795657 	0.009345198587 	-0.002455325356 	1.673116696e-06 	0.006974117383 	-4.354882088e-06 	1.329460609e-05
0.04923369681 	0.009289582487 	-0.002457226737 	2.741880834e-06 	0.006977530089 	-7.15089199e-06 	1.330111165e-05
0.05053116635 	0.009235187017 	-0.002460014275 	3.773559072e-06 	0.006982917788 	-9.859394148e-06 	1.331138211e-05
0.0518491351 	0.009182020201 	-0.002463621098 	4.770275222e-06 	0.006990149083 	-1.24841505e-05 	1.332516696e-05
0.0531877496 	0.00913008897 	-0.002467985101 	5.733963147e-06 	0.006999101764 	-1.50286057e-05 	1.334223326e-05
0.05454714558 	0.009079397793 	-0.002473049352 	6.666402516e-06 	0.007009663374 	-1.749593036e-05 	1.336236663e-05
0.05592744703 	0.009029949474 	-0.002478761021 	7.569238043e-06 	0.007021730098 	-1.988906451e-05 	1.338536916e-05
0.05732876521 	0.00898174582 	-0.002485070623 	8.443999387e-06 	0.007035204823 	-2.221072078e-05 	1.341105573e-05
0.05875119761 	0.008934788291 	-0.002491930958 	7.770483636e-06 	0.007049996338 	-2.04574595e-05 	1.343925246e-05
0.06019482689 	0.008889081002 	-0.002499296268 	6.837110684e-06 	0.007066016347 	-1.801391606e-05 	1.346979105e-05
0.06165971967 	0.008844644179 	-0.002507116992 	5.928724777e-06 	0.007083164677 	-1.563071306e-05 	1.350248054e-05
0.06314592535 	0.008801492712 	-0.00251533033 	5.044155938e-06 	0.007101313194 	-1.330560833e-05 	1.353707666e-05
0.06465775049 	0.008759340802 	-0.002523905515 	4.180041333e-06 	0.007120341375 	-1.103053464e-05 	1.357334966e-05
0.06623409489 	0.008717336006 	-0.002533301877 	3.315624308e-06 	0.007141580497 	-8.750616008e-06 	1.361383733e-05
0.06783446702 	0.008676520099 	-0.00254297164 	2.471487786e-06 	0.007163473977 	-6.523366666e-06 	1.365557238e-05
0.06945913953 	0.008637028737 	-0.002552944746 	1.646916294e-06 	0.007186202309 	-4.347169171e-06 	1.36988989e-05
0.07110838511 	0.008598751505 	-0.002563223753 	8.412103049e-07 	0.007209795108 	-2.220298824e-06 	1.374387333e-05
0.0727824764 	0.008561679192 	-0.002573778376 	5.346526144e-08 	0.007234198417 	-1.410935348e-07 	1.379039282e-05
0.07289842475 	0.008559203895 	-0.002574525789 	9.28370022e-08 	0.007235954409 	-2.851909781e-07 	1.379374023e-05
0.07426181252 	0.008530230303 	-0.002574577399 	8.188563916e-07 	0.007249733152 	-1.371371676e-06 	1.382000635e-05
0.0757472134 	0.008499702049 	-0.002575264767 	1.668662332e-06 	0.007265776608 	-2.791510484e-06 	1.385058963e-05
0.07725503592 	0.008469719264 	-0.002576581037 	2.488263046e-06 	0.007283025957 	-4.158167706e-06 	1.388347169e-05
0.07878553239 	0.008440255931 	-0.002578515707 	3.277922847e-06 	0.007301451802 	-5.472095195e-06 	1.391859647e-05
0.08033895541 	0.008411288071 	-0.002581059137 	4.037885841e-06 	0.007321025611 	-6.734043081e-06 	1.395590959e-05
0.08191555778 	0.008382793978 	-0.002584202478 	4.768379852e-06 	0.00734171939 	-7.944773947e-06 	1.399535768e-05
0.08351559245 	0.008354754565 	-0.002587937568 	4.748370291e-06 	0.007363505207 	-7.904434118e-06 	1.403688751e-05
0.08513931241 	0.008327153569 	-0.002592256823 	3.926631195e-06 	0.007386354877 	-6.531207551e-06 	1.408044533e-05
0.08678697065 	0.008299977549 	-0.002597153136 	3.131704429e-06 	0.007410239865 	-5.205205742e-06 	1.412597675e-05
0.08845882009 	0.008273215691 	-0.002602619777 	2.363459033e-06 	0.00743513139 	-3.925817639e-06 	1.417342692e-05
0.09015511346 	0.008246859531 	-0.002608650278 	1.621772431e-06 	0.007461000649 	-2.69241428e-06 	1.422274092e-05
0.0918761033 	0.008220902635 	-0.002615238302 	9.065263182e-07 	0.007487819075 	-1.504354472e-06 	1.427386429e-05
0.09362204182 	0.008195340297 	-0.002622377484 	2.176011542e-07 	0.007515558584 	-3.609924397e-07 	1.43267435e-05
0.09419342311 	0.008187200934 	-0.002624834308 	3.725767661e-07 	0.00752486577 	-1.233081147e-06 	1.434448559e-05
0.09531469617 	0.008172726746 	-0.002624740884 	5.82574455e-07 	0.007539294043 	-6.805509658e-07 	1.437198988e-05
0.09699468175 	0.008151839325 	-0.002624945407 	1.430700852e-06 	0.007561583873 	-1.655543691e-06 	1.44144805e-05
0.0986997996 	0.008131480638 	-0.002625503329 	2.262726732e-06 	0.007584755681 	-2.593249536e-06 	1.44586524e-05
0.1004303306 	0.008111661377 	-0.00262640349 	3.078968257e-06 	0.007608782254 	-3.49415832e-06 	1.450445373e-05
0.1021865562 	0.008092411684 	-0.002627629621 	3.879685573e-06 	0.007633620969 	-4.358512067e-06 	1.455180322e-05
0.1039687584 	0.008073713642 	-0.002629163252 	4.665042475e-06 	0.007659208635 	-5.186441504e-06 	1.460058043e-05
0.105801143 	0.008055198284 	-0.002631042806 	4.916321951e-06 	0.007686153871 	-5.406232769e-06 	1.465194553e-05
0.1076898344 	0.008036850101 	-0.002633265242 	4.064407874e-06 	0.007714583248 	-4.417479603e-06 	1.470613983e-05
0.1096057252 	0.008019118876 	-0.002635755072 	3.227791192e-06 	0.007743755388 	-3.465186577e-06 	1.476175004e-05
0.1115490892 	0.008001962328 	-0.002638506103 	2.406092979e-06 	0.007773796979 	-2.549567555e-06 	1.481901766e-05
0.1135202004 	0.007985314779 	-0.002641503639 	1.59889576e-06 	0.007804776871 	-1.670923848e-06 	1.487807394e-05
0.1155193324 	0.007969173394 	-0.002644728742 	8.056988166e-07 	0.007836713278 	-8.297395389e-07 	1.493895361e-05
0.1175467585 	0.007953535187 	-0.002648159777 	2.611869118e-08 	0.007869646666 	-2.648618352e-08 	1.50017338e-05
0.1176158625 	0.007953021158 	-0.002648281273 	3.65332726e-08 	0.007870796502 	-1.25290358e-07 	1.500392571e-05
0.1195071859 	0.007936262834 	-0.002648922386 	7.723161395e-07 	0.007900694252 	-5.88734507e-07 	1.506091913e-05
0.1214927075 	0.007919222584 	-0.002649966724 	1.554287091e-06 	0.007932665767 	-1.160659191e-06 	1.512186572e-05
0.1235069599 	0.007902755937 	-0.00265137244 	2.318392968e-06 	0.007965455648 	-1.699033306e-06 	1.518437235e-05
0.1255502441 	0.007887391999 	-0.002653195064 	3.063771365e-06 	0.007997726332 	-2.20828663e-06 	1.524588924e-05
0.1286698652 	0.0078626255 	-0.002656587653 	4.160343811e-06 	0.00805254024 	-2.924495708e-06 	1.535037978e-05
0.1318034845 	0.007840514523 	-0.002660624649 	3.579311234e-06 	0.008106103455 	-2.455711613e-06 	1.545248616e-05
0.1349511188 	0.007820589292 	-0.00266534329 	2.470099156e-06 	0.008159932319 	-1.65607344e-06 	1.555509894e-05
0.1381127882 	0.007802582773 	-0.002670743565 	1.410973083e-06 	0.008214120187 	-9.242232398e-07 	1.565839607e-05
0.1413694387 	0.00778535555 	-0.002676763964 	3.746647471e-07 	0.008270825869 	-2.384403692e-07 	1.576649286e-05
0.1425900493 	0.007779243795 	-0.002679126145 	5.28043372e-07 	0.008292599252 	-1.926764513e-06 	1.580799898e-05
0.1445658929 	0.007772067281 	-0.002678045725 	7.756048189e-07 	0.008325545225 	-3.221705811e-07 	1.587080316e-05
0.1477280931 	0.007761749652 	-0.00267693598 	1.967817122e-06 	0.008379469208 	-7.764758815e-07 	1.597359726e-05
0.1509048918 	0.007752908872 	-0.002676586495 	3.107982105e-06 	0.008434334156 	-1.162679391e-06 	1.60781851e-05
0.1540963343 	0.007745527295 	-0.002676970528 	4.197797259e-06 	0.008490085756 	-1.484542948e-06 	1.618446315e-05
0.15730247 	0.007739563602 	-0.002678062335 	3.683790704e-06 	0.008546701638 	-1.227231123e-06 	1.629238875e-05
0.1605233532 	0.007734977414 	-0.002679836593 	2.569952673e-06 	0.008604167327 	-8.031238357e-07 	1.640193433e-05
0.1637590427 	0.007731762017 	-0.002682267878 	1.500784352e-06 	0.00866245302 	-4.377096632e-07 	1.651304306e-05
0.1670096021 	0.007729995896 	-0.002685360658 	4.748537009e-07 	0.008721555364 	-1.28394975e-07 	1.662570855e-05
0.1685683127 	0.007729572334 	-0.002687039274 	5.416825376e-07 	0.008750309443 	-2.168924583e-06 	1.668052182e-05
0.1702759792 	0.007729999837 	-0.002686726216 	5.893242233e-07 	0.008780145075 	-1.138339658e-07 	1.673739683e-05
0.1735378181 	0.007731783916 	-0.00268666921 	1.675513533e-06 	0.008838104206 	-2.897898019e-07 	1.684788304e-05
0.176816035 	0.007734814439 	-0.00268730134 	2.718567269e-06 	0.008897108637 	-4.139688272e-07 	1.696036189e-05
0.1801107166 	0.007738949532 	-0.00268856888 	3.720167811e-06 	0.008957225404 	-4.879129639e-07 	1.707496115e-05
0.1834219551 	0.00774414592 	-0.002690434865 	4.386979637e-06 	0.009018485751 	-4.807634841e-07 	1.71917404e-05
0.1867498487 	0.007750378841 	-0.002692870226 	3.348398905e-06 	0.009080901708 	-2.933003391e-07 	1.731072256e-05
0.1900945014 	0.00775764301 	-0.002695847585 	2.347328367e-06 	0.009144473154 	-1.530257255e-07 	1.743190741e-05
0.1934560237 	0.007766045523 	-0.002699372817 	1.382296965e-06 	0.009209218635 	-5.855207609e-08 	1.755533029e-05
0.1968739022 	0.00777542239 	-0.002703392148 	4.412835127e-07 	0.009275963523 	-8.322489032e-09 	1.76825646e-05
0.1985304137 	0.007780262053 	-0.00270546711 	4.575440649e-07 	0.009308804575 	-1.965413293e-06 	1.774516877e-05
0.2002921667 	0.007786631566 	-0.002705675982 	5.359074624e-07 	0.009342638399 	3.206928074e-08 	1.780966544e-05
0.203671274 	0.007799599522 	-0.002706502659 	1.531099229e-06 	0.009408716828 	1.277033104e-07 	1.793562929e-05
0.2070684227 	0.007813319451 	-0.002707814402 	2.492365422e-06 	0.009476248696 	2.671682007e-07 	1.80643638e-05
0.2104837616 	0.007827742853 	-0.00270956496 	3.421331946e-06 	0.009545279541 	4.488946631e-07 	1.819595578e-05
0.213917447 	0.007842868476 	-0.002711722734 	4.319608129e-06 	0.009615809738 	6.714489054e-07 	1.833040594e-05
0.2173696432 	0.007858754947 	-0.002714267801 	3.465060271e-06 	0.009687832951 	6.234786994e-07 	1.84677022e-05
0.2208498461 	0.007875537368 	-0.002717205404 	2.530887609e-06 	0.009761670224 	5.183348012e-07 	1.860845656e-05
0.2244220358 	0.007892906513 	-0.002720363939 	1.606760042e-06 	0.009838487491 	3.700217353e-07 	1.875489162e-05
0.2280123558 	0.007911114999 	-0.002723826686 	7.116011907e-07 	0.009917070026 	1.821771749e-07 	1.890469178e-05
0.2309642662 	0.007926592115 	-0.002726840828 	1.513805346e-07 	0.009982626927 	-6.449457808e-07 	1.902966145e-05
0.231601588 	0.007930297696 	-0.002726921664 	1.731961901e-07 	0.00999648246 	4.898597701e-08 	1.905607395e-05
0.2351229535 	0.007951118335 	-0.002727444895 	1.108409534e-06 	0.01007435468 	3.38388511e-07 	1.920452004e-05
0.2386642333 	0.007972485573 	-0.002728175524 	2.018695401e-06 	0.01015392258 	6.612282841e-07 	1.935619858e-05
0.2422256574 	0.007994566227 	-0.002729146067 	2.905394279e-06 	0.0102352096 	1.016326484e-06 	1.951115422e-05
0.245844 	0.008017309541 	-0.002730242409 	3.779343058e-06 	0.01031898901 	1.407093176e-06 	1.967086106e-05
0.2495251984 	0.008040628893 	-0.002731366507 	3.576723998e-06 	0.01040546428 	1.412766952e-06 	1.983570696e-05
0.2532263804 	0.008064579285 	-0.002732553389 	2.680229056e-06 	0.01049385138 	1.118977893e-06 	2.000419735e-05
0.2569478097 	0.008088998177 	-0.002733717985 	1.805349318e-06 	0.01058407839 	7.936865868e-07 	2.017619509e-05
0.2606897621 	0.00811384714 	-0.002734809293 	9.508508553e-07 	0.01067617621 	4.387084894e-07 	2.035175915e-05
0.2644525256 	0.008139274854 	-0.002735840594 	1.155416038e-07 	0.01077017932 	5.579030422e-08 	2.05309552e-05
0.2649834881 	0.008142890781 	-0.002735953703 	1.191160605e-07 	0.01078362752 	-4.128722499e-07 	2.05565912e-05
0.2682013626 	0.008166641074 	-0.002734764849 	7.644250541e-07 	0.01086343487 	3.252777855e-07 	2.07087262e-05
0.2720083861 	0.008194624244 	-0.00273309825 	1.646205386e-06 	0.01095912748 	7.305955084e-07 	2.089114291e-05
0.2758373145 	0.008223052849 	-0.002731244961 	2.510128657e-06 	0.01105695425 	1.158741834e-06 	2.107762792e-05
0.2796884853 	0.00825177098 	-0.00272912613 	3.357476827e-06 	0.01115676296 	1.608019298e-06 	2.126789105e-05
0.28356225 	0.008280723919 	-0.002726656284 	3.807761996e-06 	0.0112586134 	1.887422428e-06 	2.146204632e-05
0.2874589747 	0.008310143042 	-0.002723859719 	2.964536722e-06 	0.01136267913 	1.517361459e-06 	2.166042452e-05
0.2914374958 	0.008339841239 	-0.002720467416 	2.123999787e-06 	0.01147003325 	1.120388721e-06 	2.18650713e-05
0.2954539871 	0.008369861837 	-0.002716521978 	1.296240301e-06 	0.01158003827 	7.031380983e-07 	2.207477145e-05
0.2994935987 	0.008400175532 	-0.002712062864 	4.836160278e-07 	0.01169208901 	2.692922938e-07 	2.228837131e-05
0.3019494975 	0.008418577094 	-0.0027089719 	4.006936766e-07 	0.01176108685 	-9.363932845e-07 	2.241990036e-05
0.3035411544 	0.008431219017 	-0.002706282918 	3.380636537e-07 	0.01180493546 	1.490036296e-07 	2.2503488e-05
0.3075897287 	0.008463439588 	-0.002698826277 	1.181742088e-06 	0.01191809781 	5.341399376e-07 	2.271920689e-05
0.3117070592 	0.008495784299 	-0.002690433273 	2.02248138e-06 	0.01203446445 	9.354985293e-07 	2.294103405e-05
0.3158763763 	0.008528201719 	-0.002681024185 	2.856353917e-06 	0.01215385946 	1.349027012e-06 	2.316863411e-05
0.3200711507 	0.008560676963 	-0.002670663059 	3.678183042e-06 	0.0122755868 	1.769727426e-06 	2.340068026e-05
0.3242918762 	0.008593053118 	-0.002659225884 	3.921752588e-06 	0.0123995736 	1.917944803e-06 	2.363703357e-05
0.3285390659 	0.008625516939 	-0.002646673901 	3.120580103e-06 	0.01252603722 	1.547903052e-06 	2.387810837e-05
0.3328661155 	0.008657897002 	-0.002632635087 	2.32058639e-06 	0.01265594377 	1.165269979e-06 	2.412574637e-05
0.3372333222 	0.008690175187 	-0.00261708954 	1.530186597e-06 	0.01278875417 	7.761530414e-07 	2.43789199e-05
0.3416275151 	0.008722319836 	-0.002600071893 	7.510776193e-07 	0.01292386323 	3.840238523e-07 	2.463647532e-05
0.3459484157 	0.00875352762 	-0.002581859111 	3.398116607e-08 	0.0130582134 	-3.835933876e-08 	2.489258408e-05
0.3460484185 	0.00875427925 	-0.002581394859 	1.88643608e-08 	0.01306129241 	7.995321777e-09 	2.489845354e-05
0.3504786873 	0.00878712663 	-0.002559277936 	8.393301897e-07 	0.01319927578 	3.567997532e-07 	2.516148819e-05
0.3549828372 	0.008819660332 	-0.002534975305 	1.657111994e-06 	0.01334068223 	7.04868906e-07 	2.543104818e-05
0.35951625 	0.008851893361 	-0.002508561381 	2.46318887e-06 	0.01348471977 	1.045627601e-06 	2.570562377e-05
0.3640795876 	0.008883729622 	-0.002479935866 	3.257742721e-06 	0.01363109224 	1.376519805e-06 	2.598465037e-05
0.3686755843 	0.008915251262 	-0.002448871659 	4.041268648e-06 	0.01378018225 	1.694917632e-06 	2.626885737e-05
0.373358679 	0.008946257712 	-0.002414813137 	3.999433504e-06 	0.01393284562 	1.66016964e-06 	2.655987619e-05
0.3780726351 	0.008976763009 	-0.002377820494 	3.240326449e-06 	0.01408823378 	1.326838897e-06 	2.685608921e-05
0.3828182057 	0.009006749093 	-0.002337891844 	2.492908633e-06 	0.01424583606 	1.003642508e-06 	2.715652296e-05
0.3875975535 	0.009036234421 	-0.002294732919 	1.757316739e-06 	0.01440601445 	6.93033449e-07 	2.746186749e-05
0.3924622408 	0.00906504325 	-0.002247749923 	1.026694451e-06 	0.01456951513 	3.95051845e-07 	2.777354522e-05
0.3973596973 	0.009093216405 	-0.002197005308 	3.120417828e-07 	0.01473548596 	1.166126221e-07 	2.808993175e-05
0.3995609819 	0.009105544339 	-0.00217270335 	1.278669921e-06 	0.01481051689 	-4.054377972e-07 	2.823296157e-05
0.4022763705 	0.009121605666 	-0.002142177214 	3.97522865e-07 	0.01490214803 	1.071424127e-07 	2.840763599e-05
0.4072278368 	0.009149965209 	-0.002082913538 	1.097778381e-06 	0.01507022942 	2.812216835e-07 	2.872804582e-05
0.4122531061 	0.00917757755 	-0.002018977635 	1.779581042e-06 	0.01524107365 	4.294476206e-07 	2.905372241e-05
0.4173143592 	0.009204506761 	-0.001950415292 	2.433978264e-06 	0.01541390308 	5.473300032e-07 	2.938318334e-05
0.422412537 	0.009230826971 	-0.001877084695 	3.058586055e-06 	0.01558842816 	6.325675256e-07 	2.971587666e-05
0.427575927 	0.009256363757 	-0.001798248853 	3.654433685e-06 	0.01576510704 	6.834118339e-07 	3.00526757e-05
0.4327946249 	0.00928113251 	-0.001713574004 	4.185162509e-06 	0.01594362154 	6.918244226e-07 	3.039297396e-05
0.4380519682 	0.00930527907 	-0.00162307654 	3.54223836e-06 	0.01612325954 	5.016560169e-07 	3.073541392e-05
0.4433556139 	0.009328756051 	-0.001526238172 	2.922806675e-06 	0.01630402057 	3.381621944e-07 	3.107999467e-05
0.4487334003 	0.009351490494 	-0.001422351047 	2.327570524e-06 	0.01648600319 	2.030768247e-07 	3.142690413e-05
0.4541517666 	0.009373639295 	-0.001311437779 	1.764572175e-06 	0.01666830863 	9.882759063e-08 	3.177442897e-05
0.4596118531 	0.009395354553 	-0.001193309719 	1.23684258e-06 	0.01685046221 	2.676239057e-08 	3.212166432e-05
0.4651459664 	0.009416547436 	-0.00106717734 	7.458551726e-07 	0.01703250032 	-1.221705263e-08 	3.246867956e-05
0.4707278335 	0.009437423605 	-0.0009329707647 	2.999399426e-07 	0.0172135468 	-1.758592445e-08 	3.281380447e-05
0.4749329857 	0.009452968612 	-0.0008266146526 	1.572540804e-06 	0.01734763604 	-2.81326889e-07 	3.306941582e-05
0.4763506212 	0.009458535641 	-0.00079069794 	9.865079373e-08 	0.01739255607 	-1.740072934e-08 	3.315504589e-05
0.4820326335 	0.009480365809 	-0.0006397581171 	4.52043972e-07 	0.01756877978 	-1.028940268e-07 	3.349097724e-05
0.4877703369 	0.009502469162 	-0.000480470834 	7.484028397e-07 	0.01774217357 	-2.135001711e-07 	3.3821514e-05
0.493555219 	0.009525524428 	-0.000312898437 	9.844548926e-07 	0.01791179164 	-3.451906677e-07 	3.414485319e-05
0.4994072706 	0.009549722891 	-0.0001371037076 	1.162217611e-06 	0.0180771142 	-4.940321988e-07 	3.446000394e-05
0.5053176938 	0.009579307132 	4.607202876e-05 	1.283541797e-06 	0.01822621056 	-4.700729715e-07 	3.474422305e-05
0.511278026 	0.009620882041 	0.0002348049938 	1.366934561e-06 	0.01834249973 	1.975464445e-07 	3.496590251e-05
0.5173077372 	0.009677148365 	0.0004260022486 	1.470284916e-06 	0.01842223154 	1.434811078e-06 	3.51178935e-05
0.5233956724 	0.009749118696 	0.0006162343883 	1.628557973e-06 	0.01846648966 	2.881997236e-06 	3.520226178e-05
0.5295365024 	0.009832666574 	0.000803335521 	1.799208132e-06 	0.01848782104 	4.095304683e-06 	3.524292533e-05
0.5357509981 	0.009924119621 	0.0009868483341 	1.917629625e-06 	0.01849641821 	4.601456043e-06 	3.525931393e-05
0.5420221314 	0.01002008993 	0.001167244873 	1.787214207e-06 	0.01849993361 	4.30243603e-06 	3.526601526e-05
0.5483526887 	0.01011721242 	0.001345123638 	1.567357424e-06 	0.01850548623 	3.828628479e-06 	3.527660009e-05
0.5547556326 	0.01021499141 	0.001520526295 	1.376718944e-06 	0.01851329898 	3.409031985e-06 	3.529149335e-05
0.5611453472 	0.01031276265 	0.001692002339 	1.218024993e-06 	0.01852249033 	3.050185739e-06 	3.530901464e-05
0.5674604494 	0.01040967839 	0.001858139069 	1.079992053e-06 	0.01853283796 	2.742662808e-06 	3.532874009e-05
0.5737018556 	0.01050575175 	0.002018799156 	9.581375467e-07 	0.01854386542 	2.473353791e-06 	3.534976148e-05
0.5798639363 	0.01060115294 	0.002174116881 	8.511104333e-07 	0.01855501345 	2.234389578e-06 	3.537101273e-05
0.5859581069 	0.01069557023 	0.002324453842 	7.58454756e-07 	0.01856653113 	2.022536556e-06 	3.539296863e-05
0.5919785117 	0.01078896217 	0.002469998485 	6.788938399e-07 	0.01857803104 	1.836776452e-06 	3.541489067e-05
0.5979243277 	0.01088126077 	0.002610858251 	6.102673361e-07 	0.0185893218 	1.674256164e-06 	3.543641398e-05
0.603806435 	0.01097226189 	0.002747343765 	5.512323176e-07 	0.01860056873 	1.532470681e-06 	3.545785377e-05
0.6096166771 	0.01106202172 	0.002879562817 	5.005447653e-07 	0.01861134291 	1.409638206e-06 	3.547839235e-05
0.6153571087 	0.01115046033 	0.003007632248 	4.568190326e-07 	0.01862159686 	1.303025605e-06 	3.549793921e-05
0.6210352419 	0.01123746377 	0.00313182981 	4.193741061e-07 	0.0186313937 	1.210903477e-06 	3.551661472e-05
0.6266451332 	0.01132309511 	0.003252237022 	3.873540172e-07 	0.01864038422 	1.131825552e-06 	3.553375316e-05
0.6321888401 	0.01140726211 	0.003368968705 	3.598672055e-07 	0.01864859885 	1.063851126e-06 	3.554941252e-05
0.637672122 	0.01148989424 	0.003482261533 	3.364786399e-07 	0.01865605429 	1.005840844e-06 	3.556362465e-05
0.6430906123 	0.01157104446 	0.003592182269 	3.16570224e-07 	0.01866248053 	9.566961746e-07 	3.557587485e-05
0.6484456802 	0.01165064316 	0.003698824313 	2.995076935e-07 	0.01866790527 	9.149574875e-07 	3.558621592e-05
0.653742691 	0.01172862595 	0.003802399921 	2.850222047e-07 	0.01867236636 	8.797570021e-07 	3.559471999e-05
0.6589779999 	0.01180503816 	0.003902981031 	2.727326476e-07 	0.01867564851 	8.50368554e-07 	3.560097669e-05
0.6641527762 	0.01187984671 	0.00400062272 	2.621571811e-07 	0.01867773867 	8.257113159e-07 	3.560496112e-05
0.6692707843 	0.01195297222 	0.004095507732 	2.531371673e-07 	0.01867872312 	8.050920739e-07 	3.560683776e-05
0.6743305076 	0.01202445886 	0.004187729023 	2.454698895e-07 	0.01867842762 	7.880925171e-07 	3.560627444e-05
0.6793323654 	0.01209430978 	0.004277306682 	2.387592709e-07 	0.01867679205 	7.739213686e-07 	3.56031566e-05
0.6842786275 	0.01216243374 	0.00436438676 	2.328974145e-07 	0.01867393815 	7.620043739e-07 	3.559771627e-05
0.6891698224 	0.01222886357 	0.004449082219 	2.277966754e-07 	0.01866974209 	7.521230413e-07 	3.558971741e-05
0.6940055861 	0.0122936225 	0.004531400247 	2.231547407e-07 	0.01866411622 	7.437431121e-07 	3.557899294e-05
0.6987869863 	0.012356642 	0.004611428654 	2.188651439e-07 	0.01865715482 	7.364088967e-07 	3.556572257e-05
0.7035162408 	0.012417921 	0.004689290148 	2.149200299e-07 	0.01864882146 	7.29945468e-07 	3.554983687e-05
0.7081923019 	0.01247748803 	0.004765016831 	2.111630779e-07 	0.01863902266 	7.240878653e-07 	3.553115763e-05
0.7128159963 	0.01253532643 	0.004838628473 	2.074106225e-07 	0.01862776744 	7.184744738e-07 	3.550970207e-05
0.7173887898 	0.0125913879 	0.004910233633 	2.036794567e-07 	0.01861511934 	7.128799899e-07 	3.548559126e-05
0.7219111564 	0.01264569648 	0.004979904791 	1.99956624e-07 	0.01860100223 	7.072566197e-07 	3.545868014e-05
0.7263831588 	0.01269826942 	0.005047641852 	1.960683297e-07 	0.01858536682 	7.01355454e-07 	3.542887469e-05
0.7308055292 	0.01274906963 	0.005113490329 	1.919696869e-07 	0.01856826856 	6.949927562e-07 	3.539628066e-05
0.7351796769 	0.01279808226 	0.005177541536 	1.877104979e-07 	0.01854971409 	6.880978504e-07 	3.536091067e-05
0.73950552 	0.01284532942 	0.005239832907 	1.832477693e-07 	0.01852964318 	6.80638068e-07 	3.532264995e-05
0.7437835465 	0.0128908165 	0.005300360459 	1.784370607e-07 	0.01850803874 	6.724581163e-07 	3.528146589e-05
0.7480144128 	0.01293451094 	0.00535917469 	1.732752575e-07 	0.01848495206 	6.634811355e-07 	3.523745625e-05
0.7521992977 	0.01297640878 	0.005416347437 	1.677958381e-07 	0.01846037503 	6.537116265e-07 	3.519060561e-05
0.7563381148 	0.01301652829 	0.005471896612 	1.61916451e-07 	0.01843426332 	6.431287358e-07 	3.514082942e-05
0.7604314361 	0.01305486799 	0.005525816714 	1.555173468e-07 	0.01840661711 	6.316413349e-07 	3.508812807e-05
0.7644798564 	0.01309140579 	0.005578142367 	1.486097738e-07 	0.01837747244 	6.192241745e-07 	3.503257023e-05
0.7684842987 	0.01312613796 	0.005628925549 	1.412536198e-07 	0.01834682724 	6.059087459e-07 	3.497415195e-05
0.772444869 	0.01315908245 	0.005678172922 	1.333980967e-07 	0.01831464571 	5.917127603e-07 	3.491280503e-05
0.7763620792 	0.0131902423 	0.005725871718 	1.249493132e-07 	0.01828092648 	5.765938942e-07 	3.48485268e-05
0.7802364736 	0.01321960542 	0.005772036252 	1.1590244e-07 	0.01824569472 	5.605579736e-07 	3.478136526e-05
0.784068756 	0.01324716615 	0.005816706494 	1.063222894e-07 	0.01820895973 	5.436379411e-07 	3.471133816e-05
0.7878592533 	0.01327294116 	0.005859891421 	9.619674943e-08 	0.0181706948 	5.2587383e-07 	3.463839457e-05
0.7916083725 	0.01329694225 	0.005901571265 	8.544620217e-08 	0.01813089002 	5.072535773e-07 	3.45625156e-05
0.7953166163 	0.01331916414 	0.005941745982 	7.407255223e-08 	0.01808956746 	4.878028935e-07 	3.448374331e-05
0.7989845177 	0.01333960592 	0.005980439419 	6.213976754e-08 	0.01804673899 	4.675685852e-07 	3.440210034e-05
0.8026125957 	0.01335827975 	0.006017669355 	4.948731275e-08 	0.01800239493 	4.44761986e-07 	3.431756825e-05
0.8062011484 	0.01337520577 	0.006053418475 	3.472933435e-08 	0.01795651935 	4.024232868e-07 	3.423011665e-05
0.8097506432 	0.01339038793 	0.006087681514 	2.078143796e-08 	0.01790912844 	3.625259367e-07 	3.413977638e-05
0.8132615384 	0.01340383584 	0.006120459986 	7.64382233e-09 	0.0178602292 	3.250142583e-07 	3.404656084e-05
0.8167343376 	0.01341555446 	0.006151777539 	-4.63003089e-09 	0.0178098376 	2.898250499e-07 	3.395050045e-05
0.8201694132 	0.01342556682 	0.006181639449 	-1.604985401e-08 	0.01775794164 	2.568543239e-07 	3.385157234e-05
0.8235671427 	0.01343389428 	0.006210028593 	-2.667019876e-08 	0.01770454019 	2.260246093e-07 	3.374977433e-05
0.8269279557 	0.01344054729 	0.006236948239 	-3.648272235e-08 	0.01764965382 	1.972732581e-07 	3.364514565e-05
0.8302522738 	0.01344554555 	0.006262402207 	-4.548897193e-08 	0.01759328919 	1.705405129e-07 	3.3537699e-05
0.8335405447 	0.01344890339 	0.006286413891 	-5.365407684e-08 	0.01753546539 	1.457642487e-07 	3.342747077e-05
0.8367931182 	0.01345065117 	0.006308990102 	-6.09934203e-08 	0.01747617822 	1.228616852e-07 	3.331445293e-05
0.8400103692 	0.01345081642 	0.006330122705 	-6.755646793e-08 	0.0174154362 	1.017652772e-07 	3.319866178e-05
0.8431926954 	0.01344941972 	0.006349823579 	-7.33540885e-08 	0.0173532632 	8.241344373e-08 	3.308014274e-05
0.8463404884 	0.01344649031 	0.006368101687 	-7.841243308e-08 	0.01728967158 	6.474081856e-08 	3.295891946e-05
0.8494541464 	0.01344205154 	0.006384984064 	-8.272588825e-08 	0.01722468853 	4.868242838e-08 	3.28350437e-05
0.8525340258 	0.01343613952 	0.006400488885 	-8.630365968e-08 	0.01715832373 	3.416190039e-08 	3.270853393e-05
0.8555804738 	0.013428792 	0.006414617219 	-8.918097785e-08 	0.0170905924 	2.110939328e-08 	3.25794192e-05
0.8585938611 	0.01342004032 	0.00642738598 	-9.136610411e-08 	0.01702152652 	9.466838246e-09 	3.244776043e-05
0.8615745533 	0.01340992449 	0.006438813264 	-9.287710934e-08 	0.01695114764 	-8.260754746e-10 	3.231359872e-05
0.8645229106 	0.01339848287 	0.00644892381 	-9.373472262e-08 	0.01687948692 	-9.829898833e-09 	3.217699348e-05
0.8674392955 	0.01338575651 	0.006457753009 	-9.395659744e-08 	0.01680657642 	-1.760760951e-08 	3.20380058e-05
0.8703240268 	0.01337179537 	0.006465323471 	-9.358372598e-08 	0.01673243995 	-2.422832941e-08 	3.189668109e-05
0.8731774496 	0.01335664592 	0.006471656851 	-9.266209079e-08 	0.01665711576 	-2.97575825e-08 	3.175309224e-05
0.8759999066 	0.01334035518 	0.00647678782 	-9.12238039e-08 	0.01658064725 	-3.425788838e-08 	3.1607322e-05
0.8787917362 	0.01332297686 	0.006480748224 	-8.930714532e-08 	0.01650307362 	-3.779299047e-08 	3.14594451e-05
0.8815532721 	0.01330456312 	0.006483577307 	-8.694581268e-08 	0.01642444549 	-4.042332276e-08 	3.130955804e-05
0.8842848443 	0.01328517163 	0.00648531889 	-8.417179519e-08 	0.01634481207 	-4.220744702e-08 	3.115775461e-05
0.8869867601 	0.01326486677 	0.006486004839 	-8.103256696e-08 	0.01626422091 	-4.320531204e-08 	3.100412546e-05
0.8896593419 	0.01324371114 	0.00648566815 	-7.758083962e-08 	0.01618273327 	-4.347557007e-08 	3.084878738e-05
0.8923029083 	0.01322177016 	0.00648434845 	-7.386848727e-08 	0.01610041526 	-4.307493148e-08 	3.069186636e-05
0.8949177738 	0.0131991153 	0.006482081315 	-6.995472715e-08 	0.0160173334 	-4.206001435e-08 	3.053348924e-05
0.8975042491 	0.01317581882 	0.006478898984 	-6.590452581e-08 	0.01593356562 	-4.048362898e-08 	3.037380459e-05
0.9000626414 	0.01315195563 	0.006474834971 	-6.178624438e-08 	0.01584919806 	-3.839476434e-08 	3.021297655e-05
0.9025932443 	0.013127608 	0.006469904983 	-5.767926924e-08 	0.015764318 	-3.584168546e-08 	3.005117158e-05
0.9050963565 	0.0131028583 	0.006464103712 	-5.367476357e-08 	0.0156790287 	-3.287268178e-08 	2.988858646e-05
0.907572275 	0.01307778802 	0.006457409469 	-4.986440203e-08 	0.0155934511 	-2.950783153e-08 	2.972545176e-05
0.9100212935 	0.0130524801 	0.006449762704 	-4.635371437e-08 	0.01550772115 	-2.571648645e-08 	2.956202666e-05
0.9124437021 	0.01302701187 	0.006441048982 	-4.324386725e-08 	0.0154220057 	-2.170366098e-08 	2.93986292e-05
0.9148397876 	0.01300146626 	0.006431079608 	-4.034227005e-08 	0.01533648572 	-1.769636521e-08 	2.923560433e-05
0.9172098321 	0.01297594906 	0.006419624513 	-3.633020426e-08 	0.015251345 	-1.389356151e-08 	2.907330247e-05
0.9195541108 	0.01295065051 	0.006406674985 	-3.197354151e-08 	0.01516674056 	-1.133328044e-08 	2.891202289e-05
0.9218729013 	0.01292608217 	0.006392120607 	-2.710399265e-08 	0.01508253486 	-9.832275685e-09 	2.875150341e-05
0.9241664782 	0.01290296908 	0.00637584584 	-2.019946796e-08 	0.01499837897 	-7.848514795e-09 	2.859107891e-05
0.9264351131 	0.01288175681 	0.006358345322 	-1.191730263e-08 	0.01491427472 	-4.916714407e-09 	2.843075283e-05
0.9286790742 	0.01286245247 	0.006340679717 	-3.846629925e-09 	0.01483075346 	-1.641828516e-09 	2.827153808e-05
0.9298318717 	0.01285340128 	0.006331804961 	-6.784441954e-07 	0.01478798541 	-2.467133297e-06 	2.81900103e-05
0.9308985279 	0.0128450269 	0.006323592134 	-3.510266754e-09 	0.01474841391 	-1.568991694e-09 	2.811457602e-05
0.9330937405 	0.01282970537 	0.00630720846 	-1.015349721e-08 	0.01466760319 	-4.572111599e-09 	2.796052833e-05
0.9352650794 	0.01281685459 	0.006291681702 	-1.593446467e-08 	0.01458857739 	-7.121535795e-09 	2.78098832e-05
0.9374128007 	0.01280687141 	0.006277173691 	-2.085680294e-08 	0.01451166378 	-9.043789912e-09 	2.766326447e-05
0.9395371583 	0.01280049622 	0.006264912233 	-2.505657076e-08 	0.01444344964 	-1.024376061e-08 	2.753322936e-05
0.9409211491 	0.01279785251 	0.006255853501 	-2.713112067e-08 	0.01438960526 	-1.050379575e-08 	2.743058701e-05
0.9422797468 	0.01279787244 	0.006248636304 	-2.891918327e-08 	0.01434304669 	-1.070824959e-08 	2.734183343e-05
0.9436134151 	0.01279992151 	0.00624217827 	-3.03126309e-08 	0.01429798155 	-1.075569315e-08 	2.725592675e-05
0.9449226089 	0.01280383414 	0.006236462398 	-3.134009035e-08 	0.01425464796 	-1.054789969e-08 	2.717332088e-05
0.9462077753 	0.01280948791 	0.006231480079 	-3.202382429e-08 	0.0142132231 	-1.005929917e-08 	2.709435359e-05
0.947469353 	0.01281680906 	0.006227230192 	-3.238320171e-08 	0.01417382707 	-9.303636011e-09 	2.701925381e-05
0.9487077728 	0.01282576748 	0.006223717051 	-3.243784026e-08 	0.01413652704 	-8.307080893e-09 	2.694814958e-05
0.9499234575 	0.01283636094 	0.006220947196 	-3.220999197e-08 	0.01410134933 	-7.094063228e-09 	2.688109108e-05
0.9511168222 	0.01284859161 	0.006218925441 	-3.172551439e-08 	0.01406830129 	-5.675401461e-09 	2.681809235e-05
0.9522882748 	0.01286244494 	0.006217651664 	-3.101406188e-08 	0.01403738946 	-4.047135931e-09 	2.675916581e-05
0.9534382157 	0.01287787653 	0.006217118831 	-3.010833166e-08 	0.01400862849 	-2.200845509e-09 	2.670433939e-05
0.9545670384 	0.01289480733 	0.006217312084 	-2.904265435e-08 	0.01398204166 	-1.383595257e-10 	2.665365751e-05
0.9556751288 	0.01291312688 	0.006218208662 	-2.785205823e-08 	0.01395765372 	2.117833739e-09 	2.660716731e-05
0.9567628662 	0.01293270108 	0.006219778235 	-2.657216893e-08 	0.0139354793 	4.523457824e-09 	2.656489672e-05
0.9578306228 	0.01295338042 	0.006221983206 	-2.523967755e-08 	0.01391551195 	7.019045208e-09 	2.65268334e-05
0.958878764 	0.01297500584 	0.0062247788 	-2.389278695e-08 	0.0138977163 	9.538238421e-09 	2.649290995e-05
0.9599076489 	0.01299741153 	0.006228112911 	-2.257118596e-08 	0.01388202447 	1.201227041e-08 	2.646299696e-05
0.9609176296 	0.01302042508 	0.006231925855 	-2.131548812e-08 	0.01386833578 	1.436935457e-08 	2.64369025e-05
0.9619090521 	0.01304386659 	0.006236150149 	-2.016637644e-08 	0.01385651824 	1.653192149e-08 	2.641437499e-05
0.9628822562 	0.01306754775 	0.006240710438 	-1.916373028e-08 	0.01384641069 	1.841559096e-08 	2.639510718e-05
0.9638375753 	0.01309127147 	0.006245523595 	-1.834583719e-08 	0.0138378247 	1.993134186e-08 	2.637873991e-05
0.9647753368 	0.01311483208 	0.006250499012 	-1.774863254e-08 	0.0138305468 	2.098940477e-08 	2.63648662e-05
0.9656958622 	0.01313801619 	0.006255539081 	-1.740491282e-08 	0.01382434022 	2.150258563e-08 	2.635303474e-05
0.9665994671 	0.0131606038 	0.006260539832 	-1.73436772e-08 	0.01381894699 	2.138907626e-08 	2.634275373e-05
0.9674864613 	0.01318236916 	0.006265391642 	-1.758965671e-08 	0.01381409099 	2.057611453e-08 	2.633349686e-05
0.968357149 	0.01320308161 	0.006269980033 	-1.816329241e-08 	0.01380948102 	1.900458757e-08 	2.632470897e-05
0.9692118292 	0.01322250614 	0.00627418646 	-1.908084904e-08 	0.01380481388 	1.663170345e-08 	2.631581211e-05
0.9700507949 	0.01324040329 	0.006277889026 	-2.035442797e-08 	0.01379977812 	1.342973429e-08 	2.630621255e-05
0.9708743343 	0.0132565292 	0.006280963142 	-2.199183456e-08 	0.01379405704 	9.382466204e-09 	2.629530658e-05
0.97168273 	0.01327063596 	0.006283282106 	-2.399636213e-08 	0.01378733101 	4.481785097e-09 	2.62824849e-05
0.9724762596 	0.01328247218 	0.006284717627 	-2.636661487e-08 	0.01377927898 	-1.273528308e-09 	2.626713549e-05
0.9732551957 	0.01329178387 	0.006285140261 	-2.909648054e-08 	0.01376957942 	-7.876329873e-09 	2.624864544e-05
0.9740198057 	0.01329831526 	0.006284419778 	-3.217528225e-08 	0.01375791087 	-1.530887178e-08 	2.622640194e-05
0.9747703525 	0.0133018094 	0.006282425417 	-3.558809264e-08 	0.01374395234 	-2.354170883e-08 	2.619979309e-05
0.9755070937 	0.01330200828 	0.00627902602 	-3.931615697e-08 	0.01372738355 	-3.253449342e-08 	2.616820837e-05
0.9762302828 	0.01329865258 	0.006274089995 	-4.333735462e-08 	0.01370788503 	-4.223806241e-08 	2.613103878e-05
0.9769401682 	0.01329148094 	0.00626748511 	-4.7626638e-08 	0.01368513782 	-5.259668798e-08 	2.608767627e-05
0.9776369939 	0.01328022887 	0.006259078071 	-5.215642126e-08 	0.0136588227 	-6.354971786e-08 	2.603751234e-05
0.9783209997 	0.01326462717 	0.006248733882 	-5.689693429e-08 	0.01362861888 	-7.503247037e-08 	2.597993547e-05
0.9789924206 	0.01324440005 	0.006236314965 	-6.181658823e-08 	0.0135942021 	-8.697669607e-08 	2.591432751e-05
0.9796514876 	0.01321926261 	0.006221680034 	-6.688240632e-08 	0.01355524208 	-9.931103137e-08 	2.58400589e-05
0.9802984274 	0.01318891784 	0.006204682694 	-7.20605619e-08 	0.01351139952 	-1.119617548e-07 	2.575648278e-05
0.9809334626 	0.01315305298 	0.006185169746 	-7.731704537e-08 	0.0134623223 	-1.248539833e-07 	2.566292796e-05
0.9815568118 	0.0131113351 	0.006162979166 	-8.261846613e-08 	0.01340764121 	-1.379132988e-07 	2.55586906e-05
0.9821686893 	0.01306340583 	0.006137937708 	-8.793298935e-08 	0.01334696475 	-1.510677661e-07 	2.544302441e-05
0.9827693059 	0.01300887533 	0.006109858094 	-9.32314365e-08 	0.01327987308 	-1.642503339e-07 	2.531512903e-05
0.9833588682 	0.01294731499 	0.006078535724 	-9.848849837e-08 	0.013205911 	-1.774013867e-07 	2.517413677e-05
0.9839375792 	0.01287824912 	0.006043744851 	-1.036840877e-07 	0.01312457989 	-1.904714381e-07 	2.501909706e-05
0.9845056383 	0.01280114516 	0.006005234153 	-1.088049046e-07 	0.0130353281 	-2.034240911e-07 	2.484895835e-05
0.9850632409 	0.01271540256 	0.005962721623 	-1.138460492e-07 	0.01293754015 	-2.162389274e-07 	2.466254733e-05
0.9856105793 	0.01262033978 	0.005915888711 	-1.188125295e-07 	0.01283052416 	-2.289142445e-07 	2.445854511e-05
0.9861478418 	0.01251517958 	0.005864373658 	-1.237203536e-07 	0.01271349756 	-2.414696517e-07 	2.423545989e-05
0.9866752136 	0.0123990327 	0.005807763973 	-1.285968178e-07 	0.0125855702 	-2.53948017e-07 	2.399159478e-05
0.9871928764 	0.01227087862 	0.005745588002 	-1.334797557e-07 	0.01244572701 	-2.66412768e-07 	2.37250148e-05
0.9877010086 	0.01212954195 	0.005677304458 	-1.384286353e-07 	0.01229280597 	-2.789771195e-07 	2.343350478e-05
0.9881997853 	0.01197359048 	0.005602254292 	-1.435720205e-07 	0.01212538723 	-2.919213479e-07 	2.311435814e-05
0.9886893783 	0.01180129965 	0.005519647404 	-1.489990001e-07 	0.0119417723 	-3.054486265e-07 	2.276433704e-05
0.9891699566 	0.01161079771 	0.00542863918 	-1.546397273e-07 	0.01174018027 	-3.194101069e-07 	2.238004661e-05
0.9896416856 	0.01140014278 	0.005328336185 	-1.604555048e-07 	0.01151860817 	-3.337286406e-07 	2.19576686e-05
0.9901047282 	0.0111880608 	0.005227644974 	-1.660761069e-07 	0.01129658899 	-3.474798516e-07 	2.153443834e-05
0.9904027491 	0.01100069539 	0.005138927402 	-1.706687578e-07 	0.01110130886 	-3.587785639e-07 	2.116218014e-05
0.9907007766 	0.01082176308 	0.005054418191 	-1.749764109e-07 	0.01091559187 	-3.693968311e-07 	2.080815194e-05
0.9909988108 	0.01062793641 	0.004963083297 	-1.794763304e-07 	0.01071504026 	-3.805536556e-07 	2.042584483e-05
0.9912968515 	0.01041771237 	0.004864255858 	-1.841649643e-07 	0.01049812034 	-3.922776054e-07 	2.001233518e-05
0.9915948988 	0.01018940054 	0.004757210247 	-1.890208248e-07 	0.01026320466 	-4.045956544e-07 	1.956452059e-05
0.9918929527 	0.009941157706 	0.004641164925 	-1.939954557e-07 	0.01000847757 	-4.175145504e-07 	1.907893996e-05
0.9921910132 	0.009670970253 	0.004515287312 	-1.990046255e-07 	0.009731947374 	-4.310133739e-07 	1.855179655e-05
0.9924890802 	0.009376632191 	0.004378696598 	-2.039327637e-07 	0.009431427818 	-4.450693137e-07 	1.797892275e-05
0.9927871539 	0.009055652635 	0.004227833589 	-2.14880054e-07 	0.009104398993 	-4.599120232e-07 	1.735551492e-05
0.9930852341 	0.008705324295 	0.004061222505 	-2.257520963e-07 	0.008748175937 	-4.752592558e-07 	1.667645477e-05
0.993383321 	0.008322969211 	0.003880353129 	-2.307286824e-07 	0.008360175217 	-4.903043733e-07 	1.593681755e-05
0.9936814144 	0.00790604695 	0.003684319679 	-2.360634624e-07 	0.007937907458 	-5.044246474e-07 	1.513185784e-05
0.9939795144 	0.007452228974 	0.003471705921 	-2.411305218e-07 	0.007479069364 	-5.168190299e-07 	1.425718491e-05
0.994277621 	0.006959596568 	0.00324138611 	-2.452505402e-07 	0.006981767663 	-5.264845885e-07 	1.330918965e-05
0.9945757342 	0.006426978015 	0.002992677486 	-2.476647761e-07 	0.006444869287 	-5.321394399e-07 	1.228571212e-05
0.9948738539 	0.005854438443 	0.002725545845 	-2.474995675e-07 	0.00586848682 	-5.320584022e-07 	1.118696694e-05
0.9951719802 	0.005243950688 	0.002440882314 	-2.437629815e-07 	0.005254602176 	-5.24182573e-07 	1.001673219e-05
0.9954701132 	0.004600330939 	0.002140861636 	-2.354271812e-07 	0.004607656053 	-5.064940827e-07 	8.783473069e-06
0.9957682527 	0.003931705457 	0.001829355737 	-2.215810607e-07 	0.003936385672 	-4.76490836e-07 	7.503845152e-06
0.9960663988 	0.003250579743 	0.001512334553 	-2.016534614e-07 	0.003254302837 	-4.333622231e-07 	6.203605694e-06
0.9963645514 	0.002574354153 	0.001172047953 	-1.964766181e-07 	0.002576913066 	-3.789732201e-07 	4.91231252e-06
0.9966627107 	0.001925551338 	0.0008074134261 	-1.733277629e-07 	0.001925905875 	-3.11924874e-07 	3.671311875e-06
0.9969608765 	0.001335906719 	0.000482570827 	-1.148845994e-07 	0.001335068653 	-2.337559172e-07 	2.545011916e-06
0.9972590489 	0.0008422395471 	0.0002479619667 	-6.363043268e-08 	0.0008414186463 	-1.551315677e-07 	1.6039778e-06
0.9975572279 	0.0004704135883 	0.0001049574121 	-2.797340912e-08 	0.0004698404667 	-8.832808044e-08 	8.95646515e-07
0.9978554135 	0.0002240691822 	3.451786282e-05 	-9.143211045e-09 	0.0002237371678 	-4.129389451e-08 	4.265052263e-07
0.9981536057 	8.517338592e-05 	8.037986392e-06 	-2.002317064e-09 	8.502937005e-05 	-1.469253227e-08 	1.62089612e-07
0.9984518044 	2.274781228e-05 	1.116158383e-06 	-2.390945097e-10 	2.270635003e-05 	-3.388380344e-09 	4.328461406e-08
0.9987500097 	3.287011514e-06 	6.280414168e-08 	-8.924762953e-12 	3.280824418e-06 	-3.399412821e-10 	6.254163199e-09
0.9990482216 	2.101820126e-07 	8.125206132e-10 	1.342931853e-14 	2.097823003e-07 	-3.483208978e-13 	3.999033703e-10
0.9990482216 	2.101820126e-07 	8.125206132e-10 	1.342931853e-14 	2.097823003e-07 	-3.483208978e-13 	3.999033703e-10
