0.4709558481 	5.793621152e-07 	-2.335546015e-09 	5.114702409e-14 	5.782597531e-07 	-8.860331998e-12 	1.102323808e-09
0.4711314108 	6.50446543e-06 	-1.024248206e-07 	2.241956257e-12 	6.49208613e-06 	-9.947094982e-11 	1.237572055e-08
0.4713069734 	3.624319781e-05 	-1.333221042e-06 	2.912307336e-11 	3.61741939e-05 	-5.540200919e-10 	6.895806767e-08
0.471482536 	0.0001204893261 	-8.254978874e-06 	1.792719932e-10 	0.0001202599057 	-1.83863437e-09 	2.292488047e-07
0.4716580986 	0.0002964553522 	-3.294719106e-05 	7.065340543e-10 	0.0002958903114 	-4.502594316e-09 	5.64049172e-07
0.4718336613 	0.0006014120834 	-9.795279976e-05 	2.053784646e-09 	0.0006002576006 	-9.043089007e-09 	1.14425782e-06
0.4720092239 	0.001065843499 	-0.0002348373799 	4.755920173e-09 	0.001063759241 	-1.574275233e-08 	2.02782077e-06
0.4721847865 	0.001705418158 	-0.0004763579488 	9.199123767e-09 	0.001701992385 	-2.450793817e-08 	3.244470531e-06
0.4723603491 	0.002514912852 	-0.0008446356239 	1.537327515e-08 	0.002509534257 	-3.480767039e-08 	4.783869783e-06
0.4725359118 	0.003467792848 	-0.001341970332 	2.281457941e-08 	0.003460115428 	-4.587066181e-08 	6.595941696e-06
0.4727114744 	0.004522645771 	-0.001950484362 	3.083808575e-08 	0.004513875603 	-5.69011013e-08 	8.604701466e-06
0.472887037 	0.005636861389 	-0.00258067676 	3.429069812e-08 	0.00562706378 	-6.727169772e-08 	1.072674753e-05
0.4730625996 	0.006779039906 	-0.003149032686 	3.592801249e-08 	0.006765388968 	-7.70700054e-08 	1.289671172e-05
0.4732381623 	0.00792662788 	-0.003681821421 	4.024718421e-08 	0.007908849204 	-8.639936955e-08 	1.507646473e-05
0.4734137249 	0.009060669893 	-0.004208631785 	4.416783849e-08 	0.009040841362 	-9.4845592e-08 	1.723435641e-05
0.4735892875 	0.01016674667 	-0.004722443269 	4.766772663e-08 	0.01014489794 	-1.023187435e-07 	1.93389951e-05
0.4737648501 	0.0112341914 	-0.005218201079 	5.074923603e-08 	0.01120972955 	-1.08918996e-07 	2.13688601e-05
0.4739404128 	0.01225553269 	-0.005692533644 	5.343026216e-08 	0.01222850426 	-1.14659045e-07 	2.331092786e-05
0.4741159754 	0.01322641394 	-0.006143431536 	5.573803159e-08 	0.01319690407 	-1.195923492e-07 	2.515696705e-05
0.474291538 	0.01414473869 	-0.006569951219 	5.77056903e-08 	0.01411281406 	-1.237835171e-07 	2.690294606e-05
0.4744671006 	0.01501005787 	-0.006971976163 	5.937151237e-08 	0.01497577985 	-1.272986157e-07 	2.854799869e-05
0.4746426632 	0.01582308395 	-0.007350046465 	6.077992382e-08 	0.01578651557 	-1.301998928e-07 	3.009348632e-05
0.4748182259 	0.01658530604 	-0.007705248167 	6.19829578e-08 	0.01654650931 	-1.325436743e-07 	3.15422456e-05
0.4749937885 	0.01729869293 	-0.008039140131 	6.304093477e-08 	0.017257727 	-1.343795698e-07 	3.289802421e-05
0.4751693511 	0.01796548352 	-0.00835369676 	6.402228007e-08 	0.01792240346 	-1.357520867e-07 	3.416508228e-05
0.4753449137 	0.0185880817 	-0.008650171803 	6.441826122e-08 	0.01854293632 	-1.367097265e-07 	3.534799036e-05
0.4755204764 	0.01916910086 	-0.008922529731 	6.443726805e-08 	0.01912194645 	-1.373155963e-07 	3.64517446e-05
0.475696039 	0.01971146725 	-0.009171388424 	6.4574244e-08 	0.01966235178 	-1.376124795e-07 	3.748190737e-05
0.4758716016 	0.02021800565 	-0.009404087966 	6.457678156e-08 	0.02016686998 	-1.376191286e-07 	3.844365927e-05
0.4760471642 	0.02069106846 	-0.00962162745 	6.445655285e-08 	0.02063793654 	-1.373608005e-07 	3.934164307e-05
0.4762227269 	0.02119180019 	-0.009852130264 	6.418386157e-08 	0.02113678389 	-1.367772359e-07 	4.029258475e-05
0.4764955107 	0.02176465874 	-0.01011606062 	6.365703522e-08 	0.02170736828 	-1.356469818e-07 	4.138027719e-05
0.4767734216 	0.0223396377 	-0.01038112111 	6.2851793e-08 	0.02227948068 	-1.339132819e-07 	4.247088244e-05
0.4770565557 	0.02286383675 	-0.01062289381 	6.181196046e-08 	0.02280075436 	-1.316719355e-07 	4.346457494e-05
0.4773450114 	0.02334004711 	-0.01084263705 	6.053823969e-08 	0.02327419876 	-1.28923776e-07 	4.436709157e-05
0.4776388886 	0.02377081979 	-0.01104146534 	5.902681118e-08 	0.02370223291 	-1.256583553e-07 	4.518304362e-05
0.4779382892 	0.02415834734 	-0.01122035878 	5.727329291e-08 	0.02408702336 	-1.218642465e-07 	4.591656117e-05
0.4782433171 	0.02450459315 	-0.01138020558 	5.527721249e-08 	0.02443053456 	-1.175383374e-07 	4.6571389e-05
0.4785540779 	0.0248114976 	-0.01152188601 	5.305807915e-08 	0.02473468732 	-1.127236123e-07 	4.715118868e-05
0.4788706795 	0.02508163349 	-0.01164657053 	5.063797399e-08 	0.02500205574 	-1.074713314e-07 	4.76608672e-05
0.4791932316 	0.02531804602 	-0.01175564264 	4.801115063e-08 	0.02523571098 	-1.017706045e-07 	4.810627903e-05
0.4795218461 	0.02552312025 	-0.0118501857 	4.51687867e-08 	0.02543803081 	-9.560275241e-08 	4.849195686e-05
0.4798566368 	0.02569860347 	-0.01193099908 	4.211214768e-08 	0.02561073949 	-8.89717125e-08 	4.88211876e-05
0.48019772 	0.02584606963 	-0.01199880764 	3.884182951e-08 	0.02575541057 	-8.187936834e-08 	4.909697089e-05
0.4805452138 	0.02596693142 	-0.01205426382 	3.535769191e-08 	0.0258734611 	-7.432555285e-08 	4.932200801e-05
0.4808992388 	0.02606245126 	-0.01209795076 	3.165886286e-08 	0.02596615275 	-6.630863516e-08 	4.949870406e-05
0.4812599177 	0.02613374874 	-0.01213038625 	2.774377272e-08 	0.02603460485 	-5.782543761e-08 	4.962919278e-05
0.4816273755 	0.02618181065 	-0.01215202722 	2.361020307e-08 	0.02607980465 	-4.887133279e-08 	4.971535618e-05
0.4820017397 	0.02620750141 	-0.0121632744 	1.925534241e-08 	0.02610261767 	-3.944037095e-08 	4.975884413e-05
0.48238314 	0.02621157327 	-0.01216447696 	1.467584644e-08 	0.02610379781 	-2.952541403e-08 	4.97610938e-05
0.4827717088 	0.02619467601 	-0.01215593695 	9.867902306e-09 	0.02608399712 	-1.911827433e-08 	4.972334818e-05
0.4831675807 	0.02615736616 	-0.01213791348 	4.827297556e-09 	0.026043775 	-8.209861988e-09 	4.964667365e-05
0.4835708931 	0.02610011543 	-0.01211062668 	-4.505047224e-10 	0.02598360671 	3.209655029e-09 	4.953197616e-05
0.4839817856 	0.02602331861 	-0.01207426131 	-5.970282723e-09 	0.02590389123 	1.515067404e-08 	4.938001629e-05
0.4844004009 	0.02592730083 	-0.01202897015 	-1.173696223e-08 	0.02580495855 	2.762395868e-08 	4.919142312e-05
0.4848268841 	0.02581232431 	-0.01197487709 	-1.775550987e-08 	0.02568707647 	4.064041199e-08 	4.89667071e-05
0.485261383 	0.02567859457 	-0.01191208009 	-2.403081084e-08 	0.02555045681 	5.421081531e-08 	4.870627206e-05
0.4857040484 	0.02552626643 	-0.01184065391 	-3.056752783e-08 	0.0253952614 	6.834552614e-08 	4.841042648e-05
0.4861550336 	0.02535544952 	-0.01176065273 	-3.736993867e-08 	0.02522160768 	8.305412834e-08 	4.807939422e-05
0.4866144951 	0.02516621377 	-0.01167211267 	-4.444174961e-08 	0.02502957413 	9.834502721e-08 	4.77133249e-05
0.4870825921 	0.02495859471 	-0.01157505431 	-5.178588157e-08 	0.02481920561 	1.142249826e-07 	4.731230404e-05
0.487559487 	0.02473259873 	-0.01146948507 	-5.940422725e-08 	0.02459051866 	1.306985727e-07 	4.687636315e-05
0.4880453452 	0.02448820846 	-0.01135540178 	-6.729737745e-08 	0.02434350685 	1.477675835e-07 	4.640548999e-05
0.4885403351 	0.02422538823 	-0.01123279315 	-7.546431637e-08 	0.02407814626 	1.654303174e-07 	4.589963895e-05
0.4890446283 	0.02394408978 	-0.01110164238 	-8.390208891e-08 	0.02379440116 	1.836808239e-07 	4.535874192e-05
0.4895583997 	0.02364425811 	-0.01096192988 	-9.260544798e-08 	0.0234922299 	2.025080605e-07 	4.478271952e-05
0.4900818274 	0.02332583766 	-0.01081363599 	-1.015664995e-07 	0.02317159104 	2.218950154e-07 	4.417149272e-05
0.4906150929 	0.02298877862 	-0.01065674377 	-1.107743778e-07 	0.02283244963 	2.418178568e-07 	4.352499495e-05
0.4911583811 	0.02263304336 	-0.01049124183 	-1.202150047e-07 	0.02247478362 	2.622452276e-07 	4.284318413e-05
0.4917118805 	0.02225861268 	-0.01031712692 	-1.298710123e-07 	0.02209858998 	2.831378718e-07 	4.21260545e-05
0.4922757829 	0.02186549149 	-0.01013440621 	-1.39721927e-07 	0.02170389038 	3.044488359e-07 	4.137364735e-05
0.4928502838 	0.02145371348 	-0.009943098986 	-1.497447221e-07 	0.0212907357 	3.261244979e-07 	4.05860597e-05
0.4934355824 	0.02102334378 	-0.009743237226 	-1.599148123e-07 	0.02085920869 	3.481065625e-07 	3.976344927e-05
0.4940318817 	0.02057447859 	-0.009534864706 	-1.702075043e-07 	0.02040942373 	3.703349157e-07 	3.890603414e-05
0.4946393885 	0.0201072406 	-0.009318033901 	-1.805998167e-07 	0.01994152242 	3.927510769e-07 	3.801408419e-05
0.4952583133 	0.01962176917 	-0.009092800242 	-1.910724773e-07 	0.01945566362 	4.153014128e-07 	3.708790228e-05
0.4958888709 	0.0191182053 	-0.008859213819 	-2.016116727e-07 	0.01895200924 	4.379373882e-07 	3.612779705e-05
0.4965312797 	0.01859666763 	-0.008617310468 	-2.12209407e-07 	0.01843072398 	4.605924767e-07 	3.513408246e-05
0.4971857627 	0.01805725949 	-0.008367107921 	-2.228596122e-07 	0.01789194727 	4.83234395e-07 	3.410702431e-05
0.4978525466 	0.01750013815 	-0.008108622887 	-2.33537807e-07 	0.01733577354 	5.058490356e-07 	3.304680259e-05
0.4985318627 	0.01692755446 	-0.007842899 	-2.427949924e-07 	0.01676441481 	5.254211123e-07 	3.195763405e-05
0.4992239466 	0.01634480913 	-0.007572493845 	-2.491552747e-07 	0.0161832623 	5.388585001e-07 	3.084979585e-05
0.4999290382 	0.01575659598 	-0.00729963078 	-2.536866582e-07 	0.01559702825 	5.483928651e-07 	2.973227081e-05
0.5006473819 	0.01516567946 	-0.007025536178 	-2.572010534e-07 	0.01500838315 	5.55660668e-07 	2.861014965e-05
0.501379227 	0.01457481096 	-0.006751414457 	-2.592983444e-07 	0.01442003412 	5.597170215e-07 	2.748859287e-05
0.502124827 	0.01398737948 	-0.006478768967 	-2.596762789e-07 	0.01383535446 	5.598974094e-07 	2.637403094e-05
0.5028844406 	0.01340755692 	-0.006209475625 	-2.578708485e-07 	0.0132584923 	5.55220909e-07 	2.527437133e-05
0.5036583311 	0.01284043009 	-0.005945877667 	-2.533630705e-07 	0.01269460596 	5.44554562e-07 	2.419944725e-05
0.5044467669 	0.01229203068 	-0.005690773594 	-2.457208289e-07 	0.01214965027 	5.272375403e-07 	2.316061024e-05
0.5052500214 	0.01177018445 	-0.005447240427 	-2.347972724e-07 	0.01162766239 	5.055415302e-07 	2.216555626e-05
0.506068373 	0.0112191888 	-0.005190189741 	-2.188505886e-07 	0.01107832852 	4.688761147e-07 	2.111837322e-05
0.507324668 	0.01060906218 	-0.004907344199 	-1.96235497e-07 	0.01048193906 	4.135685329e-07 	1.998148915e-05
0.5085949819 	0.01003022393 	-0.00454354834 	-2.66503869e-07 	0.009911538453 	3.709278702e-07 	1.889414706e-05
0.5098794711 	0.009528082693 	-0.004101832969 	-3.188035676e-07 	0.009405875026 	3.365128423e-07 	1.793021203e-05
0.5111782938 	0.009084641843 	-0.003688968558 	-2.744267788e-07 	0.008968324449 	2.919599486e-07 	1.709611902e-05
0.5124916099 	0.008698591474 	-0.003326587623 	-2.505463558e-07 	0.00859438333 	2.539137846e-07 	1.638328331e-05
0.5138195812 	0.008372105557 	-0.003000304003 	-2.30729578e-07 	0.008275027242 	2.188785664e-07 	1.577450185e-05
0.5151623712 	0.008100913633 	-0.002705407205 	-2.127022745e-07 	0.008009526809 	1.805720552e-07 	1.526838423e-05
0.5165201452 	0.007880311627 	-0.002438513332 	-1.958940904e-07 	0.007794672241 	1.44719002e-07 	1.485881171e-05
0.5178930705 	0.007705685911 	-0.002197770923 	-1.779705893e-07 	0.007625373265 	1.11035329e-07 	1.453608081e-05
0.5192813161 	0.007572445975 	-0.001983336717 	-1.597192607e-07 	0.007497476985 	7.889320905e-08 	1.429227495e-05
0.520685053 	0.007477260869 	-0.001791200719 	-1.469478294e-07 	0.007407490512 	4.868406341e-08 	1.412073572e-05
0.522104454 	0.007416243259 	-0.001613347532 	-1.384890372e-07 	0.007350953315 	2.207937002e-08 	1.401296011e-05
0.523539694 	0.007383417208 	-0.001447041542 	-1.301137923e-07 	0.007322268073 	-2.650190954e-10 	1.395827807e-05
0.5249909497 	0.00737292959 	-0.001292119373 	-1.224084168e-07 	0.007316029705 	-1.861754542e-08 	1.3946386e-05
0.5264583998 	0.007380316182 	-0.001146937705 	-1.15914964e-07 	0.007327578852 	-3.361623627e-08 	1.396840189e-05
0.527942225 	0.007402039039 	-0.001009930286 	-1.10495025e-07 	0.007353298895 	-4.601005669e-08 	1.401743144e-05
0.5294426081 	0.00743525815 	-0.0008797660527 	-1.059948137e-07 	0.007390435601 	-5.629027008e-08 	1.408822432e-05
0.5309597337 	0.007477740475 	-0.0007553378848 	-1.022700045e-07 	0.007436782018 	-6.483640899e-08 	1.417657347e-05
0.5324937889 	0.007527714294 	-0.0006357308437 	-9.919840801e-08 	0.007490582364 	-7.196301768e-08 	1.427913189e-05
0.5340449624 	0.007583766774 	-0.0005201859293 	-9.667818048e-08 	0.007550436521 	-7.79225939e-08 	1.439323054e-05
0.5356134452 	0.007644766134 	-0.0004080710509 	-9.462478505e-08 	0.007615223146 	-8.291744639e-08 	1.451673186e-05
0.5371994306 	0.007709801624 	-0.0002988572983 	-9.2968498e-08 	0.007684039626 	-8.711032857e-08 	1.464791519e-05
0.5388031139 	0.007778136396 	-0.0001920996876 	-9.165194191e-08 	0.007756156638 	-9.063291455e-08 	1.478539026e-05
0.5404246925 	0.0078491727 	-8.742819923e-05 	-9.059108181e-08 	0.007830979181 	-9.359147389e-08 	1.492802283e-05
0.5420643661 	0.007922422794 	1.54654188e-05 	-8.978432973e-08 	0.007908021759 	-9.607145874e-08 	1.507488739e-05
0.5437223366 	0.007997482692 	0.0001168720507 	-8.927811721e-08 	0.0079868895 	-9.814622527e-08 	1.522523123e-05
0.5453988083 	0.00807402064 	0.0002170570221 	-8.896922019e-08 	0.008067252648 	-9.987648166e-08 	1.537842572e-05
0.5470939875 	0.008151762577 	0.000316216293 	-8.879520891e-08 	0.008148837976 	-1.013093654e-07 	1.553395004e-05
0.5488080831 	0.008230478293 	0.0004145134631 	-8.877877061e-08 	0.008231418846 	-1.024854408e-07 	1.569137213e-05
0.5505413061 	0.00830997528 	0.0005121065034 	-8.890518816e-08 	0.008314803425 	-1.034392999e-07 	1.585032631e-05
0.5522938699 	0.008390090238 	0.0006091349516 	-8.916210451e-08 	0.008398831076 	-1.041999218e-07 	1.601050637e-05
0.5540659904 	0.008470684458 	0.0007057227038 	-8.953910246e-08 	0.008483365102 	-1.047920351e-07 	1.617165171e-05
0.5558578859 	0.00855163905 	0.0008019802182 	-9.002705331e-08 	0.008568289027 	-1.052366812e-07 	1.633354032e-05
0.5576697768 	0.008632851445 	0.0008980064062 	-9.061843666e-08 	0.008653502893 	-1.055518644e-07 	1.649598163e-05
0.5595018865 	0.008714232727 	0.0009938906596 	-9.130744856e-08 	0.008738919903 	-1.057532835e-07 	1.665881019e-05
0.5613544406 	0.008795704876 	0.001089714152 	-9.208863892e-08 	0.008824464874 	-1.058544645e-07 	1.682188268e-05
0.563227667 	0.008877198983 	0.001185550329 	-9.295711591e-08 	0.008910072061 	-1.05867058e-07 	1.698507377e-05
0.5651217966 	0.00895865385 	0.001281465849 	-9.390906393e-08 	0.008995683223 	-1.058013921e-07 	1.714827244e-05
0.5670370626 	0.009040014488 	0.001377521599 	-9.494126537e-08 	0.00908124672 	-1.056665799e-07 	1.731138025e-05
0.5689737009 	0.009121231101 	0.001473773295 	-9.60509699e-08 	0.009166716337 	-1.054706346e-07 	1.747430909e-05
0.5709319499 	0.009202258196 	0.001570271972 	-9.723583107e-08 	0.009252050381 	-1.052206724e-07 	1.76369795e-05
0.5729120508 	0.009283053835 	0.001667064395 	-9.849384475e-08 	0.009337210943 	-1.049230332e-07 	1.77993192e-05
0.5749142474 	0.009363579009 	0.001764193385 	-9.982329145e-08 	0.009422163275 	-1.045833833e-07 	1.796126196e-05
0.5769387863 	0.009443797105 	0.001861698097 	-1.012226811e-07 	0.009506875257 	-1.042068026e-07 	1.812274654e-05
0.5789859169 	0.009523673458 	0.001959614214 	-1.026907006e-07 	0.009591316949 	-1.03797858e-07 	1.828371587e-05
0.5810558911 	0.009603174967 	0.002057974109 	-1.042261629e-07 	0.009675460199 	-1.033606637e-07 	1.84441163e-05
0.583148964 	0.009682269759 	0.002156806933 	-1.058279587e-07 	0.009759278309 	-1.028989331e-07 	1.860389691e-05
0.5852653933 	0.009760926902 	0.002256138678 	-1.074950078e-07 	0.009842745736 	-1.024160213e-07 	1.876300902e-05
0.5874054395 	0.00983911615 	0.002355992174 	-1.092262113e-07 	0.009925837833 	-1.019149613e-07 	1.892140565e-05
0.5895693664 	0.009916807722 	0.002456387056 	-1.11020402e-07 	0.01000853062 	-1.013984946e-07 	1.907904109e-05
0.5917574402 	0.009993972101 	0.002557339672 	-1.128762931e-07 	0.01009080056 	-1.00869097e-07 	1.923587046e-05
0.5939699306 	0.01007057986 	0.002658862957 	-1.147924244e-07 	0.01017262438 	-1.003290005e-07 	1.93918494e-05
0.5962071099 	0.01014660149 	0.002760966242 	-1.167671024e-07 	0.01025397888 	-9.97802112e-08 	1.954693369e-05
0.5984692536 	0.01022200728 	0.002863655022 	-1.187983358e-07 	0.01033484078 	-9.922452479e-08 	1.970107895e-05
0.6007566404 	0.01029676715 	0.00296693066 	-1.208837622e-07 	0.01041518655 	-9.866353883e-08 	1.985424031e-05
0.6030695519 	0.0103708506 	0.003070790022 	-1.230205663e-07 	0.01049499224 	-9.809866227e-08 	2.000637214e-05
0.6054082729 	0.01044422651 	0.003175225044 	-1.252053849e-07 	0.01057423338 	-9.753112251e-08 	2.015742779e-05
0.6077730914 	0.01051686314 	0.003280222213 	-1.274341993e-07 	0.01065288481 	-9.696196937e-08 	2.030735926e-05
0.6101642987 	0.01058872801 	0.003385761951 	-1.297022095e-07 	0.0107309205 	-9.639207613e-08 	2.045611697e-05
0.6125821893 	0.01065978782 	0.003491817889 	-1.320036907e-07 	0.01080831348 	-9.582213679e-08 	2.060364951e-05
0.6150270608 	0.01073000844 	0.003598356016 	-1.343318271e-07 	0.01088503565 	-9.525265917e-08 	2.07499033e-05
0.6174992144 	0.01079935485 	0.003705333675 	-1.366785226e-07 	0.01096105766 	-9.468395306e-08 	2.089482237e-05
0.6199989545 	0.01086779114 	0.003812698386 	-1.390341878e-07 	0.01103634872 	-9.41161127e-08 	2.103834806e-05
0.622526589 	0.01093528052 	0.003920386471 	-1.413875051e-07 	0.01111087652 	-9.354899368e-08 	2.118041875e-05
0.625082429 	0.01100178533 	0.004028321439 	-1.437251758e-07 	0.011184607 	-9.298218614e-08 	2.132096955e-05
0.6276667894 	0.01106726712 	0.004136412097 	-1.460316609e-07 	0.01125750425 	-9.241498986e-08 	2.145993196e-05
0.6302799884 	0.01113168675 	0.004244550342 	-1.482889273e-07 	0.0113295303 	-9.18464056e-08 	2.159723363e-05
0.6329223478 	0.01119500448 	0.00435260859 	-1.50476212e-07 	0.01140064498 	-9.127516919e-08 	2.173279798e-05
0.6355941931 	0.01125718014 	0.004460436758 	-1.525697881e-07 	0.01147080576 	-9.069987439e-08 	2.186654392e-05
0.6382958531 	0.01131817331 	0.00456785875 	-1.545426359e-07 	0.01153996755 	-9.011934228e-08 	2.199838552e-05
0.6410276607 	0.01137794352 	0.004674668277 	-1.563635221e-07 	0.01160808263 	-8.953320327e-08 	2.21282318e-05
0.6437899523 	0.01143645036 	0.00478062375 	-1.579936751e-07 	0.0116751006 	-8.89438409e-08 	2.225598667e-05
0.646583068 	0.01149365288 	0.00488544277 	-1.593804154e-07 	0.01174097006 	-8.836776485e-08 	2.238155218e-05
0.6494073518 	0.01154951094 	0.004988797412 	-1.604347917e-07 	0.01180563599 	-8.782029578e-08 	2.250482341e-05
0.6522631514 	0.01160398323 	0.005090319247 	-1.610004992e-07 	0.01186904428 	-8.740525022e-08 	2.262569722e-05
0.6551508186 	0.01165699075 	0.005189696748 	-1.611649411e-07 	0.0119312147 	-8.761154153e-08 	2.274421132e-05
0.658070709 	0.01170874403 	0.005286697041 	-1.604924056e-07 	0.0119915634 	-8.525311601e-08 	2.285925272e-05
0.6610231822 	0.01175921247 	0.005381180203 	-1.588245366e-07 	0.01205003871 	-8.592933441e-08 	2.297072291e-05
0.6640086017 	0.01180719371 	0.005474299342 	-1.672069126e-07 	0.01210892437 	-9.206563834e-08 	2.308297535e-05
0.6670273351 	0.01185306951 	0.005552177514 	-1.058699725e-07 	0.01216706822 	-8.286071204e-08 	2.319381369e-05
0.6700797543 	0.01189879947 	0.005595161793 	-3.523273276e-08 	0.01222084139 	-7.332797752e-08 	2.329632029e-05
0.6731662352 	0.01194370643 	0.005618070602 	-3.525017782e-08 	0.01227271924 	-8.087180477e-08 	2.339521389e-05
0.6762871577 	0.01198711808 	0.005640299096 	-3.52252153e-08 	0.01232447608 	-8.38198409e-08 	2.349387682e-05
0.6794429063 	0.01203021661 	0.005661809602 	-3.516516117e-08 	0.01237334335 	-8.147617216e-08 	2.358703142e-05
0.6826338695 	0.01207312771 	0.005682545794 	-3.492784597e-08 	0.01241858261 	-8.105315357e-08 	2.367327003e-05
0.6858604404 	0.01211534191 	0.00570245307 	-3.462797587e-08 	0.01246081968 	-8.049438542e-08 	2.375378562e-05
0.6891230163 	0.01215647094 	0.005721506542 	-3.432634728e-08 	0.01250035619 	-7.982436255e-08 	2.382915319e-05
0.6924219988 	0.01219584444 	0.005739671848 	-3.408354021e-08 	0.01253781964 	-7.88822165e-08 	2.390056894e-05
0.6957577944 	0.01223251598 	0.005756890541 	-3.395612069e-08 	0.01257407503 	-7.729135642e-08 	2.396968179e-05
0.6991308138 	0.01226543784 	0.005773081851 	-3.397424032e-08 	0.01260999265 	-7.509788119e-08 	2.403815075e-05
0.7025414724 	0.01229405801 	0.005788176662 	-3.418855459e-08 	0.01264561868 	-7.055961143e-08 	2.410606388e-05
0.7059901901 	0.01231785507 	0.005802102412 	-3.449532009e-08 	0.01268181753 	-6.592325113e-08 	2.417506895e-05
0.7094773917 	0.01233825677 	0.005813907168 	-5.600889595e-08 	0.0127173809 	-6.999103407e-08 	2.424286261e-05
0.7130035066 	0.01236026402 	0.005805173289 	-7.386139222e-08 	0.01274579144 	-7.676470781e-08 	2.429702099e-05
0.7165689691 	0.0123837157 	0.005784187559 	-6.425867151e-08 	0.01276822973 	-7.706454223e-08 	2.433979462e-05
0.7201742182 	0.01240496557 	0.005771635089 	-5.786085244e-08 	0.01279019956 	-7.692182595e-08 	2.438167522e-05
0.7238196978 	0.0124244932 	0.005760961796 	-5.738200464e-08 	0.01281013793 	-7.842926251e-08 	2.44196833e-05
0.727505857 	0.01244262794 	0.005750366784 	-5.699645721e-08 	0.01282732242 	-7.890749909e-08 	2.44524417e-05
0.7312331497 	0.01245887401 	0.005739171911 	-5.639287907e-08 	0.01284269152 	-7.890007298e-08 	2.448173948e-05
0.7350020349 	0.01247325103 	0.005727047261 	-5.563267643e-08 	0.01285603374 	-7.898089667e-08 	2.450717346e-05
0.7387709215 	0.01248566183 	0.005714021927 	-5.494946345e-08 	0.01286722199 	-7.91262922e-08 	2.452850137e-05
0.7424982157 	0.01249604857 	0.005700212666 	-5.445272765e-08 	0.01287623204 	-7.938580141e-08 	2.454567703e-05
0.7461843763 	0.01250446124 	0.00568567701 	-5.408741415e-08 	0.01288313223 	-7.974611193e-08 	2.455883071e-05
0.7498298574 	0.0125109828 	0.005670424847 	-5.376331664e-08 	0.01288801124 	-8.017134781e-08 	2.456813147e-05
0.7534351078 	0.01251569252 	0.005654465224 	-5.342353582e-08 	0.01289094912 	-8.063412032e-08 	2.457373187e-05
0.7570005716 	0.01251866459 	0.005637813664 	-5.305282526e-08 	0.01289202035 	-8.112026809e-08 	2.457577394e-05
0.7605266877 	0.01251996798 	0.005620494158 	-5.265921638e-08 	0.01289129505 	-8.162493436e-08 	2.457439131e-05
0.7640138905 	0.01251966683 	0.005602537828 	-5.225497762e-08 	0.01288883985 	-8.214649464e-08 	2.456971103e-05
0.7674626093 	0.01251782126 	0.005583980537 	-5.184739172e-08 	0.01288471821 	-8.268283442e-08 	2.456185404e-05
0.770873269 	0.0125144882 	0.005564860937 	-5.143798856e-08 	0.01287899054 	-8.323040563e-08 	2.455093551e-05
0.7742462894 	0.01250972197 	0.005545219279 	-5.102533084e-08 	0.0128717145 	-8.37847659e-08 	2.453706534e-05
0.777582086 	0.0125035747 	0.00552509679 	-5.060769525e-08 	0.01286294528 	-8.434139114e-08 	2.452034878e-05
0.7808810695 	0.01249609654 	0.0055045353 	-5.018432346e-08 	0.01285273604 	-8.489617511e-08 	2.450088713e-05
0.7841436462 	0.01248733599 	0.005483576932 	-4.975545911e-08 	0.01284113816 	-8.54455495e-08 	2.447877835e-05
0.787370218 	0.01247734005 	0.005462263792 	-4.932185947e-08 	0.01282820155 	-8.598638346e-08 	2.445411757e-05
0.7905611821 	0.01246615448 	0.005440637679 	-4.888431058e-08 	0.01281397482 	-8.651582988e-08 	2.442699747e-05
0.7937169314 	0.01245382402 	0.005418739853 	-4.844335618e-08 	0.01279850551 	-8.703120965e-08 	2.439750866e-05
0.7968378547 	0.01244039256 	0.005396610864 	-4.799922676e-08 	0.01278184018 	-8.752995244e-08 	2.436573991e-05
0.7999243362 	0.0124259033 	0.005374290458 	-4.755187317e-08 	0.01276402463 	-8.800957801e-08 	2.433177851e-05
0.8029767561 	0.01241039896 	0.005351817527 	-4.710102127e-08 	0.01274510397 	-8.846769107e-08 	2.429571049e-05
0.8059954902 	0.01239392186 	0.005329230078 	-4.664620134e-08 	0.01272512281 	-8.890197354e-08 	2.425762083e-05
0.8089809102 	0.01237651408 	0.005306565274 	-4.61867785e-08 	0.01270412528 	-8.931017847e-08 	2.421759372e-05
0.8119333839 	0.01235821757 	0.005283859664 	-4.572195508e-08 	0.01268215528 	-8.969011663e-08 	2.417571279e-05
0.8148532749 	0.01233907426 	0.005261149284 	-4.525072412e-08 	0.0126592565 	-9.003963082e-08 	2.413206134e-05
0.8177409426 	0.01231912616 	0.005238469594 	-4.47718699e-08 	0.01263547253 	-9.035657952e-08 	2.40867225e-05
0.8205967427 	0.01229841549 	0.005215855554 	-4.428398877e-08 	0.01261084701 	-9.063882516e-08 	2.403977941e-05
0.8234210268 	0.01227698473 	0.005193341789 	-4.378548967e-08 	0.01258542368 	-9.088421687e-08 	2.399131548e-05
0.8262141429 	0.01225487679 	0.005170962724 	-4.32746033e-08 	0.01255924652 	-9.109057657e-08 	2.394141452e-05
0.8289764348 	0.01223213501 	0.005148752716 	-4.274939286e-08 	0.01253235983 	-9.125568767e-08 	2.389016102e-05
0.8317082427 	0.01220880335 	0.005126746183 	-4.220776526e-08 	0.01250480836 	-9.137728324e-08 	2.383764026e-05
0.8344099031 	0.01218492642 	0.005104977735 	-4.164748234e-08 	0.0124766374 	-9.145303456e-08 	2.37839386e-05
0.8370817486 	0.0121605496 	0.005083482298 	-4.10661718e-08 	0.01244789292 	-9.148053992e-08 	2.372914362e-05
0.8397241082 	0.01213571916 	0.005062295243 	-4.046133791e-08 	0.01241862164 	-9.145731369e-08 	2.367334442e-05
0.8423373074 	0.01211048232 	0.005041452508 	-3.983037201e-08 	0.01238887116 	-9.138077555e-08 	2.361663175e-05
0.844921668 	0.0120848874 	0.005020990719 	-3.917056254e-08 	0.01235869014 	-9.124823973e-08 	2.355909833e-05
0.8474775082 	0.0120589839 	0.005000947308 	-3.847910483e-08 	0.01232812834 	-9.10569044e-08 	2.350083904e-05
0.8500051427 	0.01203282264 	0.004981360627 	-3.775311036e-08 	0.01229723682 	-9.080384115e-08 	2.344195122e-05
0.8525048829 	0.01200645588 	0.00496227006 	-3.698961534e-08 	0.01226606806 	-9.048598444e-08 	2.33825349e-05
0.8549770366 	0.01197993745 	0.004943716132 	-3.618558873e-08 	0.01223467608 	-9.010012091e-08 	2.332269307e-05
0.8574219081 	0.01195332286 	0.004925740614 	-3.533793947e-08 	0.01220311666 	-8.964287867e-08 	2.326253203e-05
0.8598397987 	0.01192666951 	0.004908386633 	-3.444352299e-08 	0.01217144742 	-8.911071647e-08 	2.320216165e-05
0.862231006 	0.01190003679 	0.004891698772 	-3.349914715e-08 	0.01213972805 	-8.849991267e-08 	2.314169572e-05
0.8645958245 	0.01187348628 	0.004875723171 	-3.25015774e-08 	0.01210802047 	-8.780655399e-08 	2.308125226e-05
0.8669345455 	0.01184708191 	0.004860507636 	-3.144754135e-08 	0.01207638902 	-8.702652412e-08 	2.302095394e-05
0.8692474569 	0.01182089016 	0.004846101733 	-3.033373295e-08 	0.01204490067 	-8.615549213e-08 	2.296092838e-05
0.8715348435 	0.01179498024 	0.004832556897 	-2.915681629e-08 	0.0120136252 	-8.518890061e-08 	2.290130864e-05
0.8737969871 	0.01176942436 	0.004819926531 	-2.791342915e-08 	0.01198263546 	-8.41219536e-08 	2.284223358e-05
0.8760341663 	0.01174429787 	0.00480826611 	-2.660018676e-08 	0.01195200759 	-8.294960435e-08 	2.278384835e-05
0.8782466565 	0.01171967961 	0.004797633288 	-2.521368561e-08 	0.01192182128 	-8.1666543e-08 	2.272630485e-05
0.8804347301 	0.01169565207 	0.004788088002 	-2.375050816e-08 	0.01189216002 	-8.026718393e-08 	2.266976226e-05
0.8825986568 	0.01167230174 	0.004779692572 	-2.220722839e-08 	0.01186311141 	-7.874565319e-08 	2.261438753e-05
0.8847387028 	0.01164971935 	0.004772511815 	-2.058041902e-08 	0.01183476743 	-7.709577588e-08 	2.256035602e-05
0.8868551318 	0.01162800023 	0.00476661314 	-1.886666064e-08 	0.01180722477 	-7.531106374e-08 	2.250785206e-05
0.8889482045 	0.0116072446 	0.004762066652 	-1.706255383e-08 	0.01178058518 	-7.338470268e-08 	2.24570696e-05
0.8910181784 	0.01158755797 	0.004758945243 	-1.516473499e-08 	0.01175495582 	-7.130954083e-08 	2.240821291e-05
0.8930653087 	0.01156905146 	0.004757324683 	-1.316989689e-08 	0.01173044963 	-6.90780771e-08 	2.236149731e-05
0.8950898473 	0.01155184225 	0.004757283688 	-1.107481543e-08 	0.01170718578 	-6.668245027e-08 	2.231714994e-05
0.8970920436 	0.01153605399 	0.004758903983 	-8.876384316e-09 	0.01168529003 	-6.41144289e-08 	2.227541056e-05
0.8990721441 	0.01152181722 	0.004762270329 	-6.571659848e-09 	0.01166489528 	-6.136540206e-08 	2.22365325e-05
0.9010303927 	0.0115092699 	0.004767470529 	-4.157918307e-09 	0.01164614199 	-5.842637141e-08 	2.220078351e-05
0.9029670306 	0.01149855789 	0.00477459538 	-1.632729528e-09 	0.01162917872 	-5.528794425e-08 	2.216844681e-05
0.9048822962 	0.01148983548 	0.00478373858 	1.005949239e-09 	0.01161416273 	-5.194032775e-08 	2.213982215e-05
0.9067764254 	0.011483266 	0.004794996543 	3.759654482e-09 	0.01160126051 	-4.837332426e-08 	2.211522694e-05
0.9086496514 	0.0114790224 	0.004808468128 	6.629267218e-09 	0.01159064848 	-4.457632811e-08 	2.209499745e-05
0.910502205 	0.01147728794 	0.004824254232 	9.614827934e-09 	0.01158251362 	-4.053832326e-08 	2.207949015e-05
0.9123343142 	0.01147825684 	0.004842457212 	1.27153109e-08 	0.01157705426 	-3.624788164e-08 	2.206908309e-05
0.9141462048 	0.01148213508 	0.004863180086 	1.592835538e-08 	0.01157448082 	-3.16931622e-08 	2.206417741e-05
0.9159380997 	0.01148914116 	0.004886525453 	1.924995456e-08 	0.01157501674 	-2.686190992e-08 	2.206519901e-05
0.9177102197 	0.011499507 	0.004912594039 	2.267410596e-08 	0.01157889934 	-2.174145148e-08 	2.207260033e-05
0.9194627831 	0.01151347892 	0.004941482774 	2.619242395e-08 	0.01158638093 	-1.631868138e-08 	2.208686232e-05
0.9211960055 	0.01153131865 	0.004973282272 	2.97936923e-08 	0.01159772991 	-1.058002245e-08 	2.210849663e-05
0.9229101006 	0.01155330454 	0.00500807356 	3.346325628e-08 	0.01161323206 	-4.511327814e-09 	2.213804805e-05
0.9246052793 	0.01157973292 	0.005045923868 	3.718195355e-08 	0.01163319202 	1.902344414e-09 	2.217609726e-05
0.9262817504 	0.01161091961 	0.005086881236 	4.09238694e-08 	0.01165793486 	8.677248979e-09 	2.222326401e-05
0.9279397204 	0.01164720169 	0.005130967614 	4.465142182e-08 	0.01168780818 	1.583188329e-08 	2.228021085e-05
0.9295793934 	0.01168893948 	0.005178169863 	4.830526012e-08 	0.01172318438 	2.338903937e-08 	2.234764771e-05
0.9312009714 	0.01173651841 	0.005228427907 	5.178845044e-08 	0.01176446446 	3.138197313e-08 	2.242633902e-05
0.9328046541 	0.01179034904 	0.0052816224 	5.494587218e-08 	0.01181208679 	3.984689836e-08 	2.251712042e-05
0.9343906389 	0.01185087277 	0.005337568106 	5.756982569e-08 	0.01186652605 	4.885695452e-08 	2.262089678e-05
0.9359591211 	0.01191854287 	0.005396067518 	5.966810977e-08 	0.0119283446 	5.86292449e-08 	2.273874011e-05
0.937510294 	0.01199380464 	0.005457284436 	6.145790454e-08 	0.01199825562 	6.771442616e-08 	2.287200996e-05
0.9390443485 	0.0120779654 	0.005522000042 	6.407641097e-08 	0.01207540177 	7.801998843e-08 	2.301907195e-05
0.9405614735 	0.01217107041 	0.005593146989 	7.626888936e-08 	0.01216163709 	9.118570786e-08 	2.318346044e-05
0.942061856 	0.01227254113 	0.00568019843 	6.867347619e-08 	0.01226051896 	1.008489529e-07 	2.337195678e-05
0.9435456805 	0.01238648446 	0.005756514147 	5.394532755e-08 	0.01236809871 	1.102611415e-07 	2.357703368e-05
0.9450131299 	0.01251577651 	0.005813902349 	6.092570185e-08 	0.01248490737 	1.259861146e-07 	2.379970344e-05
0.946464385 	0.01265980076 	0.005878338495 	6.870863497e-08 	0.01261829811 	1.435076501e-07 	2.405398326e-05
0.9478996243 	0.01282064643 	0.005950715654 	7.720896862e-08 	0.0127694743 	1.614572258e-07 	2.43421671e-05
0.9493190246 	0.01300066442 	0.006031864815 	8.631641332e-08 	0.01293886794 	1.81245882e-07 	2.466507847e-05
0.9507227608 	0.01320094958 	0.006122536674 	9.58965293e-08 	0.01312895892 	2.02125298e-07 	2.502744471e-05
0.9521110058 	0.01342275094 	0.006223360575 	1.057877416e-07 	0.01334119924 	2.237190554e-07 	2.543203375e-05
0.9534839303 	0.01366703011 	0.006334807556 	1.158002988e-07 	0.01357663747 	2.45610092e-07 	2.588084444e-05
0.9548417036 	0.01393435707 	0.006457156454 	1.257182552e-07 	0.01383589508 	2.673159218e-07 	2.637506151e-05
0.9561844929 	0.01422483922 	0.006590463726 	1.353071788e-07 	0.01411910427 	2.883131539e-07 	2.691493694e-05
0.9575124634 	0.01453807805 	0.006734544832 	1.443343384e-07 	0.01442586783 	3.080905204e-07 	2.749971354e-05
0.9588257788 	0.01487316931 	0.006888976996 	1.525916305e-07 	0.01475527091 	3.261979723e-07 	2.812764736e-05
0.9601246008 	0.01522873226 	0.007053113622 	1.598973881e-07 	0.01510591119 	3.42247619e-07 	2.87960652e-05
0.9614090893 	0.0156029188 	0.007226088372 	1.660839126e-07 	0.0154759046 	3.558850524e-07 	2.950137548e-05
0.9626794024 	0.01599336549 	0.007406810427 	1.710007163e-07 	0.01586294694 	3.667806406e-07 	3.023918575e-05
0.9639356968 	0.01636259529 	0.007577899134 	1.742960349e-07 	0.01622976046 	3.741429718e-07 	3.093843427e-05
0.9647540487 	0.01666856074 	0.007719786803 	1.760718938e-07 	0.01653418194 	3.781790741e-07 	3.151874621e-05
0.9655573034 	0.01694041251 	0.007845930964 	1.769674737e-07 	0.01680495158 	3.802986536e-07 	3.203490841e-05
0.9663457395 	0.01721159208 	0.007971842166 	1.77241431e-07 	0.01707538626 	3.810731831e-07 	3.255043207e-05
0.9671196303 	0.01748109609 	0.008097053956 	1.76920581e-07 	0.0173444901 	3.805564577e-07 	3.306341878e-05
0.9678792442 	0.01774798926 	0.008221122553 	1.760369094e-07 	0.0176112792 	3.788208072e-07 	3.357199295e-05
0.9686248445 	0.01801137869 	0.008343628856 	1.746259573e-07 	0.01787484357 	3.759437064e-07 	3.40744199e-05
0.9693566897 	0.0182704256 	0.008464179484 	1.72725658e-07 	0.018134331 	3.720069723e-07 	3.456907506e-05
0.9700750337 	0.01852434866 	0.008582407539 	1.703754282e-07 	0.01838894539 	3.670954318e-07 	3.505444085e-05
0.9707801255 	0.01877242464 	0.008697973054 	1.676154477e-07 	0.01863794823 	3.612953697e-07 	3.552910947e-05
0.9714722095 	0.01901398855 	0.0088105631 	1.644860713e-07 	0.0188806591 	3.546933028e-07 	3.599178385e-05
0.9721515258 	0.0192484331 	0.008919891544 	1.610273343e-07 	0.01911645513 	3.473749828e-07 	3.644127663e-05
0.9728183099 	0.01947520752 	0.009025698499 	1.572785267e-07 	0.01934476981 	3.394245351e-07 	3.687650786e-05
0.9734727929 	0.01969381577 	0.009127749494 	1.532778219e-07 	0.01956509121 	3.309237078e-07 	3.729650167e-05
0.9741152019 	0.01990381422 	0.009225834413 	1.490619597e-07 	0.0197769597 	3.219512243e-07 	3.770038192e-05
0.9747457596 	0.02010480887 	0.009319766219 	1.446659795e-07 	0.01997996533 	3.125822374e-07 	3.808736705e-05
0.9753646845 	0.0202964522 	0.009409379533 	1.401230078e-07 	0.02017374469 	3.028878872e-07 	3.845676438e-05
0.9759721914 	0.02047843979 	0.009494529067 	1.354640979e-07 	0.0203579777 	2.929349607e-07 	3.880796371e-05
0.9765684907 	0.02065050668 	0.009575087957 	1.307181216e-07 	0.02053238402 	2.827856522e-07 	3.914043063e-05
0.9771537895 	0.02081242353 	0.009650946021 	1.259117088e-07 	0.02069671934 	2.724974216e-07 	3.945369942e-05
0.9777282904 	0.02096399269 	0.009722007948 	1.210692305e-07 	0.02085077157 	2.621229416e-07 	3.974736578e-05
0.9782921928 	0.02110504424 	0.009788191463 	1.162128196e-07 	0.0209943569 	2.517101272e-07 	4.002107932e-05
0.9788456922 	0.02123543187 	0.009849425447 	1.113624225e-07 	0.02112731581 	2.413022325e-07 	4.027453596e-05
0.9793889805 	0.02135502886 	0.009905648065 	1.065358771e-07 	0.02124950908 	2.30938006e-07 	4.050747029e-05
0.979922246 	0.02146372392 	0.009956804868 	1.017490091e-07 	0.02136081372 	2.206518916e-07 	4.071964788e-05
0.9804456737 	0.02156141719 	0.01000284692 	9.701574502e-08 	0.02146111896 	2.104742639e-07 	4.091085755e-05
0.9809594451 	0.02164801611 	0.01004372889 	9.234823499e-08 	0.02155032222 	2.004316889e-07 	4.108090376e-05
0.9814637383 	0.02172343142 	0.01007940721 	8.775698345e-08 	0.02162832508 	1.905472022e-07 	4.122959888e-05
0.9819587281 	0.0217875731 	0.01010983819 	8.325098457e-08 	0.02169502925 	1.808405976e-07 	4.135675556e-05
0.9824445862 	0.02184034634 	0.01013497615 	7.883785976e-08 	0.02175033258 	1.713287201e-07 	4.146217909e-05
0.9829214811 	0.02188164754 	0.01015477154 	7.452399517e-08 	0.02179412503 	1.620257589e-07 	4.154565967e-05
0.9833895781 	0.02191136022 	0.01016916905 	7.031467713e-08 	0.02182628457 	1.529435359e-07 	4.160696469e-05
0.9838490396 	0.02192935092 	0.01017810572 	6.621422403e-08 	0.02184667309 	1.440917872e-07 	4.164583088e-05
0.9843000247 	0.02193546504 	0.01018150899 	6.22261133e-08 	0.0218551322 	1.354784329e-07 	4.166195629e-05
0.98474269 	0.02192952254 	0.01017929472 	5.835310189e-08 	0.02185147889 	1.271098342e-07 	4.165499206e-05
0.9851771888 	0.02191131353 	0.01017136508 	5.459733953e-08 	0.02183550113 	1.189910354e-07 	4.162453402e-05
0.9856036719 	0.02188059371 	0.01015760652 	5.096047398e-08 	0.02180695325 	1.111259894e-07 	4.157011382e-05
0.9860222871 	0.02183707957 	0.01013788749 	4.744374763e-08 	0.02176555109 	1.035177643e-07 	4.14911898e-05
0.9864331796 	0.02178044343 	0.01011205611 	4.404808492e-08 	0.02171096703 	9.616873222e-08 	4.138713741e-05
0.9868364919 	0.02171030817 	0.01007993781 	4.077416987e-08 	0.02164282463 	8.908073683e-08 	4.125723906e-05
0.9872323637 	0.02162624175 	0.01004133274 	3.762251356e-08 	0.02156069315 	8.225524041e-08 	4.110067364e-05
0.9876209323 	0.02152775147 	0.009996013154 	3.459351019e-08 	0.02146408176 	7.569344763e-08 	4.091650548e-05
0.9880023326 	0.02141427806 	0.009943720675 	3.168748071e-08 	0.02135243355 	6.939640359e-08 	4.070367294e-05
0.9883766967 	0.02128518962 	0.009884163564 	2.890470166e-08 	0.02122511945 	6.336506131e-08 	4.046097689e-05
0.9887441544 	0.02113977558 	0.009817013994 	2.624541602e-08 	0.0210814323 	5.760031231e-08 	4.018706924e-05
0.9891048331 	0.02097724101 	0.009741905501 	2.370982156e-08 	0.02092058096 	5.210297654e-08 	3.988044188e-05
0.9894588579 	0.02079670232 	0.009658430721 	2.129802988e-08 	0.02074168317 	4.687379316e-08 	3.953941298e-05
0.9898063516 	0.02059718176 	0.009566139589 	1.900998756e-08 	0.02054376347 	4.191312164e-08 	3.916212303e-05
0.9901474347 	0.02037759982 	0.009464537959 	1.684535303e-08 	0.0203257571 	3.722058028e-08 	3.874654229e-05
0.9904822253 	0.02013654328 	0.009352981196 	1.480695997e-08 	0.02008626331 	3.280392851e-08 	3.829000056e-05
0.9908108397 	0.01987213209 	0.009230611348 	1.289877773e-08 	0.01982339327 	2.86744459e-08 	3.778889721e-05
0.9911333916 	0.0195825712 	0.009096611244 	1.111731701e-08 	0.01953534751 	2.482585504e-08 	3.723980193e-05
0.9914499931 	0.01926651541 	0.008950373028 	9.45520407e-09 	0.01922079552 	2.124229866e-08 	3.66401784e-05
0.9917607538 	0.01892276427 	0.008791357088 	7.905182963e-09 	0.01887854806 	1.790822029e-08 	3.598775961e-05
0.9920657815 	0.01855001008 	0.00861897778 	6.458331604e-09 	0.01850729941 	1.480436109e-08 	3.528005652e-05
0.9923651819 	0.01814677955 	0.008432580112 	5.10565806e-09 	0.01810557753 	1.191129439e-08 	3.451426296e-05
0.992659059 	0.01771141417 	0.008231433959 	3.839475273e-09 	0.01767172502 	9.212604053e-09 	3.368721949e-05
0.9929475145 	0.01724207799 	0.008014745797 	2.654263081e-09 	0.01720393259 	6.696697785e-09 	3.279547711e-05
0.9932306485 	0.0167367854 	0.007781684423 	1.546980028e-09 	0.0167003126 	4.357361745e-09 	3.183543743e-05
0.9935085592 	0.01619356562 	0.00753141451 	5.170272062e-10 	0.01615873324 	2.193770947e-09 	3.080303664e-05
0.9937813429 	0.01566190682 	0.007286796632 	-3.57326394e-10 	0.0156283385 	3.707138913e-10 	2.979195686e-05
0.9939569055 	0.01520395238 	0.007076421222 	-1.018163561e-09 	0.01517146065 	-9.969114314e-10 	2.892102069e-05
0.9941324681 	0.01477624681 	0.006875943615 	-1.468027818e-09 	0.01474496343 	-2.122474449e-09 	2.810799845e-05
0.9943080307 	0.0143229929 	0.006660364466 	-1.801603934e-09 	0.01429293921 	-3.166588765e-09 	2.724631464e-05
0.9944835934 	0.0138427995 	0.006433984974 	-2.136842428e-09 	0.01381393098 	-4.124142055e-09 	2.633319183e-05
0.994659156 	0.01333435153 	0.00619589795 	-2.471325939e-09 	0.0133067011 	-4.99223137e-09 	2.53662707e-05
0.9948347186 	0.01279642913 	0.005945026243 	-2.790279573e-09 	0.01277004289 	-5.767865301e-09 	2.4343251e-05
0.9950102812 	0.01222792661 	0.005680479996 	-3.081617652e-09 	0.01220284994 	-6.447370365e-09 	2.326202358e-05
0.9951858439 	0.01162792821 	0.005401582585 	-3.335886421e-09 	0.0116042076 	-7.026270089e-09 	2.212084492e-05
0.9953614065 	0.01099582362 	0.005107900247 	-3.545969377e-09 	0.0109735069 	-7.499376026e-09 	2.091855409e-05
0.9955369691 	0.01033145719 	0.004799281615 	-3.706578597e-09 	0.01031059182 	-7.860996576e-09 	1.965485369e-05
0.9957125317 	0.009635313137 	0.004475915834 	-3.813686548e-09 	0.0096159445 	-8.105201808e-09 	1.833066283e-05
0.9958880943 	0.008908736289 	0.004138415893 	-3.86408089e-09 	0.008890918075 	-8.226042838e-09 	1.694856095e-05
0.996063657 	0.00815419774 	0.003787928677 	-3.855164207e-09 	0.008137998546 	-8.218198447e-09 	1.551328707e-05
0.9962392196 	0.007375617288 	0.003426266555 	-3.78503456e-09 	0.007361049194 	-8.078384199e-09 	1.403220566e-05
0.9964147822 	0.006578872082 	0.003056048792 	-3.652810348e-09 	0.006565222296 	-7.81170459e-09 	1.251513841e-05
0.9965903448 	0.005771146823 	0.002680833491 	-3.459172577e-09 	0.005759108401 	-7.396434306e-09 	1.097846127e-05
0.9967659075 	0.004961929878 	0.002305203257 	-3.207226965e-09 	0.004953305044 	-6.845197945e-09 	9.442376113e-06
0.9969414701 	0.00416270305 	0.0018827963 	-3.719532091e-09 	0.004155782902 	-6.246629804e-09 	7.922077251e-06
0.9971170327 	0.003386466048 	0.001423747308 	-3.922770213e-09 	0.003379621043 	-5.564989793e-09 	6.442497024e-06
0.9972925953 	0.002652720307 	0.001007972417 	-3.025011179e-09 	0.002647128683 	-4.733826766e-09 	5.046163001e-06
0.997468158 	0.001986466282 	0.0006635316294 	-2.159876274e-09 	0.001982510641 	-3.811466086e-09 	3.779216291e-06
0.9976437206 	0.001410476875 	0.0004001476706 	-1.399292631e-09 	0.001407722237 	-2.874353845e-09 	2.683509839e-06
0.9978192832 	0.0009399910288 	0.0002171981405 	-8.063821564e-10 	0.0009381783956 	-2.004131913e-09 	1.788428775e-06
0.9979948458 	0.0005799364119 	0.0001037593026 	-4.036498751e-10 	0.0005788296394 	-1.275952333e-09 	1.10341017e-06
0.9981704085 	0.0003244627283 	4.228092738e-05 	-1.701094789e-10 	0.000323846133 	-7.280680395e-10 	6.173407378e-07
0.9983459711 	0.0001591505923 	1.400473353e-05 	-5.760138871e-11 	0.0001588481471 	-3.610181013e-10 	3.028087178e-07
0.9985215337 	6.452113864e-05 	3.478071364e-06 	-1.449289463e-11 	6.439841613e-05 	-1.471046189e-10 	1.227612798e-07
0.9986970963 	1.938511965e-05 	5.592797567e-07 	-2.346803967e-12 	1.934823428e-05 	-4.427991151e-11 	3.688311211e-08
0.998872659 	3.47695206e-06 	4.288521089e-08 	-1.806070411e-13 	3.470336248e-06 	-7.945661451e-12 	6.61542542e-09
0.9990482216 	3.58551095e-07 	1.131600661e-09 	-4.776720836e-15 	3.578688919e-07 	-8.193635678e-13 	6.821975725e-10
0.9990482216 	3.58551095e-07 	1.131600661e-09 	-4.776720836e-15 	3.578688919e-07 	-8.193635678e-13 	6.821975725e-10
