3.60871192e-38 	0.03470917521 	-1.404736265e-15 	5.768820409e-19 	-2.265429261e-15 	-9.891077762e-17 	-4.318537815e-18
0.0003187685652 	0.03471529042 	-0.0002231512785 	-1.532817233e-08 	0.03870013532 	-3.144044218e-07 	7.377321407e-05
0.0006375366988 	0.03472352847 	-0.0004149294505 	-2.008650516e-08 	0.03888781808 	-2.970955462e-07 	7.413098956e-05
0.0009563044003 	0.03473034553 	-0.0005335371798 	-2.267038956e-08 	0.03890716131 	-2.846083571e-07 	7.416786315e-05
0.001275071669 	0.03474068551 	-0.0006586462934 	-2.548585586e-08 	0.03893170923 	-2.720453794e-07 	7.42146583e-05
0.001593838505 	0.03475334129 	-0.0007882123354 	-2.827691292e-08 	0.03893426914 	-2.602315642e-07 	7.42195382e-05
0.001912604907 	0.03476868999 	-0.0009206225524 	-3.088418348e-08 	0.03893675608 	-2.484663674e-07 	7.4224279e-05
0.002231370875 	0.03478669247 	-0.001054732458 	-3.321035206e-08 	0.0389387223 	-2.36744303e-07 	7.422802716e-05
0.002550136408 	0.03480733251 	-0.001189884205 	-3.52029593e-08 	0.03894062615 	-2.25039922e-07 	7.423165642e-05
0.002868901507 	0.03483058108 	-0.001325640874 	-3.682963407e-08 	0.03894246034 	-2.133448361e-07 	7.423515291e-05
0.003187666171 	0.0348564087 	-0.001461703392 	-3.807019254e-08 	0.03894435216 	-2.016463625e-07 	7.423875925e-05
0.003506430399 	0.03488478157 	-0.001597852845 	-3.891162362e-08 	0.03894637034 	-1.899336675e-07 	7.424260646e-05
0.003825194192 	0.03491566192 	-0.001733922868 	-3.934556178e-08 	0.03894856337 	-1.78196918e-07 	7.424678698e-05
0.004143957549 	0.03494900816 	-0.001869781829 	-3.936693726e-08 	0.03895096658 	-1.664266263e-07 	7.425136815e-05
0.00446272047 	0.03498477537 	-0.002005322369 	-3.897309194e-08 	0.03895361013 	-1.546129644e-07 	7.425640751e-05
0.004781482955 	0.03502291648 	-0.002140454742 	-3.816311059e-08 	0.03895652269 	-1.427463558e-07 	7.426195966e-05
0.005100245004 	0.03506338221 	-0.002275102208 	-3.693747419e-08 	0.03895973191 	-1.308176447e-07 	7.426807732e-05
0.005419006617 	0.03510612056 	-0.002409198062 	-3.529779915e-08 	0.03896326425 	-1.188178034e-07 	7.427481094e-05
0.005737767794 	0.0351510772 	-0.002542683583 	-3.324664649e-08 	0.03896714557 	-1.067379176e-07 	7.428220981e-05
0.006056528535 	0.03519819576 	-0.002675506579 	-3.078738445e-08 	0.03897140146 	-9.456918105e-08 	7.429032273e-05
0.006375288839 	0.03524741815 	-0.002807620332 	-2.792408483e-08 	0.03897605743 	-8.230289522e-08 	7.429919829e-05
0.006694048708 	0.03529868486 	-0.002938982834 	-2.466144249e-08 	0.03898113888 	-6.993047205e-08 	7.430888496e-05
0.007012808141 	0.03535193522 	-0.003069556196 	-2.100471094e-08 	0.03898667112 	-5.744343751e-08 	7.431943095e-05
0.007331567139 	0.03540710774 	-0.003199306197 	-1.695964974e-08 	0.03899267943 	-4.483343118e-08 	7.433088445e-05
0.007650325701 	0.03546414044 	-0.003328201979 	-1.253248192e-08 	0.03899918974 	-3.209220705e-08 	7.43432949e-05
0.007969083828 	0.03552297133 	-0.003456215999 	-7.729857096e-09 	0.03900622714 	-1.9211674e-08 	7.435671015e-05
0.008287841521 	0.03558353888 	-0.003583323774 	-2.558808681e-09 	0.03901380186 	-6.183910358e-09 	7.437114967e-05
0.008437852995 	0.03561283144 	-0.003642703452 	2.366197274e-07 	0.03901760728 	-3.067163127e-05 	7.437840386e-05
0.008606598778 	0.03564578327 	-0.003709495079 	-3.041278282e-09 	0.03902189163 	-7.117134041e-09 	7.438657103e-05
0.008925355602 	0.03570966039 	-0.003834779374 	-9.060226362e-09 	0.0390306176 	-2.068946136e-08 	7.440320514e-05
0.009244111993 	0.03577404362 	-0.003955163713 	-1.539936648e-08 	0.03904044092 	-3.443092354e-08 	7.442193113e-05
0.00956286795 	0.03583947386 	-0.004055608478 	-2.17629311e-08 	0.03905459262 	-4.835428538e-08 	7.444890819e-05
0.0100581404 	0.0359082012 	-0.004128727768 	-3.105032421e-08 	0.03907632786 	-7.012707683e-08 	7.44903416e-05
0.01056272042 	0.03597932591 	-0.004189435748 	-3.988312583e-08 	0.03910298808 	-9.264322513e-08 	7.45411634e-05
0.01107678291 	0.0360519831 	-0.004251142801 	-4.846196527e-08 	0.0391313622 	-1.159281477e-07 	7.459525235e-05
0.01160050605 	0.03612677231 	-0.004315726263 	-5.681979227e-08 	0.03916120478 	-1.400352485e-07 	7.465214061e-05
0.01213407137 	0.03620370557 	-0.004382936606 	-6.495001263e-08 	0.03919257695 	-1.650143497e-07 	7.471194469e-05
0.01267766381 	0.03628281093 	-0.004452601783 	-7.284286184e-08 	0.03922562128 	-1.909138201e-07 	7.477493635e-05
0.0132314718 	0.03636412239 	-0.004524578693 	-8.048522737e-08 	0.03926044285 	-2.177858633e-07 	7.484131596e-05
0.01379568728 	0.03644768048 	-0.004598753158 	-8.78613313e-08 	0.03929713853 	-2.45685804e-07 	7.491126811e-05
0.01437050582 	0.03653353167 	-0.004675034988 	-9.495303774e-08 	0.03933580493 	-2.746716995e-07 	7.498497701e-05
0.01495612667 	0.03662172795 	-0.004753354125 	-1.017400999e-07 	0.03937653876 	-3.048042598e-07 	7.506262702e-05
0.01555275281 	0.03671232657 	-0.004833657535 	-1.082003639e-07 	0.03941943612 	-3.36146825e-07 	7.514440132e-05
0.01616059102 	0.03680538964 	-0.004915906682 	-1.143099382e-07 	0.03946459235 	-3.687652737e-07 	7.523048164e-05
0.016779852 	0.03690098383 	-0.005000075378 	-1.200433264e-07 	0.03951210193 	-4.027278863e-07 	7.53210481e-05
0.01741075039 	0.03699917998 	-0.005086148041 	-1.253735387e-07 	0.03956205851 	-4.381051581e-07 	7.541627922e-05
0.01805350486 	0.03710005272 	-0.005174118002 	-1.302721534e-07 	0.03961455356 	-4.74969663e-07 	7.551634938e-05
0.0187083382 	0.03720367983 	-0.005263985659 	-1.347094443e-07 	0.03966967872 	-5.133955784e-07 	7.562143326e-05
0.01937547738 	0.03731016042 	-0.005355811501 	-1.386555528e-07 	0.039727522 	-5.534586657e-07 	7.573169863e-05
0.02005515364 	0.03741960922 	-0.005449520462 	-1.420598063e-07 	0.03978823097 	-5.952422407e-07 	7.584742679e-05
0.02074973487 	0.03753219306 	-0.005545055973 	-1.449220116e-07 	0.03985199464 	-6.38891519e-07 	7.596897807e-05
0.02145891096 	0.03764805885 	-0.005642644574 	-1.472124078e-07 	0.03991887741 	-6.845363864e-07 	7.609647522e-05
0.02218141421 	0.03776720027 	-0.005742319842 	-1.488731989e-07 	0.03998887218 	-7.322404366e-07 	7.62299047e-05
0.02291749506 	0.037889638 	-0.005844022136 	-1.498734347e-07 	0.04006202587 	-7.821022341e-07 	7.636935597e-05
0.02366740864 	0.03801548282 	-0.00594782299 	-1.50177489e-07 	0.04013841454 	-8.34209409e-07 	7.651497401e-05
0.02443141485 	0.03814482787 	-0.006053754026 	-1.497473524e-07 	0.04021811088 	-8.886313879e-07 	7.666689738e-05
0.02520977851 	0.03827776196 	-0.006161849282 	-1.485392623e-07 	0.04030117734 	-9.454670964e-07 	7.682524515e-05
0.0260027694 	0.03841437547 	-0.006272145389 	-1.465077027e-07 	0.04038767443 	-1.004829221e-06 	7.699013263e-05
0.02681066235 	0.03855476114 	-0.006384680949 	-1.436071079e-07 	0.04047766098 	-1.066814865e-06 	7.7161672e-05
0.02763373738 	0.03869901124 	-0.006499496017 	-1.397898915e-07 	0.04057119082 	-1.131517377e-06 	7.733996587e-05
0.02847227976 	0.03884721733 	-0.00661663202 	-1.350063284e-07 	0.04066831221 	-1.199027923e-06 	7.752510625e-05
0.02932658012 	0.03899947006 	-0.006736131611 	-1.292039019e-07 	0.04076906753 	-1.269435393e-06 	7.77171739e-05
0.03019693454 	0.039155859 	-0.006858038605 	-1.223278835e-07 	0.04087349301 	-1.342825921e-06 	7.791623787e-05
0.03108364468 	0.03931647245 	-0.006982397853 	-1.143211637e-07 	0.04098161843 	-1.419282424e-06 	7.812235498e-05
0.03198701785 	0.03948139734 	-0.007109255145 	-1.051241324e-07 	0.04109346695 	-1.498884164e-06 	7.833556934e-05
0.03290736715 	0.03965071913 	-0.007238657111 	-9.467457846e-08 	0.04120905487 	-1.581706389e-06 	7.855591204e-05
0.03384501154 	0.0398245218 	-0.007370651154 	-8.290760174e-08 	0.04132839144 	-1.667820015e-06 	7.878340072e-05
0.034800276 	0.04000288784 	-0.007505285367 	-6.975552947e-08 	0.04145147879 	-1.757291369e-06 	7.901803942e-05
0.03577349159 	0.04018589823 	-0.0076426085 	-5.514784426e-08 	0.04157831181 	-1.850181966e-06 	7.925981841e-05
0.0367649956 	0.04037363257 	-0.007782669824 	-3.901111094e-08 	0.04170887764 	-1.946548374e-06 	7.950871317e-05
0.03777513166 	0.04056616896 	-0.007925518925 	-2.12689367e-08 	0.0418431561 	-2.046442101e-06 	7.976468522e-05
0.03880424984 	0.04076359256 	-0.008071223597 	-1.841982584e-09 	0.04198112047 	-2.149909279e-06 	8.002768366e-05
0.0398527068 	0.04096602983 	-0.008219848774 	1.936609195e-08 	0.04212278576 	-2.257005702e-06 	8.029773708e-05
0.0409222433 	0.04117373477 	-0.008371469774 	4.186555774e-08 	0.04226830742 	-2.333650391e-06 	8.057514181e-05
0.04201573524 	0.04138699046 	-0.008526384898 	6.244343169e-08 	0.0424177101 	-2.293679275e-06 	8.085994485e-05
0.04312977606 	0.04160566771 	-0.008684548011 	8.199566921e-08 	0.04257075531 	-2.250213757e-06 	8.115169155e-05
0.04426475185 	0.04182960261 	-0.008845765551 	1.004119509e-07 	0.04272726333 	-2.203085797e-06 	8.145003933e-05
0.04542105599 	0.04205890139 	-0.009010158074 	1.17613053e-07 	0.04288715642 	-2.152176047e-06 	8.175484e-05
0.04659908922 	0.04229363483 	-0.009177775769 	1.33516232e-07 	0.04305036052 	-2.097372567e-06 	8.206595237e-05
0.04779925982 	0.0425338733 	-0.009348668322 	1.480350092e-07 	0.04321679261 	-2.038570718e-06 	8.23832182e-05
0.04902198374 	0.04277968685 	-0.00952288536 	1.610790041e-07 	0.04338636494 	-1.975673421e-06 	8.270647019e-05
0.05026768475 	0.04303114529 	-0.009700475871 	1.725539243e-07 	0.04355898335 	-1.908591248e-06 	8.303552887e-05
0.05153679457 	0.04328831851 	-0.009881488172 	1.823615544e-07 	0.0437345477 	-1.837242435e-06 	8.337020331e-05
0.05282975304 	0.04355127665 	-0.0100659697 	1.90399776e-07 	0.0439129519 	-1.761552848e-06 	8.371029129e-05
0.05414700825 	0.0438200905 	-0.01025396683 	1.96562612e-07 	0.044094084 	-1.681455912e-06 	8.405557942e-05
0.05548901673 	0.04409483195 	-0.01044552467 	2.007402886e-07 	0.04427782606 	-1.596892507e-06 	8.440584285e-05
0.05685624356 	0.04437557455 	-0.01064068667 	2.028193344e-07 	0.0444640531 	-1.50781094e-06 	8.476084336e-05
0.05824916257 	0.04466240048 	-0.0108395053 	2.026829594e-07 	0.04465263341 	-1.41416709e-06 	8.512032983e-05
0.0596682565 	0.04495544412 	-0.0110420593 	2.002152949e-07 	0.04484345771 	-1.315928863e-06 	8.548409398e-05
0.0611150311 	0.04525501883 	-0.01124844287 	1.952892588e-07 	0.04503664379 	-1.212941602e-06 	8.585236034e-05
0.06259447225 	0.04556126586 	-0.01145855701 	1.877103865e-07 	0.04523228743 	-1.104600151e-06 	8.622531151e-05
0.0641017149 	0.04591312651 	-0.01169767467 	1.791368e-07 	0.04545548307 	-9.930040722e-07 	8.665078443e-05
0.0664155543 	0.04635101783 	-0.0119917692 	1.574069899e-07 	0.04573066559 	-8.133727169e-07 	8.717535879e-05
0.0687552027 	0.04683432936 	-0.01231408857 	1.304119971e-07 	0.04602912719 	-6.279635161e-07 	8.774430956e-05
0.07112094796 	0.04732506259 	-0.01264013908 	9.656907867e-08 	0.04632517315 	-4.358213825e-07 	8.830865544e-05
0.07351308118 	0.04782318592 	-0.01296999997 	5.583833969e-08 	0.04661845766 	-2.373610721e-07 	8.886773724e-05
0.07593189667 	0.04832839032 	-0.01330338926 	8.201739454e-09 	0.0469087701 	-3.297912892e-08 	8.942115344e-05
0.076319773 	0.04840956778 	-0.01335677029 	6.446247322e-07 	0.04695429975 	-8.507315594e-06 	8.95079456e-05
0.07837769205 	0.0488403901 	-0.01364007119 	4.710108274e-08 	0.04719595934 	-1.791843686e-07 	8.996861594e-05
0.08085076825 	0.04935911779 	-0.01397987396 	1.095338547e-07 	0.04748005022 	-3.96894352e-07 	9.051017212e-05
0.08336052852 	0.04988478088 	-0.01432297496 	1.792555265e-07 	0.04776105528 	-6.20384663e-07 	9.104584587e-05
0.0858992737 	0.05041654082 	-0.01466887851 	2.559506428e-07 	0.04803843716 	-8.482240849e-07 	9.157461283e-05
0.0884663388 	0.05095325066 	-0.01501675472 	3.39503107e-07 	0.04831167893 	-1.079931789e-06 	9.209548758e-05
0.09106203972 	0.05149434051 	-0.01536629526 	4.298180165e-07 	0.04858045352 	-1.315152645e-06 	9.260784664e-05
0.0936866959 	0.05203920968 	-0.01571716602 	5.267777482e-07 	0.04884445342 	-1.553535064e-06 	9.311110384e-05
0.09634063034 	0.05258720832 	-0.01606901902 	6.302393219e-07 	0.04910334593 	-1.794726299e-06 	9.360462491e-05
0.09902416965 	0.05313770888 	-0.01642152904 	7.400377005e-07 	0.04935681393 	-2.038373521e-06 	9.408780537e-05
0.1017393693 	0.0536903876 	-0.0167745435 	8.560860784e-07 	0.04960471556 	-2.284307259e-06 	9.456037478e-05
0.1044931515 	0.05424485805 	-0.01712799709 	9.784194313e-07 	0.04984674172 	-2.532682045e-06 	9.50217439e-05
0.1072776549 	0.05479971138 	-0.01748114276 	1.106391624e-06 	0.05008218606 	-2.782169951e-06 	9.547056625e-05
0.1100932221 	0.05535350749 	-0.01783315936 	1.239653429e-06 	0.050310427 	-3.032341373e-06 	9.590565692e-05
0.1129401996 	0.05590527334 	-0.01818363166 	1.377865657e-06 	0.05053095184 	-3.282761518e-06 	9.632603856e-05
0.115818938 	0.0564539345 	-0.01853207861 	1.520652196e-06 	0.05074323432 	-3.532975927e-06 	9.673070796e-05
0.1187297916 	0.05699838454 	-0.01887801293 	1.489299911e-06 	0.05094671982 	-3.378073484e-06 	9.711860788e-05
0.1216740008 	0.05753777711 	-0.01922109267 	1.41521258e-06 	0.05114098506 	-3.13722654e-06 	9.748893142e-05
0.1246600133 	0.05807125818 	-0.01956108819 	1.333792541e-06 	0.05132547114 	-2.892494221e-06 	9.784061317e-05
0.1276793401 	0.05859696705 	-0.01989711364 	1.245851185e-06 	0.05149929364 	-2.645655032e-06 	9.817196716e-05
0.130732353 	0.05911297372 	-0.02022818222 	1.15166044e-06 	0.05166163404 	-2.397115687e-06 	9.848143309e-05
0.1338194279 	0.05961777925 	-0.02055367981 	1.051572382e-06 	0.05181173413 	-2.147309887e-06 	9.876756557e-05
0.1369409448 	0.06010977706 	-0.02087292461 	9.459685726e-07 	0.05194880963 	-1.896695916e-06 	9.902886958e-05
0.1400972879 	0.06058742176 	-0.0211852614 	8.352705289e-07 	0.0520720983 	-1.645760361e-06 	9.926389205e-05
0.1432941265 	0.06104928278 	-0.02149017579 	7.196391139e-07 	0.05218079582 	-1.394433281e-06 	9.947109974e-05
0.1465309181 	0.06149342612 	-0.02178686153 	5.997141293e-07 	0.05227393145 	-1.143623108e-06 	9.964864214e-05
0.1498038247 	0.06191747833 	-0.02207416916 	4.762499034e-07 	0.05235045727 	-8.944188413e-07 	9.979452162e-05
0.1531132491 	0.06231921913 	-0.02235099745 	3.496460669e-07 	0.05240919304 	-6.474380171e-07 	9.990648832e-05
0.1564595988 	0.06269605762 	-0.02261565719 	2.206253449e-07 	0.05244892253 	-4.043804712e-07 	9.998222377e-05
0.1598432858 	0.0630435843 	-0.02286501335 	8.989973396e-08 	0.05247236626 	-1.659355295e-07 	0.000100026914
0.1622451615 	0.06325538238 	-0.02302517547 	3.380637651e-06 	0.05248282327 	-1.424863836e-05 	0.000100046848
0.1632691727 	0.06334562051 	-0.02309348961 	3.967216765e-08 	0.05248731504 	-7.218705108e-08 	0.0001000554106
0.166738053 	0.06355861755 	-0.02332988173 	1.758604042e-07 	0.0525122565 	-3.162507835e-07 	0.0001001029559
0.1702456402 	0.06369926076 	-0.02356602232 	3.05002933e-07 	0.05253898423 	-5.543347101e-07 	0.0001001539064
0.1737923664 	0.06381363659 	-0.02377538846 	4.359294857e-07 	0.05254391139 	-7.850016066e-07 	0.0001001632989
0.1773786681 	0.06390009531 	-0.02397105649 	5.644515227e-07 	0.05252326972 	-1.006456141e-06 	0.0001001239502
0.1810049869 	0.06395710052 	-0.02415193378 	6.902397529e-07 	0.05247491421 	-1.219184648e-06 	0.0001000317711
0.1846789635 	0.06398304629 	-0.02431739616 	8.122461142e-07 	0.05239842229 	-1.421904081e-06 	9.988595628e-05
0.1883955412 	0.06397617286 	-0.02446617406 	9.291119469e-07 	0.05229259759 	-1.61266466e-06 	9.968422498e-05
0.1921535922 	0.06393472619 	-0.02459695091 	1.039669649e-06 	0.05215627894 	-1.79011394e-06 	9.942436375e-05
0.1959535793 	0.063856936 	-0.02470858462 	1.142785374e-06 	0.05198829409 	-1.953017918e-06 	9.910413794e-05
0.1997959703 	0.06374095514 	-0.02479989611 	1.237287964e-06 	0.05178742531 	-2.100108309e-06 	9.872122621e-05
0.2036854422 	0.06358480881 	-0.02486974518 	1.322114396e-06 	0.05155235849 	-2.23028896e-06 	9.827312352e-05
0.207622447 	0.06338652942 	-0.02491692806 	1.395939812e-06 	0.05128189338 	-2.342048288e-06 	9.775754184e-05
0.211603387 	0.06314428165 	-0.02494016524 	1.457490231e-06 	0.05097505021 	-2.433976898e-06 	9.717261348e-05
0.2156287526 	0.06285624109 	-0.02493828978 	1.505748322e-06 	0.05063086866 	-2.505013982e-06 	9.651650779e-05
0.2196990393 	0.06252049335 	-0.02491017429 	1.402314887e-06 	0.05024831492 	-2.326107377e-06 	9.578725403e-05
0.2238186833 	0.06213503309 	-0.02485475121 	1.24053644e-06 	0.04982629697 	-2.053538122e-06 	9.498277053e-05
0.2279881991 	0.06169808273 	-0.02477104055 	1.084662815e-06 	0.04936400685 	-1.793399605e-06 	9.410151708e-05
0.232204247 	0.06120824581 	-0.02465817764 	9.361419514e-07 	0.04886103663 	-1.547319121e-06 	9.314271604e-05
0.236467346 	0.06066424364 	-0.02451547823 	7.961745469e-07 	0.04831706239 	-1.316521273e-06 	9.210574995e-05
0.2407780212 	0.06006473779 	-0.02434233384 	6.658055484e-07 	0.04773167721 	-1.10209098e-06 	9.098984309e-05
0.2451424756 	0.05940848787 	-0.02413829904 	5.458854092e-07 	0.04710454469 	-9.048239255e-07 	8.979435421e-05
0.2495572744 	0.0586950329 	-0.02390329636 	4.375007082e-07 	0.04643601834 	-7.259798148e-07 	8.851995717e-05
0.2540213442 	0.0579244653 	-0.02363754801 	3.412810403e-07 	0.04572686972 	-5.663456389e-07 	8.716812281e-05
0.2585352349 	0.0570970384 	-0.0233414834 	2.575032847e-07 	0.04497790428 	-4.263754494e-07 	8.574038651e-05
0.2631015014 	0.05621316783 	-0.02301569745 	1.86143855e-07 	0.04418996246 	-3.062308837e-07 	8.423835042e-05
0.2677235003 	0.05527391449 	-0.02266114699 	1.269687428e-07 	0.04336433035 	-2.059492099e-07 	8.266446613e-05
0.2723970843 	0.05428180718 	-0.02227928484 	7.943964186e-08 	0.04250339264 	-1.256427215e-07 	8.102327957e-05
0.2771228288 	0.05324027749 	-0.02187171546 	4.258988809e-08 	0.04161009034 	-6.459125673e-08 	7.932039711e-05
0.2819015435 	0.05215233431 	-0.0214400409 	1.530945193e-08 	0.04068686177 	-2.150357517e-08 	7.756046685e-05
0.2856242117 	0.05128164199 	-0.02109077439 	8.137721031e-06 	0.03995509888 	-1.632760119e-05 	7.61655234e-05
0.2867395923 	0.05102069847 	-0.02098610586 	3.621945967e-09 	0.03973580211 	-4.363485693e-09 	7.574748282e-05
0.2916316387 	0.04984944169 	-0.02051222651 	1.541571843e-08 	0.03875999851 	-1.348566463e-08 	7.388732994e-05
0.2965782851 	0.04864329748 	-0.02002072602 	2.205976932e-08 	0.03776290525 	-7.846888041e-09 	7.198659307e-05
0.3015801405 	0.04740684172 	-0.0195136672 	2.495635544e-08 	0.03674770629 	1.106253006e-08 	7.005134168e-05
0.3066433776 	0.0461448742 	-0.01899299217 	2.530818775e-08 	0.03571766472 	4.173011639e-08 	6.808779616e-05
0.3117632607 	0.04486329358 	-0.01846084751 	2.405153799e-08 	0.03467686336 	8.256481229e-08 	6.610373949e-05
0.3169402875 	0.04356801851 	-0.01791911404 	2.181958369e-08 	0.03362934872 	1.320169123e-07 	6.410688546e-05
0.322175596 	0.04226440384 	-0.0173691781 	1.888462656e-08 	0.0325786964 	1.88634348e-07 	6.210405012e-05
0.3274740002 	0.04095772143 	-0.01681214307 	1.515823613e-08 	0.0315284463 	2.510445646e-07 	6.010198152e-05
0.3328315415 	0.03965384228 	-0.01624913469 	1.030065361e-08 	0.03048267633 	3.177936711e-07 	5.810845331e-05
0.3382488795 	0.03835822538 	-0.01568089317 	3.790118243e-09 	0.02944520876 	3.875192486e-07 	5.613075177e-05
0.3437284601 	0.03707568025 	-0.01510772076 	-5.059665742e-09 	0.02841944596 	4.589262771e-07 	5.417536278e-05
0.3492720762 	0.03581101604 	-0.01452982494 	-1.695464424e-08 	0.02740890812 	5.305869161e-07 	5.224899679e-05
0.3548775666 	0.03456920965 	-0.01394745928 	-3.246805819e-08 	0.02641736675 	6.009798648e-07 	5.035884335e-05
0.3605456212 	0.0333546967 	-0.01336065554 	-5.199012745e-08 	0.02544827267 	6.686192164e-07 	4.851148069e-05
0.3662803549 	0.03217149717 	-0.01276933543 	-7.562979202e-08 	0.02450484408 	7.3197714e-07 	4.671304358e-05
0.3720798471 	0.03102393043 	-0.01217372067 	-1.031423906e-07 	0.02359062111 	7.893365941e-07 	4.497028051e-05
0.3779440693 	0.02991610754 	-0.01157416221 	-1.340322381e-07 	0.02270906277 	8.391645057e-07 	4.32897853e-05
0.3838752086 	0.0288516957 	-0.01097101512 	-1.634559674e-07 	0.0218631613 	8.600521653e-07 	4.167726198e-05
0.3898747874 	0.02783431982 	-0.01036471581 	-1.791554434e-07 	0.02105558362 	8.081845341e-07 	4.013779447e-05
0.3959413294 	0.02686767941 	-0.009751464027 	-1.794899615e-07 	0.02029068762 	7.511878425e-07 	3.867969011e-05
0.4020759105 	0.02594239697 	-0.009121419138 	-1.991938777e-07 	0.01957841555 	7.01524318e-07 	3.732190158e-05
0.4082819033 	0.02499331809 	-0.008515811053 	-2.099187393e-07 	0.01894695843 	6.471614244e-07 	3.611816879e-05
0.4145571631 	0.02400811244 	-0.007928930713 	-1.899327612e-07 	0.01839778935 	5.775253916e-07 	3.50712999e-05
0.4209024622 	0.02304243103 	-0.00732425485 	-1.757421695e-07 	0.01790758761 	5.070783039e-07 	3.413683915e-05
0.4273212302 	0.02211786061 	-0.006720836786 	-1.592516169e-07 	0.01747011762 	4.39925872e-07 	3.330289975e-05
0.4338118585 	0.02124787666 	-0.006122726776 	-1.406783665e-07 	0.01708274834 	3.78044653e-07 	3.256446625e-05
0.4403749295 	0.02044272911 	-0.005531621794 	-1.210189307e-07 	0.01674498981 	3.216360999e-07 	3.19206046e-05
0.4470133871 	0.0197105093 	-0.004948039236 	-1.013698201e-07 	0.01645524459 	2.71055711e-07 	3.136826969e-05
0.4537262956 	0.01905757773 	-0.004372366567 	-8.258063076e-08 	0.01621121446 	2.266287928e-07 	3.090308044e-05
0.460514127 	0.01848797896 	-0.003804568457 	-6.539091731e-08 	0.01600960122 	1.884283612e-07 	3.051874956e-05
0.4673796373 	0.01800362823 	-0.003244941088 	-4.963071978e-08 	0.01584571884 	1.565762059e-07 	3.02063442e-05
0.4743220061 	0.01760655062 	-0.002694287205 	-3.574510316e-08 	0.01571621938 	1.291405687e-07 	2.995948224e-05
0.4813419013 	0.01729983709 	-0.002151622262 	-2.466239037e-08 	0.01562247431 	1.04333559e-07 	2.978077808e-05
0.4884419439 	0.01708525647 	-0.001615580396 	-1.567010875e-08 	0.01556634784 	8.347802341e-08 	2.967378542e-05
0.4956212291 	0.01696163083 	-0.001087440897 	-8.436435919e-09 	0.01554605317 	6.714680728e-08 	2.963509814e-05
0.5028008937 	0.01692458445 	-0.0005714253589 	-3.177520821e-09 	0.01555790032 	5.452737757e-08 	2.96576821e-05
0.5099024955 	0.01696597516 	-7.115669135e-05 	3.960044503e-10 	0.01559738255 	4.486045258e-08 	2.973294621e-05
0.5169257377 	0.01707595537 	0.0004131357539 	2.607570322e-09 	0.01565993892 	3.736980309e-08 	2.985219604e-05
0.5238719808 	0.01724506692 	0.0008824828373 	3.760540553e-09 	0.01574177851 	3.142883145e-08 	3.000820504e-05
0.5307422839 	0.01746466602 	0.001337625255 	4.132774373e-09 	0.01583973907 	2.657258181e-08 	3.01949451e-05
0.5375367778 	0.01772693481 	0.001779112645 	3.964246133e-09 	0.01595114468 	2.243683716e-08 	3.040731515e-05
0.5442567658 	0.01802489111 	0.002207524016 	3.453214481e-09 	0.01607384197 	1.874962475e-08 	3.064121028e-05
0.5509030776 	0.01835230683 	0.00262334541 	2.76334373e-09 	0.01620607334 	1.53338608e-08 	3.089328003e-05
0.5574760505 	0.01870363496 	0.00302696409 	2.018911194e-09 	0.01634640391 	1.205271947e-08 	3.116078909e-05
0.5639768449 	0.01907399047 	0.003418755787 	1.310788136e-09 	0.01649366764 	8.812541475e-09 	3.14415147e-05
0.5704062841 	0.01945905945 	0.003799029133 	7.037739921e-10 	0.01664691687 	5.571585089e-09 	3.173365032e-05
0.5767647764 	0.01985503883 	0.004168029281 	2.346547391e-10 	0.0168053816 	2.295445116e-09 	3.203572814e-05
0.5811455924 	0.02013619808 	0.004417414191 	4.095097971e-06 	0.01691897332 	-2.633220272e-07 	3.225226553e-05
0.5830533074 	0.02025863511 	0.004526014043 	9.440539886e-11 	0.01696843815 	1.042686132e-09 	3.234655925e-05
0.5892728019 	0.02066698838 	0.004873210419 	2.931908124e-10 	0.01713558321 	4.444151811e-09 	3.266518419e-05
0.5954236652 	0.02107761427 	0.005209804434 	3.434517772e-10 	0.01730640989 	7.889298154e-09 	3.299082731e-05
0.6015067106 	0.02148841635 	0.005536004936 	2.709534367e-10 	0.01748059151 	1.137256013e-08 	3.332286591e-05
0.6075229967 	0.02189763419 	0.005852020037 	1.080066137e-10 	0.01765786943 	1.486851577e-08 	3.366080688e-05
0.6134728931 	0.0223037817 	0.006158029191 	-1.075114864e-10 	0.01783803449 	1.835579212e-08 	3.400425155e-05
0.6193571321 	0.02270565999 	0.006454230446 	-3.350031145e-10 	0.01802092325 	2.182432475e-08 	3.435288837e-05
0.6251766857 	0.02310233582 	0.006740845427 	-5.329101356e-10 	0.01820640893 	2.525690469e-08 	3.470647564e-05
0.630932088 	0.02349308267 	0.007018082353 	-6.593073547e-10 	0.01839439108 	2.862644568e-08 	3.506482186e-05
0.6366239785 	0.02387737633 	0.007286155242 	-6.737297632e-10 	0.01858479446 	3.19254206e-08 	3.542778361e-05
0.6422531291 	0.02425489892 	0.007545313486 	-5.377993085e-10 	0.01877756129 	3.514839575e-08 	3.579525078e-05
0.6478203216 	0.02462549481 	0.0077958118 	-2.1519722e-10 	0.01897264983 	3.827452912e-08 	3.616714375e-05
0.6533260787 	0.02498914604 	0.008037905221 	3.271406962e-10 	0.01917002901 	4.12973572e-08 	3.654340332e-05
0.6587710783 	0.02534597886 	0.008271875993 	1.118659678e-09 	0.01936967771 	4.422034077e-08 	3.692398924e-05
0.6641561061 	0.02569624617 	0.008498031976 	2.184811374e-09 	0.01957158206 	4.704547983e-08 	3.730887506e-05
0.6694817605 	0.02604029195 	0.008716684422 	3.545707907e-09 	0.01977573345 	4.976658513e-08 	3.769804433e-05
0.6747486444 	0.02637853904 	0.008928155659 	5.212905887e-09 	0.01998214264 	5.239260698e-08 	3.809151762e-05
0.6799574061 	0.02671152655 	0.009132905617 	7.146975754e-09 	0.02019092051 	5.491949621e-08 	3.848950628e-05
0.6851087964 	0.02703998048 	0.009331463209 	9.404434451e-09 	0.02040164994 	5.767337099e-08 	3.889121513e-05
0.6902033484 	0.02736531423 	0.009525415944 	1.125489888e-08 	0.02061319382 	6.03813809e-08 	3.929447656e-05
0.6952416799 	0.0276939904 	0.009727841059 	8.27296165e-09 	0.02082469353 	6.396989696e-08 	3.969765379e-05
0.7002244109 	0.02801901007 	0.009937044764 	1.706265426e-08 	0.02104392541 	6.249523807e-08 	4.01155707e-05
0.7051522365 	0.02830837231 	0.01010289764 	2.986402893e-08 	0.02129452552 	5.859826304e-08 	4.059328415e-05
0.7100256822 	0.02857666372 	0.01023189496 	3.002489726e-08 	0.02157616485 	5.926147198e-08 	4.113016698e-05
0.714845347 	0.02886197934 	0.01036608058 	3.073120481e-08 	0.02186943726 	6.145267062e-08 	4.168922571e-05
0.7196118242 	0.0291686633 	0.01050307722 	3.206549195e-08 	0.02216762686 	6.51170308e-08 	4.225765796e-05
0.7243257496 	0.02949554841 	0.01064144045 	3.372548819e-08 	0.02246690516 	6.947993631e-08 	4.282816558e-05
0.7289876612 	0.02983884933 	0.01078069065 	3.568057994e-08 	0.02276611446 	7.436521562e-08 	4.339854167e-05
0.733598126 	0.03019399176 	0.01092030711 	3.781797417e-08 	0.02306443772 	7.948402101e-08 	4.396722873e-05
0.7381577117 	0.0305567589 	0.0110599491 	4.002657479e-08 	0.02336160189 	8.45940798e-08 	4.453370623e-05
0.7426670004 	0.03092382269 	0.01119944063 	4.221860074e-08 	0.02365769227 	8.953100574e-08 	4.509813679e-05
0.7471265425 	0.03129286204 	0.01133872742 	4.433241494e-08 	0.02395298053 	9.41992837e-08 	4.566103828e-05
0.7515368708 	0.03166245143 	0.01147782964 	4.633842037e-08 	0.02424779384 	9.85736594e-08 	4.622303438e-05
0.7558985284 	0.03203185179 	0.01161680222 	4.822716216e-08 	0.02454243222 	1.026664545e-07 	4.678469703e-05
0.7602120532 	0.03240078664 	0.01175570696 	4.999992501e-08 	0.02483712726 	1.065040489e-07 	4.734646769e-05
0.7644779982 	0.03276924801 	0.01189459626 	5.165773992e-08 	0.0251320309 	1.101031025e-07 	4.790863598e-05
0.7686968657 	0.03313734986 	0.01203350593 	5.320156378e-08 	0.02542722259 	1.134724896e-07 	4.847135338e-05
0.7728691753 	0.03350523236 	0.01217245422 	5.463348223e-08 	0.02572272534 	1.166181892e-07 	4.903466377e-05
0.7769954407 	0.03387300621 	0.01231144332 	5.595249513e-08 	0.02601852147 	1.195365841e-07 	4.959853339e-05
0.781076174 	0.03424072567 	0.01245046117 	5.715433278e-08 	0.0263145639 	1.22215855e-07 	5.016287255e-05
0.7851118841 	0.03460838033 	0.01258948296 	5.822741294e-08 	0.02661078305 	1.246285002e-07 	5.072754858e-05
0.7891030575 	0.03497589666 	0.01272847217 	5.91609037e-08 	0.02690708997 	1.267491886e-07 	5.129239192e-05
0.7930501855 	0.03534314435 	0.01286738099 	5.994413267e-08 	0.027203377 	1.285537254e-07 	5.185719734e-05
0.7969537543 	0.03570994285 	0.01300615023 	6.056504871e-08 	0.02749951642 	1.30015732e-07 	5.242172139e-05
0.8008142465 	0.0360760658 	0.01314470842 	6.101028555e-08 	0.0277953574 	1.311066132e-07 	5.298567653e-05
0.804632142 	0.03644124344 	0.01328297062 	6.126161898e-08 	0.02809072225 	1.317877347e-07 	5.354872402e-05
0.8084079044 	0.03680516253 	0.01342083712 	6.130235497e-08 	0.0283854028 	1.32023956e-07 	5.411046705e-05
0.8121419985 	0.03716746524 	0.01355819212 	6.111684041e-08 	0.02867915722 	1.317824531e-07 	5.467044462e-05
0.8158348843 	0.03752774677 	0.0136949025 	6.068887753e-08 	0.02897170693 	1.310292262e-07 	5.522812568e-05
0.8194870164 	0.03788555215 	0.01383081643 	6.000185774e-08 	0.02926273369 	1.297293396e-07 	5.578290357e-05
0.823098849 	0.03824037281 	0.01396576213 	5.90370635e-08 	0.02955187673 	1.278432219e-07 	5.633409058e-05
0.8266708229 	0.03859164311 	0.01409954658 	5.777521756e-08 	0.02983873023 	1.253299842e-07 	5.688091306e-05
0.8302033774 	0.03893873753 	0.01423195472 	5.620000305e-08 	0.03012284144 	1.221550252e-07 	5.7422508e-05
0.8336969477 	0.0392809686 	0.01436274853 	5.429566021e-08 	0.03040370898 	1.182847892e-07 	5.79579196e-05
0.8371519639 	0.03961758558 	0.01449166643 	5.204721746e-08 	0.03068078143 	1.136871857e-07 	5.848609669e-05
0.8405688521 	0.03994777439 	0.01461842285 	4.944071726e-08 	0.03095345625 	1.083319668e-07 	5.900589069e-05
0.8439480343 	0.04027065877 	0.01474270802 	4.646191511e-08 	0.03122107919 	1.021877582e-07 	5.951605438e-05
0.8472899247 	0.04058530268 	0.01486418825 	4.310009217e-08 	0.03148294452 	9.523035137e-08 	6.001524248e-05
0.8505949349 	0.04089071393 	0.01498250672 	3.934798924e-08 	0.03173829645 	8.744267248e-08 	6.050201424e-05
0.853863472 	0.04118584826 	0.01509728466 	3.52015237e-08 	0.03198633163 	7.881440328e-08 	6.097483823e-05
0.8570959383 	0.04146961346 	0.01520812333 	3.066030767e-08 	0.0322262033 	6.934347307e-08 	6.14321003e-05
0.8602927321 	0.04174087283 	0.0153146064 	2.5728013e-08 	0.03245702691 	5.903722314e-08 	6.187211425e-05
0.863454248 	0.04199844809 	0.01541630282 	2.041199904e-08 	0.03267788706 	4.7911724e-08 	6.229313509e-05
0.8665808742 	0.04224112234 	0.01551277018 	1.472470911e-08 	0.03288784558 	3.5994846e-08 	6.269337438e-05
0.8696729957 	0.04246764482 	0.01560355815 	8.683087532e-09 	0.03308594985 	2.332453357e-08 	6.307101617e-05
0.8727309934 	0.04267674004 	0.01568821209 	2.307945074e-09 	0.03327124063 	9.946510754e-09 	6.342423191e-05
0.8757552438 	0.04286712404 	0.01576627653 	-4.376236108e-09 	0.03344275869 	-4.087363672e-09 	6.3751193e-05
0.8787461193 	0.04303752987 	0.01583729855 	-1.134167643e-08 	0.03359954928 	-1.872142797e-08 	6.405007944e-05
0.8817039887 	0.04318674211 	0.01590083067 	-1.855802116e-08 	0.03374066371 	-3.389953982e-08 	6.431908277e-05
0.8846292159 	0.04331363623 	0.01595643292 	-2.599347251e-08 	0.03386515757 	-4.956895306e-08 	6.455640266e-05
0.887522161 	0.04341721389 	0.01600367369 	-3.361729343e-08 	0.03397208579 	-6.568524446e-08 	6.476023756e-05
0.8903831803 	0.04349661986 	0.01604212909 	-4.140054861e-08 	0.03406049666 	-8.221009302e-08 	6.492877325e-05
0.8932126262 	0.04355112426 	0.01607138166 	-4.931435963e-08 	0.0341294296 	-9.909835308e-08 	6.506017861e-05
0.8960108469 	0.04358005676 	0.01609102017 	-5.732529981e-08 	0.034177925 	-1.162749895e-07 	6.515262431e-05
0.8987781872 	0.04358269189 	0.01610064393 	-6.538967421e-08 	0.03420505547 	-1.336116984e-07 	6.520434252e-05
0.901514988 	0.04355810713 	0.01609987731 	-7.345096026e-08 	0.03420999047 	-1.509218595e-07 	6.521375002e-05
0.9042215861 	0.0435050633 	0.01608839492 	-8.143213716e-08 	0.0341920889 	-1.679619221e-07 	6.517962465e-05
0.9068983149 	0.04342198506 	0.01606597677 	-8.922400139e-08 	0.03415105112 	-1.844299243e-07 	6.510139523e-05
0.909545504 	0.04330711065 	0.01603258685 	-9.665583844e-08 	0.03408710773 	-1.999063218e-07 	6.497950135e-05
0.9121634793 	0.04315890595 	0.01598846347 	-1.034378081e-07 	0.03400119443 	-2.137052985e-07 	6.481572673e-05
0.9147525634 	0.04297672595 	0.01593420719 	-1.091520857e-07 	0.03389507001 	-2.248183331e-07 	6.461342409e-05
0.9173130749 	0.04276158259 	0.01587076309 	-1.134078725e-07 	0.03377114153 	-2.322762549e-07 	6.437718195e-05
0.9198453292 	0.04251684067 	0.01579901133 	-1.15889308e-07 	0.03363132373 	-2.355206838e-07 	6.411065037e-05
0.9223496383 	0.04224872724 	0.01572001924 	-1.180098962e-07 	0.03347719109 	-2.385610476e-07 	6.381683072e-05
0.9248263104 	0.04196429359 	0.01563052747 	-1.430312215e-07 	0.03330755421 	-2.412789117e-07 	6.349345568e-05
0.9272756506 	0.04164327728 	0.01548065772 	-1.827075018e-07 	0.03313078294 	-2.444178912e-07 	6.31564805e-05
0.9296979604 	0.04129665954 	0.01529473948 	-1.856320683e-07 	0.03293945279 	-2.545916271e-07 	6.279175206e-05
0.9320935383 	0.0409771378 	0.01513936321 	-1.704307416e-07 	0.0327421389 	-2.629441012e-07 	6.241561694e-05
0.9336540211 	0.04071001521 	0.0150125818 	-1.682284621e-07 	0.03257120598 	-2.651563896e-07 	6.208977129e-05
0.9351857158 	0.04046861873 	0.01489951468 	-1.680076012e-07 	0.03241295278 	-2.668933185e-07 	6.178809671e-05
0.9366891533 	0.04022287222 	0.01478529191 	-1.677636966e-07 	0.0322499816 	-2.681120076e-07 	6.147742835e-05
0.938164855 	0.03997307966 	0.01467000513 	-1.674193507e-07 	0.03208235127 	-2.692188044e-07 	6.115787836e-05
0.9396133326 	0.03971955618 	0.01455381715 	-1.668569055e-07 	0.03191024699 	-2.701523927e-07 	6.082979975e-05
0.9410350883 	0.03946260512 	0.01443688263 	-1.660433589e-07 	0.0317338674 	-2.708636398e-07 	6.049357124e-05
0.942430615 	0.03920251901 	0.01431935261 	-1.649772334e-07 	0.03155341739 	-2.713331121e-07 	6.014958337e-05
0.9438003967 	0.03893957993 	0.01420137147 	-1.636676838e-07 	0.03136909315 	-2.715521527e-07 	5.979821013e-05
0.9451449083 	0.0386740596 	0.01408307941 	-1.621263387e-07 	0.03118108401 	-2.715167103e-07 	5.943981247e-05
0.9464646159 	0.03840621868 	0.01396461191 	-1.603656911e-07 	0.03098957344 	-2.712262073e-07 	5.907474009e-05
0.9477599773 	0.03813630614 	0.01384609896 	-1.583996053e-07 	0.0307947394 	-2.706827494e-07 	5.870333226e-05
0.9490314414 	0.03786455913 	0.01372766487 	-1.562428032e-07 	0.03059675458 	-2.698903121e-07 	5.832591816e-05
0.9502794492 	0.03759120296 	0.01360942819 	-1.539100919e-07 	0.03039578655 	-2.688540478e-07 	5.794281723e-05
0.9515044335 	0.03731645128 	0.0134915016 	-1.514158675e-07 	0.03019199791 	-2.675798085e-07 	5.755433945e-05
0.9527068189 	0.0370405062 	0.01337399188 	-1.487738328e-07 	0.02998554645 	-2.660737971e-07 	5.716078559e-05
0.9538870224 	0.03676355861 	0.01325699981 	-1.459968647e-07 	0.02977658525 	-2.643423117e-07 	5.676244747e-05
0.9550454531 	0.03648578837 	0.01314062019 	-1.430969801e-07 	0.02956526281 	-2.623915678e-07 	5.635960816e-05
0.9561825128 	0.03620736469 	0.01302494172 	-1.400853631e-07 	0.02935172314 	-2.602275803e-07 	5.595254219e-05
0.9572985957 	0.03592844634 	0.0129100471 	-1.369724258e-07 	0.02913610584 	-2.578560914e-07 	5.554151569e-05
0.9583940889 	0.03564918199 	0.01279601294 	-1.337678866e-07 	0.0289185462 	-2.552825332e-07 	5.512678655e-05
0.959469372 	0.03536971044 	0.01268290977 	-1.304808433e-07 	0.02869917521 	-2.525120041e-07 	5.470860448e-05
0.9605248181 	0.03509016092 	0.0125708021 	-1.271197423e-07 	0.0284781196 	-2.495490498e-07 	5.428721105e-05
0.961560793 	0.0348106533 	0.01245974846 	-1.236926544e-07 	0.02825550179 	-2.463980635e-07 	5.386283963e-05
0.9625776559 	0.03453129822 	0.01234980132 	-1.20207304e-07 	0.0280314399 	-2.43063263e-07 	5.343571538e-05
0.9635757595 	0.03425219723 	0.01224100714 	-1.166710674e-07 	0.02780604763 	-2.395486097e-07 	5.300605507e-05
0.9645554498 	0.03397344287 	0.01213340638 	-1.130910172e-07 	0.02757943418 	-2.358578381e-07 	5.257406686e-05
0.9655170665 	0.03369511869 	0.01202703348 	-1.094739566e-07 	0.02735170407 	-2.319944861e-07 	5.213994998e-05
0.966460943 	0.03341729913 	0.01192191681 	-1.05826447e-07 	0.02712295695 	-2.279619266e-07 	5.170389439e-05
0.9673874067 	0.03314004944 	0.01181807867 	-1.021548294e-07 	0.02689328733 	-2.237633984e-07 	5.126608026e-05
0.9682967787 	0.03286342545 	0.01171553519 	-9.846524073e-08 	0.0266627843 	-2.194020383e-07 	5.082667742e-05
0.9691893743 	0.03258747322 	0.01161429623 	-9.476362584e-08 	0.02643153114 	-2.148809126e-07 	5.038584462e-05
0.9700655031 	0.03231222864 	0.01151436528 	-9.105574717e-08 	0.02619960489 	-2.102030495e-07 	4.994372872e-05
0.9709254688 	0.03203771693 	0.0114157393 	-8.734719171e-08 	0.02596707584 	-2.053714724e-07 	4.950046374e-05
0.9717695697 	0.03176395194 	0.01131840849 	-8.36433763e-08 	0.02573400696 	-2.00389233e-07 	4.905616967e-05
0.9725980983 	0.03149093541 	0.01122235609 	-7.994955202e-08 	0.02550045316 	-1.952594468e-07 	4.861095121e-05
0.9734113421 	0.03121865598 	0.01112755801 	-7.62708079e-08 	0.02526646052 	-1.899853291e-07 	4.816489621e-05
0.9742095829 	0.03094708811 	0.01103398255 	-7.261207423e-08 	0.02503206536 	-1.845702328e-07 	4.771807389e-05
0.9749930975 	0.03067619073 	0.01094158989 	-6.897812573e-08 	0.02479729316 	-1.790176879e-07 	4.727053281e-05
0.9757621576 	0.03040590574 	0.01085033158 	-6.537358488e-08 	0.02456215731 	-1.733314426e-07 	4.682229852e-05
0.9765170299 	0.03013615614 	0.01076014997 	-6.180292547e-08 	0.02432665768 	-1.67515506e-07 	4.637337078e-05
0.9772579761 	0.02986684397 	0.0106709774 	-5.827047659e-08 	0.02409077896 	-1.615741933e-07 	4.592372038e-05
0.9779852532 	0.02959784784 	0.01058273535 	-5.478042702e-08 	0.0238544887 	-1.555121713e-07 	4.547328547e-05
0.9786991132 	0.02932902004 	0.01049533344 	-5.133683035e-08 	0.02361773506 	-1.493345063e-07 	4.502196723e-05
0.9793998037 	0.02906018315 	0.01040866815 	-4.79436091e-08 	0.02338044417 	-1.430467094e-07 	4.456962485e-05
0.9800875677 	0.02879112614 	0.01032262139 	-4.460455467e-08 	0.02314251705 	-1.366547597e-07 	4.411606963e-05
0.9807626437 	0.02852159967 	0.01023705882 	-4.132335519e-08 	0.02290382597 	-1.301652101e-07 	4.366105808e-05
0.9814252657 	0.02825131065 	0.01015182771 	-3.810359702e-08 	0.02266421018 	-1.23585214e-07 	4.32042838e-05
0.9820756634 	0.02797991574 	0.01006675458 	-3.494877463e-08 	0.02242347091 	-1.169225591e-07 	4.274536784e-05
0.9827140624 	0.02770701366 	0.009981642189 	-3.186230594e-08 	0.02218136534 	-1.101857059e-07 	4.228384733e-05
0.9833406841 	0.02743213598 	0.009896266043 	-2.884755107e-08 	0.02193759954 	-1.033838167e-07 	4.181916196e-05
0.9839557457 	0.02715473619 	0.009810370089 	-2.59078351e-08 	0.02169182001 	-9.652677314e-08 	4.135063787e-05
0.9845594604 	0.02687417639 	0.009723661476 	-2.304647483e-08 	0.02144360353 	-8.962517507e-08 	4.087746827e-05
0.9851520377 	0.02658971135 	0.009635804115 	-2.026680802e-08 	0.02119244503 	-8.269031371e-08 	4.039869035e-05
0.9857336829 	0.02630046904 	0.009546410908 	-1.757222307e-08 	0.02093774336 	-7.573410749e-08 	3.991315818e-05
0.9863045978 	0.02600542725 	0.009455034396 	-1.496618194e-08 	0.02067878363 	-6.8768974e-08 	3.941950897e-05
0.9868649803 	0.02570338642 	0.009361156886 	-1.245227159e-08 	0.02041471347 	-6.180762859e-08 	3.891611784e-05
0.9874150247 	0.02539292879 	0.009264147094 	-1.003398828e-08 	0.02014447437 	-5.486241202e-08 	3.840096701e-05
0.9879549217 	0.02507239112 	0.009163362323 	-7.715175551e-09 	0.01986697956 	-4.794596526e-08 	3.787198479e-05
0.9884848586 	0.02473993498 	0.009058202196 	-5.501899553e-09 	0.01958068713 	-4.106852426e-08 	3.732623183e-05
0.9890050191 	0.02442141449 	0.008953892477 	-3.54709456e-09 	0.01931043163 	-3.482097588e-08 	3.681104974e-05
0.9893397925 	0.02415190649 	0.008864470175 	-2.020176777e-09 	0.01908346544 	-2.977420324e-08 	3.63783891e-05
0.9896745659 	0.0239049528 	0.008784304583 	-7.305369685e-10 	0.01887434635 	-2.529904066e-08 	3.597975e-05
0.9900093393 	0.02364531009 	0.008699120282 	5.189969443e-10 	0.01865570346 	-2.081138785e-08 	3.556295588e-05
0.9903441127 	0.02337142159 	0.008608351247 	1.761030334e-09 	0.01842611946 	-1.631446496e-08 	3.512530496e-05
0.9906788861 	0.02308150184 	0.00851156912 	3.475402607e-09 	0.01818427398 	-1.188136994e-08 	3.466428026e-05
0.9910136596 	0.02277450088 	0.008410173162 	4.315727773e-09 	0.01792793337 	-7.271999823e-09 	3.417562381e-05
0.991348433 	0.02244232747 	0.0082938547 	2.255119317e-09 	0.01765708413 	-2.167118033e-09 	3.365930989e-05
0.9916832064 	0.02207939836 	0.008158859019 	1.251778635e-09 	0.01736881591 	2.256117489e-09 	3.310979053e-05
0.9920179798 	0.02168542252 	0.008012413403 	2.826617378e-09 	0.01705656661 	5.6523634e-09 	3.251455659e-05
0.9923527532 	0.02125456125 	0.007852453243 	4.26806188e-09 	0.01671558961 	8.77050815e-09 	3.186455966e-05
0.9926875266 	0.02077985665 	0.007676343843 	5.582501194e-09 	0.01634027895 	1.161545608e-08 	3.114911322e-05
0.9930223001 	0.02025301051 	0.007481057725 	6.795166845e-09 	0.01592418833 	1.423809026e-08 	3.035592885e-05
0.9933570735 	0.01966405248 	0.007262920515 	7.894020414e-09 	0.01545948541 	1.661164373e-08 	2.947007594e-05
0.9936918469 	0.01900098704 	0.00701751665 	8.874242758e-09 	0.01493673952 	1.872491402e-08 	2.847357697e-05
0.9940266203 	0.01824942593 	0.006739519689 	9.727118438e-09 	0.01434464392 	2.056072671e-08 	2.73448782e-05
0.9943613937 	0.01739226901 	0.006422537929 	1.043345484e-08 	0.01366976882 	2.209096615e-08 	2.605837869e-05
0.9946961672 	0.01640959372 	0.006059253133 	1.097549244e-08 	0.01289645955 	2.327421891e-08 	2.458423628e-05
0.9950309406 	0.01527902636 	0.00564140317 	1.133415658e-08 	0.01200697101 	2.405840715e-08 	2.288862392e-05
0.995365714 	0.0139771085 	0.005160361826 	1.145865905e-08 	0.01098300111 	2.433933284e-08 	2.093665268e-05
0.9957004874 	0.01248223694 	0.004608394245 	1.130588511e-08 	0.009808113186 	2.40269824e-08 	1.869698976e-05
0.9960352608 	0.01076480103 	0.003958068219 	1.19276134e-08 	0.008474979008 	2.288104684e-08 	1.615566549e-05
0.9963700342 	0.008806421016 	0.003184770307 	1.201076764e-08 	0.00698806124 	2.112437707e-08 	1.332118695e-05
0.9967048077 	0.006663546804 	0.002324614508 	1.026200379e-08 	0.005379444694 	1.858565856e-08 	1.025471673e-05
0.9970395811 	0.004506857025 	0.001469426125 	7.702358444e-09 	0.003750088538 	1.47184315e-08 	7.148711037e-06
0.9973743545 	0.002613729153 	0.0007506095021 	4.637960752e-09 	0.002276220982 	9.988129844e-09 	4.339109835e-06
0.9977091279 	0.001244682982 	0.0002838685645 	2.013770664e-09 	0.001143958154 	5.458068897e-09 	2.180702188e-06
0.9980439013 	0.0004607067051 	7.102974852e-05 	5.560209377e-10 	0.0004433807689 	2.226993089e-09 	8.452069768e-07
0.9983786747 	0.0001184382402 	9.872551157e-06 	8.185968268e-11 	0.0001169962791 	6.031521707e-10 	2.230274254e-07
0.9987134482 	1.622666522e-05 	5.176816687e-07 	4.432179315e-12 	1.617233208e-05 	8.47453467e-11 	3.082895981e-08
0.9990482216 	9.483651295e-07 	5.73449867e-09 	5.068286845e-14 	9.465126959e-07 	5.086926363e-12 	1.804316268e-09
0.9990482216 	9.483651295e-07 	5.73449867e-09 	5.068286845e-14 	9.465126959e-07 	5.086926363e-12 	1.804316268e-09
