1.469400000000000084e+01 4.341349999999999931e-01 0.000000000000000000e+00
1.469400000000000084e+01 4.341349999999999931e-01 0.000000000000000000e+00
1.469400000000000084e+01 4.341349999999999931e-01 0.000000000000000000e+00
1.469170000000000087e+01 3.962379999999999791e-01 0.000000000000000000e+00
1.469170000000000087e+01 3.962379999999999791e-01 0.000000000000000000e+00
1.469170000000000087e+01 3.962379999999999791e-01 0.000000000000000000e+00
1.468919999999999959e+01 3.608930000000000193e-01 0.000000000000000000e+00
1.469170000000000087e+01 3.962379999999999791e-01 0.000000000000000000e+00
1.468919999999999959e+01 3.608930000000000193e-01 0.000000000000000000e+00
1.468919999999999959e+01 3.608930000000000193e-01 0.000000000000000000e+00
1.468919999999999959e+01 3.608930000000000193e-01 0.000000000000000000e+00
