0.4709558481 	9.026617047e-08 	-2.113425114e-10 	3.555268831e-15 	9.009326695e-08 	-1.134259451e-12 	1.717428069e-10
0.4709558481 	9.026617047e-08 	-2.113425114e-10 	3.555268831e-15 	9.009326695e-08 	-1.134259451e-12 	1.717428069e-10
0.4711314108 	1.013561221e-06 	-9.272142898e-09 	1.559725632e-13 	1.011427087e-06 	-1.27327696e-11 	1.928061139e-09
0.4713069734 	5.652658574e-06 	-1.209523472e-07 	2.033556031e-12 	5.635469267e-06 	-7.091702261e-11 	1.074277072e-08
0.471482536 	1.884980727e-05 	-7.538135529e-07 	1.265236266e-11 	1.873926284e-05 	-2.3552794e-10 	3.572224328e-08
0.4716580986 	4.673778122e-05 	-3.052517257e-06 	5.103558615e-11 	4.615792864e-05 	-5.784444345e-10 	8.798984093e-08
0.4718336613 	9.632694162e-05 	-9.317564215e-06 	1.546246677e-10 	9.391890131e-05 	-1.170102189e-09 	1.790355293e-07
0.4720092239 	0.0001755183792 	-2.327938562e-05 	3.815158017e-10 	0.0001674516898 	-2.0650988e-09 	3.192094616e-07
0.4721847865 	0.0002931489607 	-4.999744846e-05 	8.04001793e-10 	0.0002706239401 	-3.285134377e-09 	5.158844458e-07
0.4723603491 	0.0004587395615 	-9.52042423e-05 	1.491149768e-09 	0.0004047548838 	-4.804818405e-09 	7.715753043e-07
0.4725359118 	0.0006816237215 	-0.0001641198303 	2.484562016e-09 	0.0005679855569 	-6.549215456e-09 	1.082738335e-06
0.4727114744 	0.0009693698444 	-0.0002600878055 	3.778562891e-09 	0.0007553920955 	-8.40841148e-09 	1.439987284e-06
0.472887037 	0.00132587647 	-0.0003835971477 	5.316513181e-09 	0.0009599343639 	-1.02644628e-08 	1.829901698e-06
0.4730625996 	0.001749903239 	-0.0005321264263 	7.005874381e-09 	0.001173902204 	-1.201796042e-08 	2.237783871e-06
0.4732381623 	0.002234729607 	-0.0007008246372 	8.743214852e-09 	0.001390288627 	-1.360295101e-08 	2.650276534e-06
0.4734137249 	0.002769104379 	-0.0008836486247 	1.043653648e-08 	0.001603650101 	-1.498800341e-08 	3.057002805e-06
0.4735892875 	0.003339062532 	-0.001074476847 	1.201750615e-08 	0.00181035001 	-1.61688179e-08 	3.451030281e-06
0.4737648501 	0.003929932421 	-0.001267890063 	1.34436519e-08 	0.002008350399 	-1.715898462e-08 	3.828474052e-06
0.4739404128 	0.004527985715 	-0.001459549692 	1.469454082e-08 	0.002196797931 	-1.798254924e-08 	4.187707426e-06
0.4741159754 	0.00512148363 	-0.001646260473 	1.576594963e-08 	0.002375594948 	-1.866901283e-08 	4.528544233e-06
0.474291538 	0.00570113304 	-0.001825848964 	1.666438361e-08 	0.002545054002 	-1.925001986e-08 	4.851580289e-06
0.4744671006 	0.006260100431 	-0.001996967579 	1.740280685e-08 	0.002705662679 	-1.975691611e-08 	5.157745066e-06
0.4746426632 	0.006793759166 	-0.002158892446 	1.799760819e-08 	0.002857945856 	-2.021859625e-08 	5.448039127e-06
0.4748182259 	0.007299323101 	-0.002311348676 	1.846665705e-08 	0.003002391558 	-2.065879057e-08 	5.723392781e-06
0.4749937885 	0.007775439333 	-0.002454327302 	1.88222327e-08 	0.003139347938 	-2.108682427e-08 	5.984469707e-06
0.4751693511 	0.00822178231 	-0.002588088661 	1.90957571e-08 	0.003269292977 	-2.154948073e-08 	6.232181067e-06
0.4753449137 	0.008639118924 	-0.002713201287 	1.930925628e-08 	0.00339266883 	-2.201723941e-08 	6.467369733e-06
0.4755204764 	0.009022451974 	-0.002829227367 	1.933754824e-08 	0.003514491768 	-2.307181757e-08 	6.699598112e-06
0.475696039 	0.009367573502 	-0.002935794549 	1.934740853e-08 	0.003639379517 	-2.400641476e-08 	6.937668872e-06
0.4758716016 	0.009683919772 	-0.003034707429 	1.947766321e-08 	0.003761877464 	-2.418719188e-08 	7.171184006e-06
0.4760471642 	0.00997997558 	-0.003127462291 	1.955618547e-08 	0.003876910269 	-2.429157958e-08 	7.390468505e-06
0.4762227269 	0.01029390484 	-0.003225857399 	1.959408078e-08 	0.003998982444 	-2.433435118e-08 	7.623171999e-06
0.4764955107 	0.01065355091 	-0.003338502182 	1.960810742e-08 	0.004138685762 	-2.435415046e-08 	7.88948535e-06
0.4767734216 	0.01101503888 	-0.003451625862 	1.958099945e-08 	0.00427892473 	-2.432274453e-08 	8.156819801e-06
0.4770565557 	0.01134538529 	-0.003554965515 	1.952078939e-08 	0.004407025418 	-2.424977602e-08 	8.401015317e-06
0.4773450114 	0.01164673969 	-0.00364924115 	1.943748115e-08 	0.004523915987 	-2.414784839e-08 	8.623841229e-06
0.4776388886 	0.01192121382 	-0.003735089027 	1.933838234e-08 	0.004630361678 	-2.402648002e-08 	8.8267563e-06
0.4779382892 	0.01217083987 	-0.003813132271 	1.923024308e-08 	0.004727139836 	-2.389338999e-08 	9.011242369e-06
0.4782433171 	0.01239754263 	-0.003883975915 	1.911835186e-08 	0.004815000885 	-2.37547247e-08 	9.178729948e-06
0.4785540779 	0.01260312318 	-0.003948193438 	1.900594271e-08 	0.004894646178 	-2.361523392e-08 	9.330556013e-06
0.4788706795 	0.01278925232 	-0.004006307562 	1.889592409e-08 	0.004966725346 	-2.347848963e-08 	9.467958939e-06
0.4791932316 	0.01295747091 	-0.004058800961 	1.879034999e-08 	0.005031837473 	-2.33470552e-08 	9.592080751e-06
0.4795218461 	0.01310919381 	-0.004106117207 	1.869055557e-08 	0.005090532772 	-2.322263336e-08 	9.703970304e-06
0.4798566368 	0.01324571638 	-0.004148662574 	1.85972655e-08 	0.005143315009 	-2.310619006e-08 	9.804587917e-06
0.48019772 	0.01336822222 	-0.004186808391 	1.851068285e-08 	0.005190644532 	-2.299805924e-08 	9.894811144e-06
0.4805452138 	0.0134777917 	-0.004220893657 	1.843056439e-08 	0.005232941563 	-2.289803351e-08 	9.97544104e-06
0.4808992388 	0.01357541055 	-0.004251227705 	1.835628671e-08 	0.00527058953 	-2.280544502e-08 	1.004720853e-05
0.4812599177 	0.01366197818 	-0.004278092825 	1.828690609e-08 	0.005303938323 	-2.271923949e-08 	1.01107806e-05
0.4816273755 	0.01373831575 	-0.00430174676 	1.822121449e-08 	0.005333307401 	-2.263804639e-08 	1.016676622e-05
0.4820017397 	0.01380517354 	-0.004322425055 	1.815779405e-08 	0.005358988698 	-2.256024825e-08 	1.021572191e-05
0.48238314 	0.01386323798 	-0.004340343238 	1.809507114e-08 	0.005381249337 	-2.248405053e-08 	1.025815688e-05
0.4827717088 	0.01391313801 	-0.00435569885 	1.803135839e-08 	0.005400334131 	-2.240752556e-08 	1.02945378e-05
0.4831675807 	0.01395545098 	-0.004368673295 	1.796487996e-08 	0.005416467866 	-2.232861651e-08 	1.032529318e-05
0.4835708931 	0.01399070806 	-0.00437943354 	1.789392409e-08 	0.005429857394 	-2.224538746e-08 	1.035081734e-05
0.4839817856 	0.01401939926 	-0.004388133914 	1.78181535e-08 	0.005440694028 	-2.215861883e-08 	1.037147498e-05
0.4844004009 	0.01404197796 	-0.004394918201 	1.773729134e-08 	0.005449156724 	-2.206900194e-08 	1.038760723e-05
0.4848268841 	0.01405886504 	-0.004399919135 	1.764283338e-08 	0.005455410152 	-2.19599691e-08 	1.0399528e-05
0.485261383 	0.01407045255 	-0.004403238916 	1.743086159e-08 	0.005459564161 	-2.161880595e-08 	1.04074467e-05
0.4857040484 	0.01407710599 	-0.0044049651 	1.744763172e-08 	0.005461704542 	-2.17519904e-08 	1.041152686e-05
0.4861550336 	0.01407915784 	-0.00440537209 	1.764178031e-08 	0.005462313119 	-2.22578228e-08 	1.041268698e-05
0.4866144951 	0.01407537374 	-0.004404352377 	1.596465406e-08 	0.005462764983 	-2.927013749e-08 	1.041354836e-05
0.4870825921 	0.0140605992 	-0.004400914366 	1.459718356e-08 	0.005466803814 	-3.522380617e-08 	1.042124749e-05
0.487559487 	0.01403776017 	-0.004395642243 	1.503907704e-08 	0.005472645714 	-3.492635094e-08 	1.043238377e-05
0.4880453452 	0.01401249986 	-0.004389611949 	1.486954046e-08 	0.00547655693 	-3.556498223e-08 	1.043983964e-05
0.4885403351 	0.01398381061 	-0.00438247689 	1.448354146e-08 	0.005479027949 	-3.585622605e-08 	1.044455009e-05
0.4890446283 	0.01395179757 	-0.004374188364 	1.424416605e-08 	0.005479949497 	-3.646977737e-08 	1.044630682e-05
0.4895583997 	0.01391655616 	-0.004364879749 	1.396626692e-08 	0.005479586198 	-3.699109319e-08 	1.044561427e-05
0.4900818274 	0.01387819946 	-0.004354571989 	1.368696259e-08 	0.005477944338 	-3.738166982e-08 	1.044248442e-05
0.4906150929 	0.01383689299 	-0.00434330378 	1.341153204e-08 	0.005475000772 	-3.764568115e-08 	1.043687317e-05
0.4911583811 	0.0137927934 	-0.004331112127 	1.314109901e-08 	0.005470730157 	-3.778898415e-08 	1.042873219e-05
0.4917118805 	0.01374604217 	-0.004318030329 	1.287788238e-08 	0.005465108473 	-3.78218909e-08 	1.04180157e-05
0.4922757829 	0.01369676457 	-0.004304088905 	1.262293459e-08 	0.005458116855 	-3.775253648e-08 	1.040468773e-05
0.4928502838 	0.01364507028 	-0.004289315278 	1.237702589e-08 	0.005449740931 	-3.758758393e-08 	1.038872089e-05
0.4934355824 	0.01359105494 	-0.004273733982 	1.214067377e-08 	0.005439970225 	-3.733263968e-08 	1.037009521e-05
0.4940318817 	0.01353480166 	-0.00425736688 	1.191416953e-08 	0.005428797599 	-3.699237953e-08 	1.034879708e-05
0.4946393885 	0.01347638241 	-0.004240233396 	1.169763552e-08 	0.00541621867 	-3.657061539e-08 	1.032481814e-05
0.4952583133 	0.01341585946 	-0.004222350748 	1.149106803e-08 	0.005402231218 	-3.607033927e-08 	1.029815417e-05
0.4958888709 	0.01335328675 	-0.004203734194 	1.129436634e-08 	0.005386834644 	-3.54938457e-08 	1.026880402e-05
0.4965312797 	0.01328871104 	-0.004184397244 	1.110733735e-08 	0.005370029555 	-3.484297031e-08 	1.023676886e-05
0.4971857627 	0.01322217269 	-0.004164351845 	1.092967623e-08 	0.005351817613 	-3.411942648e-08 	1.020205183e-05
0.4978525466 	0.0131537061 	-0.004143608489 	1.076093376e-08 	0.0053322017 	-3.33251754e-08 	1.016465845e-05
0.4985318627 	0.01308333961 	-0.004122176249 	1.06004874e-08 	0.005311186456 	-3.246274032e-08 	1.012459755e-05
0.4992239466 	0.01301109491 	-0.004100062745 	1.044753315e-08 	0.005288779137 	-3.153538561e-08 	1.008188297e-05
0.4999290382 	0.01293698627 	-0.00407727405 	1.030110781e-08 	0.005264990689 	-3.054712093e-08 	1.003653558e-05
0.5006473819 	0.01286101932 	-0.004053814556 	1.016014029e-08 	0.005239836969 	-2.950254689e-08 	9.988585601e-06
0.501379227 	0.01278319037 	-0.004029687118 	1.002352544e-08 	0.005213340152 	-2.840660918e-08 	9.938075302e-06
0.502124827 	0.01270348672 	-0.004004892865 	9.890194383e-09 	0.005185528002 	-2.726430081e-08 	9.885057614e-06
0.5028844406 	0.01262189013 	-0.003979431987 	9.75921928e-09 	0.005156431648 	-2.608036318e-08 	9.829591877e-06
0.5036583311 	0.01253841477 	-0.003953317994 	9.630090722e-09 	0.005126071729 	-2.48583959e-08 	9.771717434e-06
0.5044467669 	0.01245312719 	-0.003926514933 	9.50124025e-09 	0.005094302837 	-2.35967209e-08 	9.711157096e-06
0.5052500214 	0.01236614594 	-0.003899051417 	9.373808704e-09 	0.005061053175 	-2.229433057e-08 	9.647773999e-06
0.506068373 	0.01226720649 	-0.003867648301 	9.241064311e-09 	0.005021212185 	-2.077071048e-08 	9.571825998e-06
0.507324668 	0.01214208945 	-0.003828072573 	9.065647459e-09 	0.004971764592 	-1.892660002e-08 	9.477565142e-06
0.5085949819 	0.01200010064 	-0.003783452308 	8.843740586e-09 	0.004918515857 	-1.700033164e-08 	9.376058254e-06
0.5098794711 	0.01185436734 	-0.003737835863 	8.603908346e-09 	0.004864974035 	-1.514102723e-08 	9.27399266e-06
0.5111782938 	0.01170533667 	-0.003691326346 	8.349226886e-09 	0.00481089321 	-1.333897098e-08 	9.170899576e-06
0.5124916099 	0.01155328325 	-0.003643907062 	8.078109637e-09 	0.004755965143 	-1.157994599e-08 	9.066191415e-06
0.5138195812 	0.01139838204 	-0.003595624649 	7.789982693e-09 	0.004700120352 	-9.854167663e-09 	8.959735721e-06
0.5151623712 	0.01124074059 	-0.003546499521 	7.482817338e-09 	0.004643302614 	-8.152412498e-09 	8.851425321e-06
0.5165201452 	0.01108045281 	-0.003496548305 	7.153448524e-09 	0.004585454851 	-6.466804724e-09 	8.741151408e-06
0.5178930705 	0.01091760169 	-0.003445784888 	6.797648953e-09 	0.004526519179 	-4.791875913e-09 	8.628803637e-06
0.5192813161 	0.01075225895 	-0.003394220145 	6.410238598e-09 	0.004466437681 	-3.125131329e-09 	8.514271603e-06
0.520685053 	0.01058448393 	-0.003341862353 	5.98530757e-09 	0.00440515565 	-1.467259092e-09 	8.397451018e-06
0.522104454 	0.0104143226 	-0.00328871724 	5.516498735e-09 	0.00434262395 	1.780029166e-10 	8.27824822e-06
0.523539694 	0.01024180725 	-0.00323478816 	4.99733425e-09 	0.004278800979 	1.804243e-09 	8.156583896e-06
0.5249909497 	0.01006695673 	-0.003180076353 	4.421562071e-09 	0.004213654338 	3.40290539e-09 	8.032396293e-06
0.5264583998 	0.009889777089 	-0.003124581287 	3.783501153e-09 	0.004147162331 	4.9638987e-09 	7.905644047e-06
0.527942225 	0.009710262674 	-0.003068301075 	3.078367449e-09 	0.004079315323 	6.476222216e-09 	7.776308793e-06
0.5294426081 	0.009528397515 	-0.003011232948 	2.302565635e-09 	0.004010117015 	7.928565768e-09 	7.644397585e-06
0.5309597337 	0.009344157046 	-0.002953373789 	1.453934128e-09 	0.003939585605 	9.309856e-09 	7.509945114e-06
0.5324937889 	0.009157510103 	-0.002894720696 	5.319334866e-10 	0.003867754792 	1.060973817e-08 	7.373015621e-06
0.5340449624 	0.00896842121 	-0.002835271585 	-4.622295219e-10 	0.003794674511 	1.181899676e-08 	7.233704293e-06
0.5356134452 	0.00877685314 	-0.002775025786 	-1.525547675e-09 	0.003720411256 	1.292992794e-08 	7.092137889e-06
0.5371994306 	0.008582769786 	-0.002713984647 	-2.653232212e-09 	0.00364504783 	1.393668086e-08 	6.948474253e-06
0.5388031139 	0.008386139315 	-0.002652152094 	-3.838805698e-09 	0.003568682331 	1.483558013e-08 	6.802900387e-06
0.5404246925 	0.008186937612 	-0.002589535154 	-5.074266671e-09 	0.003491426251 	1.562542943e-08 	6.655628827e-06
0.5420643661 	0.007985151947 	-0.002526144403 	-6.350320266e-09 	0.003413401602 	1.63077765e-08 	6.50689216e-06
0.5437223366 	0.007780784764 	-0.002461994327 	-7.656665008e-09 	0.003334737117 	1.688709794e-08 	6.356935787e-06
0.5453988083 	0.007573857448 	-0.002397103592 	-8.982321496e-09 	0.003255563694 	1.737084517e-08 	6.206009238e-06
0.5470939875 	0.007364413862 	-0.002331495202 	-1.031598514e-08 	0.0031760094 	1.776928655e-08 	6.054356642e-06
0.5488080831 	0.007152523453 	-0.002265196577 	-1.164638277e-08 	0.003096194441 	1.809509189e-08 	5.902207147e-06
0.5505413061 	0.006938283691 	-0.002198239547 	-1.29626146e-08 	0.003016226606 	1.836263068e-08 	5.749766227e-06
0.5522938699 	0.006721821715 	-0.002130660317 	-1.425446841e-08 	0.002936197623 	1.858699057e-08 	5.597208744e-06
0.5540659904 	0.006503295076 	-0.002062499411 	-1.551270426e-08 	0.00285618083 	1.878275457e-08 	5.444674496e-06
0.5558578859 	0.00628289163 	-0.001993801661 	-1.67293193e-08 	0.00277623035 	1.89626036e-08 	5.29226666e-06
0.5576697768 	0.006060828704 	-0.001924616253 	-1.789780558e-08 	0.002696381827 	1.913584842e-08 	5.140053183e-06
0.5595018865 	0.005837351801 	-0.001854996883 	-1.90133857e-08 	0.002616654534 	1.930708972e-08 	4.988070804e-06
0.5613544406 	0.005612733125 	-0.001785002028 	-2.007313177e-08 	0.002537054577 	1.947540676e-08 	4.836331161e-06
0.563227667 	0.005387270205 	-0.001714695352 	-2.107573737e-08 	0.00245757885 	1.963477826e-08 	4.684828337e-06
0.5651217966 	0.005161284746 	-0.001644146187 	-2.20205854e-08 	0.002378219533 	1.977665329e-08 	4.533547422e-06
0.5670370626 	0.004935121543 	-0.001573429956 	-2.290582128e-08 	0.002298969163 	1.989525518e-08 	4.382474189e-06
0.5689737009 	0.004709146941 	-0.0015026283 	-2.37256545e-08 	0.002219826687 	1.99947316e-08 	4.231606635e-06
0.5709319499 	0.004483746256 	-0.001431828589 	-2.446818255e-08 	0.002140805093 	2.009462093e-08 	4.080969513e-06
0.5729120508 	0.00425932012 	-0.001361122699 	-2.511612065e-08 	0.002061940784 	2.02276214e-08 	3.930632221e-06
0.5749142474 	0.004036281255 	-0.001290605387 	-2.565229568e-08 	0.001983303581 	2.042447954e-08 	3.780727856e-06
0.5769387863 	0.003815055287 	-0.001220373826 	-2.606962287e-08 	0.001905005165 	2.068922302e-08 	3.631469313e-06
0.5789859169 	0.003596087293 	-0.001150528049 	-2.637600601e-08 	0.001827201801 	2.097204254e-08 	3.483154477e-06
0.5810558911 	0.003379848814 	-0.001081177666 	-2.659300766e-08 	0.001750112176 	2.117189597e-08 	3.336200226e-06
0.583148964 	0.003166955936 	-0.001012466942 	-2.672544364e-08 	0.001674110564 	2.103552201e-08 	3.191320031e-06
0.5852653933 	0.002958110906 	-0.000944529904 	-2.674970474e-08 	0.001599739037 	2.043503047e-08 	3.049547229e-06
0.5874054395 	0.002754270611 	-0.0008776059534 	-2.664407033e-08 	0.001527159147 	1.967057657e-08 	2.911189785e-06
0.5895693664 	0.002556482748 	-0.0008119942385 	-2.638283105e-08 	0.001456243226 	1.89953957e-08 	2.77600433e-06
0.5917574402 	0.002365368365 	-0.000747784911 	-2.59673664e-08 	0.001387275 	1.838712211e-08 	2.644531723e-06
0.5939699306 	0.002181655687 	-0.0006850914178 	-2.545058791e-08 	0.001320650434 	1.769850067e-08 	2.517526782e-06
0.5962071099 	0.002006370958 	-0.0006241459062 	-2.488376941e-08 	0.001256743087 	1.673651921e-08 	2.395701618e-06
0.5984692536 	0.001840564768 	-0.0005651526903 	-2.42754349e-08 	0.001196077695 	1.53827855e-08 	2.280056519e-06
0.6007566404 	0.001685386535 	-0.0005083324618 	-2.359302061e-08 	0.001139224322 	1.362025373e-08 	2.171678189e-06
0.6030695519 	0.001542049052 	-0.0004539210624 	-2.279545746e-08 	0.00108678237 	1.148921984e-08 	2.071709254e-06
0.6054082729 	0.001411753037 	-0.0004021503531 	-2.18611796e-08 	0.001039348516 	9.037544572e-09 	1.981287143e-06
0.6077730914 	0.001295584526 	-0.0003532284607 	-2.079715689e-08 	0.0009974917931 	6.307006483e-09 	1.901496596e-06
0.6101642987 	0.001194397647 	-0.0003073170995 	-1.963405015e-08 	0.0009617120678 	3.346495499e-09 	1.833290495e-06
0.6125821893 	0.001108697165 	-0.0002645105953 	-1.841728476e-08 	0.0009323867508 	2.283073668e-10 	1.777388291e-06
0.6150270608 	0.001038539292 	-0.0002248203546 	-1.719599692e-08 	0.0009097131904 	-2.942456994e-09 	1.734166183e-06
0.6174992144 	0.0009835168375 	-0.0001881791323 	-1.601445103e-08 	0.0008936964527 	-6.072560914e-09 	1.703633829e-06
0.6199989545 	0.0009427900009 	-0.0001544410704 	-1.491446306e-08 	0.000884156522 	-9.075684501e-09 	1.68544807e-06
0.622526589 	0.0009151132604 	-0.0001233869234 	-1.392785202e-08 	0.0008806929859 	-1.183649632e-08 	1.678845607e-06
0.625082429 	0.0008989466566 	-9.476064561e-05 	-1.306878352e-08 	0.0008827023162 	-1.426866308e-08 	1.682675949e-06
0.6276667894 	0.0008926229159 	-6.829444668e-05 	-1.234144423e-08 	0.0008894681688 	-1.633907559e-08 	1.695573545e-06
0.6302799884 	0.0008944871661 	-4.372229123e-05 	-1.174319623e-08 	0.0009002382848 	-1.80469148e-08 	1.716104379e-06
0.6329223478 	0.0009029972315 	-2.079482602e-05 	-1.126589994e-08 	0.0009142779918 	-1.941498846e-08 	1.742867963e-06
0.6355941931 	0.0009167844001 	7.127274824e-07 	-1.089845896e-08 	0.0009309086191 	-2.048081127e-08 	1.774570561e-06
0.6382958531 	0.0009346793578 	2.099680584e-05 	-1.062865192e-08 	0.0009495299987 	-2.128883807e-08 	1.810068086e-06
0.6410276607 	0.0009557120209 	4.022502335e-05 	-1.044440837e-08 	0.0009696295916 	-2.188448842e-08 	1.848383496e-06
0.6437899523 	0.0009790950509 	5.853788211e-05 	-1.033452492e-08 	0.0009907816068 	-2.231016261e-08 	1.888705116e-06
0.646583068 	0.001004199309 	7.605163991e-05 	-1.028895529e-08 	0.001012639785 	-2.260306392e-08 	1.930372879e-06
0.6494073518 	0.001030527124 	9.28615631e-05 	-1.029884969e-08 	0.001034926951 	-2.279441315e-08 	1.972858411e-06
0.6522631514 	0.001057686917 	0.0001090451125 	-1.035648879e-08 	0.001057423614 	-2.290956879e-08 	2.015743303e-06
0.6551508186 	0.001085370959 	0.0001246648552 	-1.045518213e-08 	0.001079957051 	-2.296862882e-08 	2.058698297e-06
0.658070709 	0.001113336835 	0.0001397710336 	-1.058915067e-08 	0.001102391593 	-2.298721793e-08 	2.101464771e-06
0.6610231822 	0.001141392534 	0.0001544037846 	-1.075339772e-08 	0.001124620389 	-2.297728955e-08 	2.143839033e-06
0.6640086017 	0.001169384759 	0.0001685950309 	-1.094357359e-08 	0.001146558643 	-2.294786187e-08 	2.185659444e-06
0.6670273351 	0.001197189956 	0.0001823700769 	-1.115584139e-08 	0.001168138218 	-2.290565989e-08 	2.226796111e-06
0.6700797543 	0.001224707551 	0.0001957489461 	-1.138675116e-08 	0.001189303415 	-2.285566207e-08 	2.267142858e-06
0.6731662352 	0.001251854965 	0.0002087474987 	-1.163312732e-08 	0.001210007766 	-2.280156036e-08 	2.306611106e-06
0.6762871577 	0.001278564013 	0.0002213783661 	-1.189197195e-08 	0.001230211671 	-2.274614427e-08 	2.345125364e-06
0.6794429063 	0.001304778371 	0.0002336517372 	-1.216038492e-08 	0.001249880707 	-2.269161741e-08 	2.382620014e-06
0.6826338695 	0.00133045184 	0.0002455760271 	-1.24355007e-08 	0.001268984481 	-2.263985177e-08 	2.419037116e-06
0.6858604404 	0.001355547174 	0.0002571584559 	-1.271444124e-08 	0.001287495871 	-2.259258223e-08 	2.454324972e-06
0.6891230163 	0.001380035297 	0.0002684055611 	-1.299428371e-08 	0.001305390545 	-2.255154261e-08 	2.488437193e-06
0.6924219988 	0.001403894736 	0.0002793236615 	-1.327204176e-08 	0.001322646629 	-2.251854539e-08 	2.521332086e-06
0.6957577944 	0.001427111188 	0.0002899192887 	-1.354465872e-08 	0.001339244464 	-2.249550883e-08 	2.552972172e-06
0.6991308138 	0.001449677104 	0.0003001995961 	-1.38090111e-08 	0.001355166356 	-2.248443788e-08 	2.583323724e-06
0.7025414724 	0.001471591287 	0.0003101727561 	-1.406192133e-08 	0.001370396327 	-2.248736689e-08 	2.612356281e-06
0.7059901901 	0.001492858459 	0.0003198483492 	-1.430017828e-08 	0.001384919819 	-2.250627316e-08 	2.640042093e-06
0.7094773917 	0.001513488835 	0.0003292377549 	-1.45205646e-08 	0.001398723403 	-2.254297069e-08 	2.66635556e-06
0.7130035066 	0.001533497716 	0.0003383545472 	-1.471988968e-08 	0.0014117945 	-2.259899331e-08 	2.691272704e-06
0.7165689691 	0.001552905169 	0.0003472149016 	-1.489502625e-08 	0.001424121151 	-2.267547662e-08 	2.714770727e-06
0.7201742182 	0.001571735844 	0.0003558380326 	-1.504294972e-08 	0.001435691926 	-2.277305105e-08 	2.736827841e-06
0.7238196978 	0.001590019052 	0.0003642466624 	-1.51607749e-08 	0.00144649579 	-2.289175e-08 	2.757423008e-06
0.727505857 	0.001607789053 	0.0003724674026 	-1.524578544e-08 	0.001456522143 	-2.303094039e-08 	2.776536024e-06
0.7312331497 	0.001625087268 	0.0003805335007 	-1.529553871e-08 	0.001465760276 	-2.318924382e-08 	2.794146473e-06
0.7350020349 	0.001641929209 	0.0003884618602 	-1.530814418e-08 	0.001474191541 	-2.336473645e-08 	2.810218807e-06
0.7387709215 	0.00165826646 	0.0003962244095 	-1.528242258e-08 	0.0014817893 	-2.355515283e-08 	2.824702248e-06
0.7424982157 	0.001674070646 	0.0004038032218 	-1.521813933e-08 	0.001488549321 	-2.375744267e-08 	2.837588726e-06
0.7461843763 	0.001689400449 	0.0004112364088 	-1.511614425e-08 	0.001494499341 	-2.396753707e-08 	2.848931119e-06
0.7498298574 	0.00170434891 	0.0004185821978 	-1.497788285e-08 	0.001499679262 	-2.418095749e-08 	2.858805487e-06
0.7534351078 	0.001719011552 	0.0004258970691 	-1.480499129e-08 	0.001504132817 	-2.439323967e-08 	2.867295202e-06
0.7570005716 	0.001733488979 	0.0004332377715 	-1.45993156e-08 	0.00150790732 	-2.459987725e-08 	2.874490454e-06
0.7605266877 	0.001747888123 	0.0004406612043 	-1.436286213e-08 	0.001511054001 	-2.47962867e-08 	2.880488902e-06
0.7640138905 	0.001762323638 	0.0004482244728 	-1.409776623e-08 	0.001513628414 	-2.497775698e-08 	2.885396449e-06
0.7674626093 	0.001776919277 	0.0004559849601 	-1.38062837e-08 	0.001515690974 	-2.513941879e-08 	2.889328262e-06
0.770873269 	0.001791809231 	0.0004640003946 	-1.349080519e-08 	0.00151730749 	-2.527621486e-08 	2.89240979e-06
0.7742462894 	0.001807139348 	0.0004723289032 	-1.315389618e-08 	0.001518549753 	-2.538288004e-08 	2.894777888e-06
0.777582086 	0.001823068177 	0.0004810290228 	-1.279836089e-08 	0.001519496169 	-2.54539378e-08 	2.89658202e-06
0.7808810695 	0.001839767748 	0.0004901596431 	-1.242732511e-08 	0.001520232422 	-2.548372215e-08 	2.897985524e-06
0.7841436462 	0.00185742402 	0.0004997798562 	-1.204432975e-08 	0.001520852133 	-2.546643504e-08 	2.899166864e-06
0.787370218 	0.001876236893 	0.0005099486934 	-1.165342315e-08 	0.00152145746 	-2.539624941e-08 	2.900320786e-06
0.7905611821 	0.001896419683 	0.0005207247366 	-1.125923811e-08 	0.001522159578 	-2.526746681e-08 	2.901659218e-06
0.7937169314 	0.001918197958 	0.0005321656031 	-1.086703786e-08 	0.001523078923 	-2.507473592e-08 	2.903411745e-06
0.7968378547 	0.00194180762 	0.0005443273067 	-1.048271532e-08 	0.001524345106 	-2.481333343e-08 	2.905825442e-06
0.7999243362 	0.001967492139 	0.0005572635038 	-1.011273223e-08 	0.001526096388 	-2.447950164e-08 	2.909163873e-06
0.8029767561 	0.001995498864 	0.0005710246332 	-9.763989243e-09 	0.001528478621 	-2.407082812e-08 	2.913705071e-06
0.8059954902 	0.002026074393 	0.0005856569613 	-9.443625286e-09 	0.001531643625 	-2.3586642e-08 	2.919738448e-06
0.8089809102 	0.002059459071 	0.0006012015611 	-9.158752163e-09 	0.001535747012 	-2.302839234e-08 	2.927560643e-06
0.8119333839 	0.002095880801 	0.0006176932839 	-8.916138994e-09 	0.001540945525 	-2.239996794e-08 	2.937470454e-06
0.8148532749 	0.002135548509 	0.0006351598214 	-8.721868229e-09 	0.001547394004 	-2.170791682e-08 	2.949763047e-06
0.8177409426 	0.002178645737 	0.0006536209791 	-8.580989901e-09 	0.001555242092 	-2.096152871e-08 	2.964723685e-06
0.8205967427 	0.002225324876 	0.0006730882654 	-8.497200538e-09 	0.001564630825 	-2.017275613e-08 	2.982621219e-06
0.8234210268 	0.002275702546 	0.0006935648502 	-8.47256735e-09 	0.001575689237 	-1.935596989e-08 	3.003701626e-06
0.8262141429 	0.002329856488 	0.0007150458866 	-8.507310531e-09 	0.001588531166 	-1.852756841e-08 	3.028181911e-06
0.8289764348 	0.002387824209 	0.0007375191443 	-8.599653586e-09 	0.001603252386 	-1.77054771e-08 	3.056244649e-06
0.8317082427 	0.002449603444 	0.0007609658876 	-8.745757029e-09 	0.00161992823 	-1.690856987e-08 	3.088033441e-06
0.8344099031 	0.002515154387 	0.0007853619147 	-8.939754903e-09 	0.00163861178 	-1.615602182e-08 	3.123649481e-06
0.8370817486 	0.002584403476 	0.000810678673 	-9.173889745e-09 	0.00165933275 	-1.546659451e-08 	3.163149409e-06
0.8397241082 	0.002657248483 	0.0008368843924 	-9.438686373e-09 	0.001682097107 	-1.485789402e-08 	3.2065446e-06
0.8423373074 	0.002733564651 	0.0008639452455 	-9.723077749e-09 	0.001706887449 	-1.434569358e-08 	3.253801882e-06
0.844921668 	0.002813211658 	0.0008918265992 	-1.001445564e-08 	0.001733664058 	-1.394340262e-08 	3.304845542e-06
0.8474775082 	0.002896041159 	0.0009204944079 	-1.02987221e-08 	0.001762366499 	-1.366168746e-08 	3.359560371e-06
0.8500051427 	0.002981904509 	0.0009499167094 	-1.056046634e-08 	0.001792915632 	-1.350818099e-08 	3.417795509e-06
0.8525048829 	0.003070660132 	0.0009800650894 	-1.078334779e-08 	0.001825215988 	-1.348721901e-08 	3.479368966e-06
0.8549770366 	0.003162179997 	0.001010915944 	-1.095067914e-08 	0.001859158442 	-1.359959524e-08 	3.544072717e-06
0.8574219081 	0.003256354721 	0.001042451398 	-1.104613588e-08 	0.001894623135 	-1.384238299e-08 	3.611678278e-06
0.8598397987 	0.003353097062 	0.001074659793 	-1.105449844e-08 	0.001931482555 	-1.420889009e-08 	3.681942577e-06
0.862231006 	0.003452343692 	0.001107535737 	-1.096234686e-08 	0.001969604649 	-1.468879645e-08 	3.754613884e-06
0.8645958245 	0.003554055344 	0.001141079736 	-1.075865516e-08 	0.002008855835 	-1.526848866e-08 	3.829437554e-06
0.8669345455 	0.003658215509 	0.001175297468 	-1.04352555e-08 	0.002049103783 	-1.593157307e-08 	3.90616133e-06
0.8692474569 	0.003764827921 	0.001210198762 	-9.987159242e-09 	0.002090219874 	-1.665952699e-08 	3.984540026e-06
0.8715348435 	0.003873913082 	0.001245796369 	-9.412731623e-09 	0.002132081255 	-1.743243648e-08 	4.064339454e-06
0.8737969871 	0.00398550411 	0.001282104592 	-8.713724227e-09 	0.002174572473 	-1.822976716e-08 	4.145339524e-06
0.8760341663 	0.004099642138 	0.001319137846 	-7.895174778e-09 	0.002217586655 	-1.903111651e-08 	4.22733651e-06
0.8782466565 	0.004216371512 	0.00135690923 	-6.965189097e-09 	0.002261026286 	-1.98169027e-08 	4.310144522e-06
0.8804347301 	0.004335734994 	0.001395429169 	-5.934624008e-09 	0.002304803603 	-2.056895312e-08 	4.393596255e-06
0.8825986568 	0.004457769137 	0.00143470417 	-4.816692848e-09 	0.002348840667 	-2.127096623e-08 	4.477543138e-06
0.8847387028 	0.004582499986 	0.00147473576 	-3.626516656e-09 	0.002393069187 	-2.190883102e-08 	4.56185499e-06
0.8868551318 	0.004709939238 	0.001515519614 	-2.38064397e-09 	0.002437430157 	-2.24707999e-08 	4.646419328e-06
0.8889482045 	0.004840080919 	0.001557044908 	-1.096560838e-09 	0.002481873376 	-2.294752073e-08 	4.731140456e-06
0.8910181784 	0.004972898677 	0.001599293906 	2.077896812e-10 	0.002526356918 	-2.33319429e-08 	4.81593845e-06
0.8930653087 	0.005108343686 	0.00164224177 	1.514462114e-09 	0.002570846596 	-2.361911939e-08 	4.900748142e-06
0.8950898473 	0.005246343193 	0.001685856587 	2.805924123e-09 	0.002615315477 	-2.380593135e-08 	4.985518189e-06
0.8970920436 	0.005386799686 	0.0017300996 	4.065423117e-09 	0.002659743455 	-2.389076495e-08 	5.070210263e-06
0.8990721441 	0.005529590637 	0.001774925598 	5.277297284e-09 	0.002704116903 	-2.387317084e-08 	5.154798388e-06
0.9010303927 	0.005674568795 	0.001820283461 	6.427227272e-09 	0.002748428402 	-2.375353594e-08 	5.23926842e-06
0.9029670306 	0.005821562946 	0.001866116804 	7.502427506e-09 	0.002792676505 	-2.353279476e-08 	5.323617602e-06
0.9048822962 	0.005970379113 	0.001912364706 	8.491778299e-09 	0.00283686552 	-2.321220442e-08 	5.407854148e-06
0.9067764254 	0.006120802118 	0.001958962479 	9.385901908e-09 	0.002881005238 	-2.279320255e-08 	5.491996718e-06
0.9086496514 	0.006272597478 	0.00200584246 	1.017718715e-08 	0.002925110548 	-2.227736171e-08 	5.576073697e-06
0.910502205 	0.0064255136 	0.002052934794 	1.08597684e-08 	0.002969200873 	-2.166644666e-08 	5.66012211e-06
0.9123343142 	0.006579284252 	0.002100168188 	1.142946554e-08 	0.003013299354 	-2.096257188e-08 	5.744186072e-06
0.9141462048 	0.006733631308 	0.002147470626 	1.188369207e-08 	0.003057431727 	-2.016844631e-08 	5.828314642e-06
0.9159380997 	0.006888267762 	0.002194770019 	1.222133877e-08 	0.003101624856 	-1.928768033e-08 	5.912559028e-06
0.9177102197 	0.007042900992 	0.002241994804 	1.244264029e-08 	0.003145904933 	-1.832511779e-08 	5.996969162e-06
0.9194627831 	0.007197236265 	0.002289074464 	1.254903181e-08 	0.003190295393 	-1.728714519e-08 	6.081589715e-06
0.9211960055 	0.007350980398 	0.00233594 	1.254300239e-08 	0.003234814652 	-1.618192377e-08 	6.166455797e-06
0.9229101006 	0.007503845523 	0.00238252433 	1.242795022e-08 	0.003279473835 	-1.501949077e-08 	6.251588613e-06
0.9246052793 	0.007655552783 	0.002428762652 	1.220804387e-08 	0.003324274696 	-1.381168591e-08 	6.336991506e-06
0.9262817504 	0.00780583582 	0.002474592752 	1.188809142e-08 	0.003369207963 	-1.257187912e-08 	6.4226468e-06
0.9279397204 	0.007954443871 	0.00251995528 	1.147341738e-08 	0.003414252325 	-1.131450344e-08 	6.508513874e-06
0.9295793934 	0.008101144268 	0.002564793995 	1.096974546e-08 	0.003459374241 	-1.005442874e-08 	6.594528787e-06
0.9312009714 	0.008245724229 	0.002609055971 	1.038308423e-08 	0.003504528638 	-8.806240375e-09 	6.680605618e-06
0.9328046541 	0.008387991818 	0.002652691765 	9.719612521e-09 	0.003549660496 	-7.583505918e-09 	6.766639482e-06
0.9343906389 	0.008527776081 	0.002695655544 	8.985562812e-09 	0.003594707176 	-6.398117205e-09 	6.852510974e-06
0.9359591211 	0.008664926407 	0.002737905149 	8.187102773e-09 	0.003639601261 	-5.25978344e-09 	6.938091579e-06
0.937510294 	0.008799311261 	0.002779402106 	7.330217852e-09 	0.003684273621 	-4.175726588e-09 	7.023249512e-06
0.9390443485 	0.008930816482 	0.002820111574 	6.420600061e-09 	0.003728656379 	-3.150599685e-09 	7.107855384e-06
0.9405614735 	0.009059343331 	0.002860002225 	5.463549936e-09 	0.003772685517 	-2.186619687e-09 	7.191787159e-06
0.942061856 	0.009184806519 	0.002899046084 	4.46389945e-09 	0.003816302891 	-1.283884754e-09 	7.274933997e-06
0.9435456805 	0.009307132359 	0.00293721831 	3.425963634e-09 	0.003859457532 	-4.408354222e-10 	7.357198737e-06
0.9450131299 	0.009426257182 	0.002974496958 	2.353527739e-09 	0.0039021062 	3.451815889e-10 	7.438498952e-06
0.946464385 	0.009542126082 	0.00301086272 	1.249875341e-09 	0.003944213221 	1.077281928e-09 	7.518766637e-06
0.9478996243 	0.00965469204 	0.003046298668 	1.178608029e-10 	0.003985749693 	1.758371869e-09 	7.597946697e-06
0.9493190246 	0.00976391542 	0.003080789999 	-1.039972687e-09 	0.00402669218 	2.390458459e-09 	7.675994456e-06
0.9507227608 	0.00986976384 	0.003114323818 	-2.221230959e-09 	0.004067020995 	2.973964511e-09 	7.752872387e-06
0.9521110058 	0.009972212391 	0.003146888951 	-3.423466974e-09 	0.004106718171 	3.507078643e-09 	7.828546237e-06
0.9534839303 	0.01007124419 	0.003178475798 	-4.643947083e-09 	0.004145765178 	3.985183488e-09 	7.902980685e-06
0.9548417036 	0.01016685128 	0.003209076273 	-5.879394068e-09 	0.004184140431 	4.400420403e-09 	7.976134584e-06
0.9561844929 	0.01025903538 	0.003238683387 	-7.125733248e-09 	0.004221816299 	4.741433238e-09 	8.047955258e-06
0.9575124634 	0.01034780732 	0.003267291361 	-8.377856832e-09 	0.004258758678 	4.993396461e-09 	8.118377701e-06
0.9588257788 	0.01043318346 	0.003294894629 	-9.629383096e-09 	0.004294927755 	5.138368401e-09 	8.187326015e-06
0.9601246008 	0.01051513655 	0.003321467286 	-1.087342581e-08 	0.004330290659 	5.155663444e-09 	8.254737537e-06
0.9614090893 	0.01059356458 	0.00334704248 	-1.210070175e-08 	0.004365024961 	5.030212466e-09 	8.320950771e-06
0.9626794024 	0.01066823083 	0.003371548601 	-1.330287314e-08 	0.004399243295 	4.749581991e-09 	8.386180427e-06
0.9639356968 	0.01073199997 	0.003392699871 	-1.438687142e-08 	0.004430889699 	4.375396259e-09 	8.446507268e-06
0.9647540487 	0.01078145348 	0.003409171441 	-1.523675766e-08 	0.004456060101 	3.960200861e-09 	8.49448905e-06
0.9655573034 	0.01082513424 	0.003423540429 	-1.593741799e-08 	0.004476385509 	3.468164657e-09 	8.533234927e-06
0.9663457395 	0.01086777142 	0.003437419039 	-1.659704053e-08 	0.004495289959 	2.884025691e-09 	8.569272063e-06
0.9671196303 	0.01090923729 	0.00345078123 	-1.721522896e-08 	0.004512877669 	2.214222481e-09 	8.602799127e-06
0.9678792442 	0.01094948531 	0.003463666931 	-1.779039552e-08 	0.004529295039 	1.464211916e-09 	8.634095197e-06
0.9686248445 	0.01098851779 	0.003476071404 	-1.832219234e-08 	0.004544534346 	6.368471045e-10 	8.663145551e-06
0.9693566897 	0.01102636686 	0.003488000861 	-1.881033869e-08 	0.004558573926 	-2.632165026e-10 	8.689908893e-06
0.9700750337 	0.01106305946 	0.003499460605 	-1.925508626e-08 	0.004571393922 	-1.229924979e-09 	8.714347368e-06
0.9707801255 	0.01109861387 	0.00351045383 	-1.965719411e-08 	0.00458297777 	-2.256219813e-09 	8.736429402e-06
0.9714722095 	0.01113303925 	0.00352098174 	-2.001789462e-08 	0.004593312775 	-3.334310963e-09 	8.756130794e-06
0.9721515258 	0.01116633593 	0.003531043343 	-2.033885308e-08 	0.00460238917 	-4.455886689e-09 	8.773432927e-06
0.9728183099 	0.01119849577 	0.003540635458 	-2.062212167e-08 	0.004610199562 	-5.612278266e-09 	8.788321705e-06
0.9734727929 	0.01122950223 	0.0035497527 	-2.087009281e-08 	0.004616738556 	-6.794601452e-09 	8.800786845e-06
0.9741152019 	0.01125933043 	0.003558387456 	-2.108545056e-08 	0.004622002464 	-7.993873286e-09 	8.810821316e-06
0.9747457596 	0.01128794705 	0.003566529845 	-2.127112002e-08 	0.004625989014 	-9.201102931e-09 	8.818420787e-06
0.9753646845 	0.01131531035 	0.003574167702 	-2.14302142e-08 	0.004628697015 	-1.040736052e-08 	8.823582991e-06
0.9759721914 	0.01134137017 	0.003581286548 	-2.156597784e-08 	0.004630125973 	-1.160383305e-08 	8.826306981e-06
0.9765684907 	0.01136606794 	0.003587869565 	-2.168172811e-08 	0.004630275676 	-1.278187764e-08 	8.826592357e-06
0.9771537895 	0.01138933649 	0.003593897548 	-2.178079352e-08 	0.004629145844 	-1.393307906e-08 	8.824438583e-06
0.9777282904 	0.01141109975 	0.003599348812 	-2.186645352e-08 	0.004626735904 	-1.504931123e-08 	8.819844568e-06
0.9782921928 	0.01143127203 	0.003604199055 	-2.194188163e-08 	0.004623044979 	-1.612279582e-08 	8.812808639e-06
0.9788456922 	0.01144975694 	0.003608421151 	-2.20100948e-08 	0.004618072114 	-1.714614626e-08 	8.803328975e-06
0.9793889805 	0.011466446 	0.0036119849 	-2.207390965e-08 	0.004611816727 	-1.811238592e-08 	8.79140447e-06
0.979922246 	0.01148121691 	0.003614856729 	-2.213591068e-08 	0.00460427926 	-1.901493638e-08 	8.777035963e-06
0.9804456737 	0.01149393155 	0.003616999366 	-2.219841929e-08 	0.004595461923 	-1.984753493e-08 	8.760227667e-06
0.9809594451 	0.01150443389 	0.00361837152 	-2.226348112e-08 	0.004585369503 	-2.060408912e-08 	8.74098871e-06
0.9814637383 	0.0115125487 	0.003618928015 	-2.233316895e-08 	0.004574010154 	-2.127835497e-08 	8.719334633e-06
0.9819587281 	0.01151808197 	0.003618618881 	-2.240876514e-08 	0.004561391964 	-2.186066574e-08 	8.695280857e-06
0.9824445862 	0.01152082625 	0.003617391011 	-2.24926767e-08 	0.004547519462 	-2.23381912e-08 	8.668836012e-06
0.9829214811 	0.01152061469 	0.003615205537 	-2.259811191e-08 	0.004532369256 	-2.268142265e-08 	8.639955509e-06
0.9833895781 	0.01151728184 	0.003611917268 	-2.265559196e-08 	0.004515683864 	-2.273382945e-08 	8.608148514e-06
0.9838490396 	0.01151061577 	0.003607544757 	-2.279917677e-08 	0.00449757838 	-2.279236817e-08 	8.573634429e-06
0.9843000247 	0.01150133789 	0.003602383352 	-2.316010529e-08 	0.004477714145 	-2.252005372e-08 	8.535767676e-06
0.98474269 	0.01148374847 	0.003595370633 	-2.281234091e-08 	0.004459816673 	-2.480720746e-08 	8.501650121e-06
0.9851771888 	0.01145449651 	0.00358584925 	-2.233879116e-08 	0.004445845259 	-2.763409668e-08 	8.475016723e-06
0.9856036719 	0.01141862076 	0.003574752562 	-2.256586101e-08 	0.004431993691 	-2.799895825e-08 	8.448611784e-06
0.9860222871 	0.01137778077 	0.003562233518 	-2.2704307e-08 	0.004416488598 	-2.81987093e-08 	8.419054767e-06
0.9864331796 	0.011331559 	0.003547983137 	-2.272842761e-08 	0.004398806247 	-2.818826052e-08 	8.385347291e-06
0.9868364919 	0.01127950711 	0.003531875653 	-2.276903618e-08 	0.004378802967 	-2.823154066e-08 	8.34721548e-06
0.9872323637 	0.0112211427 	0.003513785174 	-2.279117722e-08 	0.004356343466 	-2.825477761e-08 	8.304401429e-06
0.9876209323 	0.01115594724 	0.00349354915 	-2.279468617e-08 	0.004331226075 	-2.825518369e-08 	8.2565207e-06
0.9880023326 	0.01108336255 	0.003470991855 	-2.27824647e-08 	0.004303232049 	-2.823645737e-08 	8.203156308e-06
0.9883766967 	0.01100278682 	0.003445924765 	-2.275700363e-08 	0.004272127509 	-2.820189028e-08 	8.143862408e-06
0.9887441544 	0.01091357051 	0.00341814453 	-2.271982117e-08 	0.004237660388 	-2.815325566e-08 	8.078158496e-06
0.9891048331 	0.01081501204 	0.003387431382 	-2.267194936e-08 	0.004199558247 	-2.809175472e-08 	8.005525225e-06
0.9894588579 	0.01070635361 	0.003353547842 	-2.261401511e-08 	0.004157526684 	-2.801812951e-08 	7.925401384e-06
0.9898063516 	0.01058677707 	0.00331623748 	-2.254626072e-08 	0.004111247789 	-2.793266834e-08 	7.837180948e-06
0.9901474347 	0.01045540017 	0.003275223762 	-2.246855087e-08 	0.004060378703 	-2.783520498e-08 	7.740210333e-06
0.9904822253 	0.01031127343 	0.003230209122 	-2.238036168e-08 	0.004004550403 	-2.772510471e-08 	7.633786074e-06
0.9908108397 	0.01015337798 	0.003180874372 	-2.228074635e-08 	0.003943366884 	-2.760122721e-08 	7.517153283e-06
0.9911333916 	0.009980624981 	0.003126878691 	-2.216827802e-08 	0.003876404935 	-2.746187181e-08 	7.389505197e-06
0.9914499931 	0.009791857243 	0.003067857692 	-2.204159788e-08 	0.003803214689 	-2.730471495e-08 	7.249984246e-06
0.9917607538 	0.009585854195 	0.003003425523 	-2.189808449e-08 	0.003723321533 	-2.712670873e-08 	7.097685685e-06
0.9920657815 	0.00936134188 	0.00293318522 	-2.173408381e-08 	0.003636231567 	-2.692385487e-08 	6.931668006e-06
0.9923651819 	0.009117009402 	0.002856730009 	-2.15458915e-08 	0.003541438665 	-2.669118854e-08 	6.750966387e-06
0.992659059 	0.008851533202 	0.002773642495 	-2.132888583e-08 	0.003438424814 	-2.64230802e-08 	6.554593356e-06
0.9929475145 	0.008563612322 	0.002683460854 	-2.108060325e-08 	0.003326574537 	-2.611916564e-08 	6.341375642e-06
0.9932306485 	0.008252016455 	0.002585862647 	-2.078498741e-08 	0.003205540183 	-2.575189025e-08 	6.110650523e-06
0.9935085592 	0.007915639756 	0.002480666333 	-2.043500859e-08 	0.003075231414 	-2.531380249e-08 	5.862245792e-06
0.9937813429 	0.007580112316 	0.002376687302 	-2.012065751e-08 	0.002951581745 	-2.460742443e-08 	5.626535156e-06
0.9939569055 	0.007279608111 	0.002285304055 	-1.983827558e-08 	0.00285333139 	-2.391693998e-08 	5.439242672e-06
0.9941324681 	0.006991742163 	0.00219890487 	-1.951096496e-08 	0.002767227513 	-2.346382162e-08 	5.275104751e-06
0.9943080307 	0.006685711432 	0.002107189956 	-1.914583986e-08 	0.002677126573 	-2.29882809e-08 	5.103347316e-06
0.9944835934 	0.006360985652 	0.002009754352 	-1.873168598e-08 	0.002582535486 	-2.249698174e-08 	4.923030415e-06
0.994659156 	0.006017488634 	0.001906408966 	-1.825552998e-08 	0.002483102743 	-2.197485114e-08 	4.733483971e-06
0.9948347186 	0.005655449653 	0.00179708429 	-1.771013908e-08 	0.00237864775 	-2.142094366e-08 	4.534363723e-06
0.9950102812 	0.005275575979 	0.001681770238 	-1.708571813e-08 	0.002268918927 	-2.082968967e-08 	4.325190088e-06
0.9951858439 	0.00487920627 	0.001560597783 	-1.637242223e-08 	0.002153673975 	-2.019306192e-08 	4.105501179e-06
0.9953614065 	0.004468466661 	0.001433889766 	-1.556098498e-08 	0.002032694084 	-1.950074051e-08 	3.874879882e-06
0.9955369691 	0.004046441374 	0.001302225531 	-1.46436586e-08 	0.001905798546 	-1.87404089e-08 	3.632981719e-06
0.9957125317 	0.003617324296 	0.001166517835 	-1.361546113e-08 	0.00177287581 	-1.789846574e-08 	3.37959404e-06
0.9958880943 	0.003186511982 	0.001028096739 	-1.247577445e-08 	0.001633940794 	-1.696114248e-08 	3.114745284e-06
0.996063657 	0.002760585013 	0.000888787787 	-1.12303089e-08 	0.001489227266 	-1.591596981e-08 	2.838881078e-06
0.9962392196 	0.002347116123 	0.000750961201 	-9.893360962e-09 	0.001339320304 	-1.475359208e-08 	2.553116744e-06
0.9964147822 	0.001954251161 	0.0006175163045 	-8.490084296e-09 	0.001185323081 	-1.347003938e-08 	2.259555237e-06
0.9965903448 	0.001590045552 	0.0004917567474 	-7.058114555e-09 	0.001029032023 	-1.206962556e-08 	1.961621041e-06
0.9967659075 	0.001261611651 	0.0003771179749 	-5.647388211e-09 	0.0008730662068 	-1.05684568e-08 	1.664306846e-06
0.9969414701 	0.000974229815 	0.0002767419691 	-4.316683161e-09 	0.0007208708595 	-8.997895093e-09 	1.374180214e-06
0.9971170327 	0.0007306557578 	0.0001929600987 	-3.125896377e-09 	0.0005765128758 	-7.406291046e-09 	1.098993775e-06
0.9972925953 	0.0005308549582 	0.0001268222463 	-2.124863238e-09 	0.0004442336741 	-5.856604525e-09 	8.468328511e-07
0.997468158 	0.0003722716208 	7.784859597e-05 	-1.342107972e-09 	0.0003278239035 	-4.418361712e-09 	6.24923474e-07
0.9976437206 	0.0002505345757 	4.412917713e-05 	-7.783931577e-10 	0.0002299904436 	-3.155157304e-09 	4.38425708e-07
0.9978192832 	0.0001603339456 	2.275970023e-05 	-4.084157306e-10 	0.0001519227877 	-2.111993249e-09 	2.89607058e-07
0.9979948458 	9.617882219e-05 	1.045819121e-05 	-1.899288097e-10 	9.319173895e-05 	-1.307480034e-09 	1.776493557e-07
0.9981704085 	5.286857914e-05 	4.148623127e-06 	-7.591808921e-11 	5.19708655e-05 	-7.334020046e-10 	9.90709142e-08
0.9983459711 	2.567752064e-05 	1.351541693e-06 	-2.483949741e-11 	2.545411345e-05 	-3.603916792e-10 	4.852261484e-08
0.9985215337 	1.036031716e-05 	3.326792904e-07 	-6.126794007e-12 	1.031417283e-05 	-1.462722377e-10 	1.966168008e-08
0.9986970963 	3.106824976e-06 	5.328388319e-08 	-9.819976295e-13 	3.098642205e-06 	-4.397346255e-11 	5.906873266e-09
0.998872659 	5.569388362e-07 	4.080403719e-09 	-7.520085348e-14 	5.558066669e-07 	-7.889190664e-12 	1.059521986e-09
0.9990482216 	5.74277309e-08 	1.076392393e-10 	-1.983232642e-15 	5.73179934e-08 	-8.136074449e-13 	1.092640261e-10
0.9990482216 	5.74277309e-08 	1.076392393e-10 	-1.983232642e-15 	5.73179934e-08 	-8.136074449e-13 	1.092640261e-10
